frequency,power
0.0078710777924005,0.0017020003099660606
0.0157421555848011,0.0014842114981211722
0.0236132333772016,0.002747918191679589
0.0314843111696022,0.16257745785455474
0.0393553889620027,0.00988969565026365
0.0472264667544033,0.007253288848422064
0.0550975445468038,0.18215328784858756
0.0629686223392044,0.823323183922992
0.0708397001316049,0.025115965703989124
0.0787107779240055,0.20811328763472473
0.086581855716406,0.0787695753510196
0.0944529335088066,1.6442082314471729
0.1023240113012072,0.16928201354788983
0.1101950890936077,0.1755492048868892
0.1180661668860083,2.040644785924373
0.1259372446784088,27.081615585744103
0.1338083224708094,2.6105606105406167
0.14167940026321,0.28561658272586093
0.1495504780556105,3.949515179091486
0.1574215558480111,5.8566286010953394
0.1652926336404116,1.5738785432195694
0.1731637114328122,0.9013962235175169
0.1810347892252127,0.3657645894918781
0.1889058670176133,0.2911763169187843
0.1967769448100138,0.2656107241676819
0.2046480226024144,0.011300239582091719
0.2125191003948149,0.3136422996079981
0.2203901781872155,1.7316124983041838
0.228261255979616,4.432498223137154
0.2361323337720166,0.53632964761455
0.2440034115644171,1.317099537931981
0.2518744893568177,7.165344720742019
0.2597455671492182,1.0002826556782483
0.2676166449416188,0.17031859939575933
0.2754877227340194,1.6808763287174604
0.2833588005264199,0.2842522217343539
0.2912298783188204,0.4085089630587902
0.299100956111221,1.780202120579223
0.3069720339036216,0.36283459749821506
0.3148431116960221,5.351091841150391
0.3227141894884227,0.837772128496581
0.3305852672808232,0.6599321129509697
0.3384563450732238,1.8792494216230418
0.3463274228656243,0.021779275876924388
0.3541985006580249,0.2285942984122247
0.3620695784504255,0.801665358400217
0.369940656242826,0.4083334169490706
0.3778117340352265,1.2921454818809774
0.3856828118276271,0.03742574344509891
0.3935538896200277,0.19062174434585463
0.4014249674124282,1.2025824932922733
0.4092960452048287,3.038249929952686
0.4171671229972293,0.803845979361631
0.4250382007896299,0.04717996450144333
0.4329092785820304,1.4432612494381625
0.4407803563744309,0.7558953774576516
0.4486514341668315,1.4508931913813894
0.4565225119592321,0.1193802064013794
0.4643935897516326,4.085195987146632
0.4722646675440332,0.943370055665634
0.4801357453364338,1.9035233876425057
0.4880068231288343,1.587429212488443
0.4958779009212348,2.0762457337503193
0.5037489787136354,1.1323756697703413
0.511620056506036,0.15194208200089251
0.5194911342984366,1.8055676604602475
0.5273622120908371,0.647100489771011
0.5352332898832377,0.017817718093412614
0.5431043676756383,1.2283603448661222
0.5509754454680388,2.598490120078863
0.5588465232604394,0.1429574256776642
0.5667176010528399,0.03076199677381111
0.5745886788452405,0.5979156018814981
0.582459756637641,0.41724642089018504
0.5903308344300415,0.13321783262307485
0.5982019122224421,0.022418058856743646
0.6060729900148427,0.5780142484264994
0.6139440678072432,0.053623480897326714
0.6218151455996438,0.4087144727197752
0.6296862233920444,0.4921686711316238
0.6375573011844449,0.5694532841483262
0.6454283789768455,0.5092393176617013
0.6532994567692461,0.2559927034246733
0.6611705345616465,0.049929815815511806
0.6690416123540471,0.3514619542632282
0.6769126901464476,0.01780230031522656
0.6847837679388482,0.4087681895295152
0.6926548457312488,1.2647543551190588
0.7005259235236493,0.09297073285294782
0.7083970013160499,0.06472896338974694
0.7162680791084505,0.8768979371169944
0.724139156900851,0.04739487770092943
0.7320102346932515,0.46749323448398206
0.7398813124856521,0.8428434684337025
0.7477523902780526,0.23215959302925535
0.7556234680704532,0.843899564058609
0.7634945458628538,0.05063062854500488
0.7713656236552543,0.08571282672702092
0.7792367014476549,0.6881891921595736
0.7871077792400554,0.16264408722111062
0.794978857032456,0.7052694400863648
0.8028499348248566,1.2146091498995424
0.810721012617257,0.10982904690449836
0.8185920904096576,0.6824584851047797
0.8264631682020582,0.14363510544783722
0.8343342459944587,0.17921284293354467
0.8422053237868593,0.061313072606864666
0.8500764015792599,0.38575241150985334
0.8579474793716604,0.07936334162549953
0.865818557164061,0.2619290829766272
0.8736896349564615,0.3584505008630055
0.881560712748862,0.6757826378222477
0.8894317905412626,0.7885781103712556
0.8973028683336631,1.0697038073161955
0.9051739461260636,0.3034866249034465
0.9130450239184644,0.03988626024753998
0.9209161017108648,0.07716848017308052
0.9287871795032654,0.1066781925785138
0.936658257295666,0.08560709580592311
0.9445293350880664,0.04036753804730807
0.9524004128804672,1.6359704297219864
0.9602714906728675,0.09540061042728587
0.968142568465268,1.0529450471809427
0.9760136462576688,0.02993884612631891
0.9838847240500692,0.5309916912963007
0.9917558018424698,0.00361555825001084
0.9996268796348704,0.31628865293092046
1.0074979574272709,0.648814694993099
1.0153690352196714,0.27113148108210106
1.023240113012072,0.10024940814424081
1.0311111908044726,0.47760917546783316
1.038982268596873,0.22914835834846445
1.0468533463892735,0.10847737423926421
1.0547244241816742,0.2339499700528756
1.0625955019740747,0.8340063526953121
1.0704665797664752,0.16495780112647787
1.078337657558876,0.026835549421350594
1.0862087353512764,0.8898277511998595
1.0940798131436769,1.4264456433542514
1.1019508909360776,0.08641478293265946
1.109821968728478,0.40580067857567714
1.1176930465208783,0.5269826681843173
1.125564124313279,0.2560373017940556
1.1334352021056795,0.35844833789678165
1.1413062798980802,0.09614711352501712
1.149177357690481,0.3991831254461132
1.1570484354828814,1.206684074258869
1.164919513275282,0.13386458480287922
1.1727905910676824,0.9017405831526755
1.180661668860083,0.07413401373825387
1.1885327466524835,0.6634584558660336
1.196403824444884,0.5854994301843883
1.2042749022372847,0.6781233795648174
1.2121459800296852,0.30417016795897694
1.2200170578220857,0.6089506760813257
1.2278881356144864,0.24276551199315186
1.2357592134068869,0.1205590197862767
1.2436302911992874,0.32697740842456563
1.251501368991688,0.38749846770055457
1.2593724467840886,0.4809655496992165
1.267243524576489,0.7748383018754686
1.2751146023688895,1.359693637332187
1.2829856801612902,0.5402352658431852
1.2908567579536907,0.23752909346870962
1.2987278357460914,0.28649696509621025
1.306598913538492,0.06584397748065654
1.3144699913308924,1.4448869673477691
1.3223410691232929,0.07692430748355118
1.3302121469156936,0.039803075058642196
1.338083224708094,0.04758790712590769
1.3459543025004943,0.3155319901346792
1.3538253802928952,0.30211710251506374
1.3616964580852955,1.3445782443998402
1.3695675358776962,0.04173047512177232
1.377438613670097,0.4992442122984551
1.3853096914624974,0.16673234491087352
1.393180769254898,0.1705066990222186
1.4010518470472986,2.513354820137968
1.408922924839699,0.35148374722946824
1.4167940026320995,0.24476287442714453
1.4246650804245002,0.04621400856813583
1.4325361582169007,1.023426372484177
1.4404072360093012,1.012081098538416
1.448278313801702,2.1060199502462082
1.4561493915941024,1.5072843389923156
1.4640204693865029,0.11526972407884094
1.4718915471789036,0.7316245124934533
1.479762624971304,0.04000834874302869
1.4876337027637043,0.9935970509227262
1.4955047805561053,0.6123202801660832
1.5033758583485055,6.010775266198627
1.5112469361409062,0.23833402766075476
1.519118013933307,0.997405495966418
1.5269890917257074,0.006840996216931751
1.534860169518108,1.7049267810941706
1.5427312473105084,0.32966571968096997
1.550602325102909,0.5147182858081505
1.5584734028953096,0.7931536213933421
1.56634448068771,5.169686517862843
1.5742155584801107,0.7220883677538538
1.5820866362725112,0.39825255979519797
1.5899577140649117,1.347098782531096
1.5978287918573124,1.3075338770100888
1.605699869649713,0.029886632623401164
1.6135709474421134,0.5507915877442942
1.621442025234514,1.7876072721057674
1.6293131030269146,0.5186982188641507
1.637184180819315,0.43531662620792316
1.6450552586117158,0.23407318641527222
1.6529263364041162,1.3584724914136308
1.6607974141965167,3.334533046689955
1.6686684919889174,1.7809892763158388
1.676539569781318,0.00040484473965909793
1.6844106475737184,0.6670797041051965
1.692281725366119,0.5008216276853167
1.7001528031585196,0.26939032362918225
1.70802388095092,0.3094633598486955
1.7158949587433208,1.4552567635566263
1.7237660365357212,0.6019863294338664
1.7316371143281215,4.657647030710543
1.7395081921205222,1.0856747161409994
1.747379269912923,0.5969404866559787
1.7552503477053234,1.213466069153279
1.763121425497724,1.2452994241903048
1.7709925032901246,0.6632365136409675
1.778863581082525,0.8534173554903868
1.7867346588749256,0.3548127694450762
1.7946057366673265,1.9874406109785114
1.8024768144597267,0.17473579888030705
1.8103478922521272,2.8248469420378735
1.818218970044528,1.923021091991992
1.8260900478369284,1.7609109000637908
1.833961125629329,0.2362581755976159
1.8418322034217296,0.11938538456104163
1.84970328121413,0.02511557830047152
1.8575743590065303,0.1605560718257647
1.8654454367989317,0.9668465262893817
1.873316514591332,0.3794778778418765
1.881187592383732,2.8596127410984424
1.889058670176133,1.6340478092064015
1.8969297479685332,1.2732759829482971
1.904800825760934,1.4079067762604713
1.9126719035533344,0.13874460611056083
1.920542981345735,0.3937488973404215
1.928414059138136,0.005976347525269349
1.936285136930536,0.6023363308571923
1.9441562147229368,2.121755498350289
1.9520272925153368,0.7551823851553895
1.9598983703077375,2.9460037252425733
1.9677694481001384,0.2961627783251794
1.975640525892539,0.6993252838990344
1.9835116036849396,0.868456943519957
1.99138268147734,2.204295939330977
1.9992537592697408,0.5014942117758776
2.007124837062141,0.08054842394234651
2.0149959148545418,0.5901646197397853
2.0228669926469425,0.49819925335427995
2.030738070439343,0.2831950404030509
2.0386091482317434,0.21952220798794636
2.046480226024144,1.795148625766249
2.054351303816545,1.0500807663275742
2.062222381608945,2.4896411769779867
2.070093459401346,0.11102444172919895
2.0779645371937465,2.0779105657688657
2.085835614986147,0.2231591671787959
2.0937066927785475,0.4039138054837622
2.101577770570948,0.8291983379047686
2.1094488483633484,1.5140603507130785
2.117319926155749,2.3146475141020932
2.12519100394815,2.752777506857482
2.13306208174055,0.7534966366034352
2.140933159532951,0.19285722885908393
2.1488042373253515,0.4594158575170828
2.156675315117752,0.6234072264803338
2.1645463929101525,0.3417150244164258
2.172417470702553,0.36814969009928966
2.180288548494953,0.011678897142918587
2.188159626287354,0.7891526667674892
2.196030704079755,1.1328625840761497
2.203901781872155,0.44795986687089195
2.211772859664556,0.5898545107410538
2.2196439374569565,1.6864767005299663
2.227515015249357,0.5377762688902151
2.235386093041757,1.5030943530198528
2.2432571708341578,1.7981775318652216
2.2511282486265585,0.15249228385206803
2.258999326418959,6.605639107075334
2.2668704042113594,0.4018808110861511
2.27474148200376,1.5838919041869561
2.282612559796161,2.32535199301297
2.290483637588561,1.1393038315509183
2.298354715380962,0.3910659089194267
2.3062257931733625,0.3119026022678536
2.3140968709657628,0.4042997913832064
2.3219679487581635,0.9349970602464793
2.329839026550564,1.0418571906897987
2.3377101043429644,1.3657626770737625
2.345581182135365,0.09305761434075915
2.353452259927766,0.3796786571506841
2.361323337720166,0.014978615429927433
2.369194415512567,0.2568046332269712
2.3770654933049675,1.5404620782639298
2.384936571097368,2.152877451660211
2.3928076488897685,1.181617806001182
2.400678726682169,0.8777375605308255
2.408549804474569,1.5276897819583843
2.41642088226697,0.9496800728192246
2.424291960059371,0.2495416647933773
2.432163037851771,1.8385939342358681
2.440034115644172,0.7625671016417177
2.4479051934365725,0.7628347417197234
2.455776271228973,0.6790951419147141
2.463647349021373,5.788306063913212
2.471518426813774,0.028810268211975777
2.4793895046061745,0.9299519059108797
2.487260582398575,2.5531875374039896
2.495131660190976,0.9825741369600913
2.503002737983376,1.0055599181976174
2.510873815775777,0.5086838581577297
2.518744893568177,1.047426163483895
2.526615971360578,0.38846369567482486
2.5344870491529785,0.2610654151220695
2.542358126945379,0.5894047125521622
2.5502292047377795,0.24886888497247897
2.55810028253018,0.10751410151025152
2.565971360322581,0.3674515535919014
2.573842438114981,1.9826966673005815
2.581713515907382,0.219515547754217
2.5895845936997826,0.7903362565808113
2.597455671492183,1.3328274851403903
2.6053267492845835,2.584444263779537
2.613197827076984,2.1380242286021645
2.6210689048693845,1.2892713244302507
2.628939982661785,0.07588990181692268
2.636811060454185,2.3302174042345505
2.644682138246586,0.7071327341329833
2.652553216038987,2.482889532710647
2.660424293831387,0.7559784946787342
2.668295371623788,0.44079482857946817
2.6761664494161885,0.2798733518873761
2.684037527208589,0.07948139203621535
2.691908605000989,0.4583924312232796
2.69977968279339,0.7889483051239298
2.7076507605857905,0.2705289882645343
2.715521838378191,0.07807611767137115
2.723392916170592,0.5340009386759341
2.731263993962992,1.7227717254128296
2.739135071755393,1.1962354626267198
2.747006149547793,0.6453295987930124
2.754877227340194,0.8372719513989909
2.7627483051325945,0.7179779872973249
2.770619382924995,0.40521548660403545
2.7784904607173955,7.27038678411888
2.786361538509796,0.34938949803780833
2.794232616302197,0.18563613860613648
2.802103694094597,1.2196517366047088
2.809974771886998,0.13221093490430857
2.8178458496793986,0.14380113685161658
2.825716927471799,0.11893375404216872
2.8335880052641995,2.1794924320103846
2.8414590830566,0.6767917451637144
2.8493301608490005,1.6538351244931013
2.857201238641401,0.12357245757414835
2.865072316433802,0.5440909753592016
2.872943394226202,0.0002804644689526792
2.880814472018603,4.818066243815569
2.888685549811004,1.5780479721512999
2.896556627603404,0.06670995447551199
2.9044277053958045,0.1149330610387639
2.912298783188205,0.5779727969353974
2.920169860980605,0.11752062323229148
2.928040938773006,3.10269798933315
2.935912016565407,0.9197903429039717
2.943783094357807,0.0860413034142745
2.951654172150208,0.6419876769644427
2.959525249942609,0.08327844167385236
2.967396327735009,0.2085986381378329
2.975267405527409,1.5990374596454
2.9831384833198102,0.13219753169816878
2.9910095611122105,0.6837989061285105
2.998880638904611,0.018700837808418053
3.006751716697012,0.2908562966625769
3.014622794489412,1.0059324683149473
3.022493872281813,0.09168004733266068
3.0303649500742136,0.04180420927596533
3.038236027866614,1.7890978753849132
3.0461071056590145,2.598744017106916
3.053978183451415,0.5035997333420895
3.0618492612438155,5.978725625482654
3.069720339036216,5.7381107560936035
3.0775914168286165,1.6153392980832506
3.085462494621017,0.8972767557972019
3.093333572413418,2.1737499255854638
3.101204650205818,1.0270333617175695
3.109075727998219,0.03459618524481968
3.11694680579062,0.3166805232518996
3.12481788358302,0.9745913318036797
3.1326889613754205,0.46522415285682533
3.140560039167821,0.10089953892803204
3.148431116960221,1.5880819279829332
3.156302194752622,1.2901993012916113
3.164173272545023,2.050414021473963
3.172044350337423,0.25651759337709806
3.179915428129824,0.24012220797217254
3.187786505922225,0.5646725551811881
3.195657583714625,0.6189297655095869
3.203528661507025,3.6675838283068427
3.2113997392994262,0.021474861290808188
3.2192708170918265,2.0112895010847716
3.227141894884227,2.0324768936760367
3.235012972676628,0.9632358698599875
3.242884050469028,0.0382883589489565
3.250755128261429,2.2681287756477846
3.2586262060538296,0.6050070625924133
3.26649728384623,0.33932622410320096
3.2743683616386305,1.364505075530988
3.2822394394310312,2.0584902868184956
3.2901105172234315,0.018875690095768713
3.297981595015832,1.497267549827308
3.305852672808233,0.9656614228429916
3.313723750600633,0.008905129225542483
3.321594828393034,2.4789237579852723
3.3294659061854346,0.3691699615153368
3.337336983977835,0.879767664226413
3.345208061770236,1.5065281398060557
3.3530791395626363,3.695346962818966
3.3609502173550365,0.21752709648927854
3.368821295147437,2.4231396410461814
3.376692372939838,2.2220118878524064
3.384563450732238,0.2809857563477207
3.392434528524639,1.0790353207414098
3.40030560631704,1.1800995058484234
3.40817668410944,1.8947827738712995
3.416047761901841,2.828727036474401
3.4239188396942413,2.4061648000169376
3.431789917486641,1.5201853871994877
3.4396609952790422,1.742230881424717
3.4475320730714425,2.570137398004357
3.455403150863843,1.168764549652084
3.463274228656244,1.257882169619416
3.471145306448644,0.03458440360103743
3.479016384241045,3.3318085557886072
3.4868874620334456,4.025898948636241
3.494758539825846,0.3993673408863123
3.5026296176182465,0.9955591930499234
3.5105006954106472,0.17966740361770409
3.5183717732030475,0.10160125513597486
3.526242850995448,0.0014824472429188318
3.534113928787849,0.23123048639543584
3.541985006580249,1.9335339765133481
3.54985608437265,0.11231422670295943
3.5577271621650506,0.6145278419329698
3.565598239957451,1.1514928426557587
3.5734693177498515,1.0131862820622028
3.5813403955422523,0.07480833164965232
3.5892114733346525,1.5387566290186239
3.597082551127053,0.8815382629164854
3.604953628919454,0.9485580727705429
3.612824706711854,0.2624835611732751
3.620695784504255,7.164250183766038
3.628566862296656,0.9662365130442795
3.636437940089056,1.9180476104535826
3.644309017881457,0.05768779271121274
3.652180095673857,0.9209627990156702
3.6600511734662575,1.0596668630587154
3.667922251258658,1.4730316791606848
3.675793329051059,1.2200965193206235
3.683664406843459,0.06620630651957526
3.69153548463586,2.9609092583332184
3.6994065624282606,2.289082687836113
3.707277640220661,0.3621914665472171
3.7151487180130616,1.4970158010902868
3.7230197958054623,1.181618572242729
3.7308908735978634,12.482012708870583
3.7387619513902632,1.270869224308248
3.746633029182664,0.6559159272778895
3.754504106975064,0.6198961999395665
3.762375184767465,0.6882467530214806
3.7702462625598656,0.8830554653802438
3.778117340352266,1.1203662187090089
3.7859884181446666,0.8919115796009014
3.7938594959370673,1.500734333691751
3.801730573729468,0.1202383486697989
3.809601651521868,2.2949822533164963
3.817472729314269,3.906977101050834
3.825343807106669,2.425455033415104
3.83321488489907,2.8295250517046124
3.84108596269147,1.6436532772683345
3.848957040483871,0.4551653594078078
3.856828118276272,0.30269614714329734
3.864699196068672,1.3204070748945775
3.872570273861073,1.9711799804927812
3.880441351653473,1.3369991799510712
3.8883124294458735,0.2759479558946956
3.896183507238274,0.2798747344984469
3.904054585030675,1.3441661252103796
3.911925662823075,1.8061942415661247
3.919796740615476,1.031613831225785
3.9276678184078766,0.15563644923395828
3.935538896200277,4.928581112840122
3.9434099739926776,4.533118554200043
3.9512810517850783,4.822093972875429
3.9591521295774794,2.101645732589503
3.9670232073698792,5.054334282291597
3.97489428516228,1.631568520639571
3.98276536295468,1.1992628176105455
3.990636440747081,0.18727483788731097
3.9985075185394816,1.814130590765629
4.006378596331881,0.35814218259906566
4.014249674124283,0.9150245875901281
4.022120751916683,2.172175643668815
4.029991829709084,0.7184698301844913
4.037862907501484,0.050900482502386574
4.045733985293885,1.1936428606000304
4.053605063086286,2.440988273706481
4.0614761408786855,2.122168405246786
4.069347218671086,0.6582419009908907
4.077218296463487,0.271872845270537
4.085089374255888,0.08068725656827719
4.092960452048288,2.6952002939153776
4.100831529840689,5.095679454620251
4.108702607633089,1.2827865719695066
4.1165736854254895,0.2042995959884486
4.12444476321789,1.4120319006707995
4.132315841010291,0.7513324309623436
4.140186918802692,0.11176930924038513
4.148057996595092,1.5389532750695996
4.155929074387492,4.550620220878494
4.163800152179893,0.39253864175072206
4.171671229972294,0.5193648574007808
4.179542307764694,0.39139866044630456
4.187413385557095,2.3184599575604232
4.195284463349496,1.4472371118480463
4.203155541141896,1.9938074809091464
4.211026618934296,0.020924595246907412
4.218897696726697,0.7360748938840717
4.226768774519098,0.264488724994386
4.234639852311498,1.9218805564128705
4.242510930103899,1.7861069749989704
4.250382007896299,1.1746875194380795
4.2582530856887,1.250421963420819
4.2661241634811,0.9577147381217609
4.273995241273501,2.19461104170866
4.281866319065902,0.9148804179993583
4.289737396858302,1.55064082343017
4.297608474650702,1.073828069023146
4.305479552443103,0.6930361496606829
4.313350630235504,1.3537686930340596
4.321221708027904,1.4589441873847795
4.329092785820305,3.4616666788179686
4.336963863612706,0.1723127172393773
4.3448349414051055,0.18209334901228405
4.352706019197506,0.8825251262320029
4.360577096989907,2.0059611950113188
4.368448174782308,0.48177561246183503
4.376319252574708,1.9960692808395681
4.384190330367109,0.5581379039208201
4.392061408159509,0.6808683365444135
4.3999324859519096,0.2885809884403062
4.40780356374431,0.8484903347219049
4.415674641536711,1.7088963053524504
4.423545719329112,0.831898605412381
4.431416797121512,1.2528372439956157
4.439287874913912,1.2451039535809465
4.447158952706313,0.17988632681055985
4.455030030498714,4.0564254684929635
4.462901108291114,1.3360258337903332
4.470772186083515,2.326080052262441
4.478643263875915,1.4881729645175235
4.486514341668316,0.28085975396301555
4.494385419460716,1.5390164444493772
4.502256497253117,1.4672497275813479
4.510127575045518,1.6105984636077717
4.517998652837918,3.8312742265735253
4.525869730630318,1.9489213771340732
4.533740808422719,1.510236443424148
4.54161188621512,9.102857638211903
4.54948296400752,0.17386717045036224
4.557354041799921,0.8197430129830949
4.565225119592322,1.1607884248401292
4.5730961973847215,1.5001389795924862
4.580967275177122,0.42111617270861124
4.588838352969523,2.8136255467651203
4.596709430761924,0.48791591785340216
4.604580508554324,0.2086460380766524
4.612451586346725,2.205150247608773
4.620322664139125,0.4783529841094724
4.6281937419315256,0.7327594727927559
4.636064819723926,1.5981716612098256
4.643935897516327,0.7259983790043549
4.651806975308728,0.983529442761051
4.659678053101128,0.7757743739889669
4.667549130893528,2.486647093277557
4.675420208685929,1.4077330326464554
4.68329128647833,0.6365655877136559
4.69116236427073,2.6282303618277525
4.699033442063131,0.8911126543352069
4.706904519855532,0.9001581040146325
4.714775597647932,0.4229441523469896
4.722646675440332,1.1590790859152929
4.730517753232733,0.018143582714108777
4.738388831025134,0.9306352698260216
4.746259908817534,1.5610709893325634
4.754130986609935,0.11194641012362136
4.762002064402335,0.12575857817426328
4.769873142194736,0.015216568629435743
4.777744219987136,0.08900626471918469
4.785615297779537,0.3216548278531924
4.793486375571938,2.2905533384877614
4.801357453364338,0.14253943597018992
4.809228531156738,0.44904730717936614
4.817099608949139,1.4242199992813416
4.82497068674154,1.1456932197017802
4.83284176453394,1.1711217534316227
4.840712842326341,6.796905857995091
4.848583920118741,0.9563365643828562
4.8564549979111415,1.2327316489946136
4.864326075703542,0.6935210578429819
4.872197153495943,0.9882124884560535
4.880068231288344,0.12471476455974402
4.887939309080744,0.2809858821017379
4.895810386873144,1.5643101602902163
4.903681464665545,0.8833446111966883
4.911552542457946,0.057030940761296556
4.919423620250346,0.7014403181363107
4.927294698042747,0.028095768762601687
4.935165775835148,0.5390793351424826
4.943036853627548,0.2116385396098702
4.950907931419948,1.054645436367525
4.958779009212349,0.20878223415375227
4.96665008700475,0.2384861294115283
4.97452116479715,1.5529519457935013
4.982392242589551,0.04074302242511697
4.990263320381951,1.8125703353513531
4.998134398174352,2.809007802622291
5.006005475966752,1.0605869199425062
5.013876553759153,3.461857279649125
5.021747631551554,0.06164550171763798
5.029618709343954,0.7588392926784047
5.037489787136354,0.5111048354807098
5.045360864928755,1.3270548507796271
5.053231942721156,2.484120973749508
5.061103020513556,2.0130093319255726
5.068974098305957,0.2902951240459523
5.076845176098358,0.9559909472021655
5.0847162538907575,0.18810779167771371
5.092587331683158,4.002066127274759
5.100458409475559,1.2726119855420526
5.10832948726796,0.05129073323728968
5.11620056506036,0.11579211465860381
5.124071642852761,2.092078334087534
5.131942720645161,1.5016521384953256
5.139813798437562,0.2541787337727187
5.147684876229962,0.4724517958144887
5.155555954022363,1.2583316973574181
5.163427031814764,3.0472308506980563
5.171298109607164,0.4214596030612998
5.179169187399564,0.45784480192382493
5.187040265191965,0.08895237094097662
5.194911342984366,0.026824954555385114
5.202782420776766,0.7606362426796168
5.210653498569167,0.2373733351196098
5.218524576361568,0.17564272200541947
5.226395654153968,1.6132275768411273
5.234266731946368,0.4489061556397278
5.242137809738769,2.109817704566613
5.25000888753117,0.7107693500770678
5.25787996532357,0.35045194762486315
5.26575104311597,0.3463253620338001
5.273622120908371,0.3271958024488407
5.281493198700772,1.1377167380976572
5.289364276493172,1.449472995039001
5.297235354285573,0.43030170002873064
5.305106432077974,0.178786325090289
5.3129775098703735,0.5770740546332818
5.320848587662774,0.10254205380194734
5.328719665455175,0.6801396172458545
5.336590743247576,1.8716368977180329
5.344461821039976,1.049468929656059
5.352332898832377,0.8799883636804807
5.360203976624777,0.5713437209948288
5.368075054417178,0.6399823839328103
5.375946132209578,0.5582426035695173
5.383817210001979,0.7076171919707652
5.39168828779438,0.13173820187285395
5.39955936558678,0.26997607007301555
5.40743044337918,0.07239951924566285
5.415301521171581,0.10287833678875459
5.423172598963982,3.598919343446281
5.431043676756382,2.7036464401619478
5.438914754548783,0.8897870939676731
5.446785832341184,0.08886856638617863
5.454656910133584,2.8220370606552247
5.462527987925984,3.58029118359647
5.470399065718385,0.631175624714597
5.478270143510786,0.22775184296076273
5.486141221303186,0.8441588950541938
5.494012299095587,0.6358364637040191
5.501883376887987,0.306859206576702
5.509754454680388,0.8423207902128501
5.517625532472788,0.5767647762115766
5.525496610265189,0.5699678249416109
5.53336768805759,1.6798098945035174
5.54123876584999,1.458975114564131
5.54910984364239,0.6424633509640467
5.556980921434791,0.4097316725060292
5.564851999227192,1.7688571026644055
5.572723077019592,0.9406122023526234
5.580594154811993,0.3564823099180428
5.588465232604394,1.9568666997100879
5.596336310396794,1.2912720184373057
5.604207388189194,1.2444554621534476
5.612078465981595,1.0773422362674272
5.619949543773996,1.6048486794044443
5.627820621566396,0.7305569494765869
5.635691699358797,0.1718914909765491
5.643562777151197,0.5439059167738217
5.651433854943598,1.8376143409557875
5.659304932735998,0.42991867522740074
5.667176010528399,0.5141719674380479
5.6750470883208,1.2517672312105657
5.6829181661132,1.4263440625084753
5.6907892439056,0.1015902525904666
5.698660321698001,0.476079393851018
5.706531399490402,1.6022940632673288
5.714402477282802,1.774364262356314
5.722273555075203,0.17879362818532327
5.730144632867603,1.2593604747815446
5.738015710660004,0.042854881697476636
5.745886788452404,0.038720908652100317
5.753757866244805,0.30131965612279427
5.761628944037206,3.914270516591841
5.769500021829606,0.5351568518700485
5.777371099622006,1.973454088210242
5.785242177414407,0.21369690704863456
5.793113255206808,0.5779900806114473
5.800984332999208,0.7497800896158089
5.808855410791609,0.4566833762027403
5.81672648858401,0.2890318747073293
5.82459756637641,0.07345924535225505
5.83246864416881,2.0837404235140817
5.840339721961211,0.25608102830136864
5.848210799753612,1.681211266167501
5.856081877546012,0.17209470902859333
5.863952955338413,0.003809522387942608
5.871824033130813,0.010086860188695368
5.879695110923214,1.494224832985051
5.887566188715614,2.7797651638613305
5.895437266508015,1.160280385906553
5.903308344300416,0.023319230249742095
5.911179422092816,0.1489021663536759
5.919050499885216,0.0021668351805366514
5.926921577677617,0.2564897221895283
5.934792655470018,0.01393592735248584
5.942663733262418,0.2853029981104614
5.950534811054819,2.7586289614238813
5.95840588884722,2.578887872250229
5.96627696663962,5.712848600904204
5.97414804443202,0.24899976136549887
5.982019122224421,1.9360532489155
5.989890200016822,1.794696491497285
5.997761277809222,0.6109260916521726
6.005632355601623,1.1044254498484036
6.013503433394023,1.2322213580368233
6.021374511186424,0.43988017211949837
6.029245588978824,0.2882174047522993
6.037116666771225,0.08684447333644624
6.044987744563626,0.3655184743148558
6.0528588223560265,0.24525874522897975
6.060729900148426,0.4032442303281751
6.068600977940827,0.0681988551139499
6.076472055733228,1.5949074355182125
6.084343133525628,2.0020606560740175
6.092214211318029,0.015057891278132694
6.100085289110429,0.5310126986560361
6.10795636690283,0.8342898046480209
6.11582744469523,0.4241876752229846
6.123698522487631,0.05145081822210313
6.131569600280032,0.1431148693181311
6.139440678072432,0.019928784797499818
6.147311755864832,0.7679405081428861
6.155182833657233,0.35737528211031794
6.163053911449634,0.23045625087139332
6.170924989242034,1.5611140355672528
6.178796067034435,1.3422032713704615
6.186667144826836,1.6055853741074837
6.194538222619236,0.05021474840885141
6.202409300411636,3.7882176083469825
6.210280378204037,1.3849037389911056
6.218151455996438,2.196393613246823
6.226022533788838,0.43173526347719754
6.233893611581239,1.0578013326610887
6.241764689373639,0.494040075718246
6.24963576716604,3.5374843797884696
6.25750684495844,0.7662650347239814
6.265377922750841,0.5673635016132761
6.273249000543242,0.017731891180253753
6.2811200783356425,0.3776709331030349
6.288991156128042,0.08501328759888727
6.296862233920443,0.16250858377396504
6.304733311712844,0.5005594183398748
6.312604389505244,0.37090726166460697
6.320475467297645,2.897682724098978
6.328346545090046,0.1692981311792988
6.336217622882446,0.3815037567143119
6.344088700674846,0.4300546966099882
6.351959778467247,0.39129851733310095
6.359830856259648,0.08143816771618591
6.367701934052048,1.3242063411847422
6.375573011844449,0.6706838534426257
6.383444089636849,0.2789931824601837
6.39131516742925,0.47832629373833885
6.39918624522165,0.04122693788374137
6.407057323014051,0.9917130779360501
6.414928400806452,1.1194866950844948
6.4227994785988525,0.688690730756326
6.430670556391252,0.4960748673528282
6.438541634183653,0.14120814581894903
6.446412711976054,0.4171064414126309
6.454283789768454,0.1405047856921573
6.462154867560855,0.6449583628078276
6.470025945353255,2.957065367804817
6.477897023145656,0.016179925718706266
6.485768100938056,0.9825157438277068
6.493639178730457,0.3174466143558245
6.501510256522858,0.047734044358500885
6.509381334315258,0.6086999121746458
6.517252412107658,0.055541119965379686
6.525123489900059,0.2236826103511792
6.53299456769246,0.20394486516579177
6.54086564548486,1.4733049936865719
6.548736723277261,0.543827731936892
6.556607801069662,0.337391938253009
6.564478878862062,3.9750532853869527
6.572349956654462,2.089486338053264
6.580221034446863,0.7508198121027801
6.588092112239264,0.46352470062300805
6.595963190031664,1.1072229052713405
6.603834267824065,1.9951710800595117
6.611705345616465,1.4941537793247102
6.619576423408866,0.10669802213418828
6.627447501201266,3.0096347178110325
6.635318578993667,0.14897748007215136
6.643189656786068,0.9399421850875265
6.6510607345784685,0.9471754586330022
6.658931812370868,0.45979294054448083
6.666802890163269,0.2611564314245134
6.67467396795567,0.261358599919594
6.68254504574807,0.46029888589249196
6.690416123540471,0.18300478617227298
6.698287201332872,0.01694246313196884
6.706158279125272,1.5740381900914504
6.714029356917672,0.5671045202695535
6.721900434710073,0.10632538854281219
6.729771512502474,0.16722677857872206
6.737642590294874,0.26985770895481037
6.745513668087275,0.7508663458186684
6.753384745879675,1.2960876967447372
6.761255823672076,0.5121596325517503
6.769126901464476,0.05018179573268657
6.776997979256877,2.349567016368371
6.784869057049278,1.1659871450281072
6.792740134841679,0.3375598612639666
6.800611212634078,0.48213743949649757
6.808482290426479,0.8140636607628655
6.81635336821888,0.5554138653936203
6.82422444601128,0.4257962219085294
6.832095523803681,1.8228257036239195
6.839966601596082,4.943234417083944
6.847837679388482,2.5795235290447707
6.855708757180882,1.1201958931766132
6.863579834973283,1.5351570259858167
6.871450912765684,0.06031799648741621
6.8793219905580845,1.8539012663783374
6.887193068350484,0.1601780138403314
6.895064146142885,0.5604420186104607
6.902935223935286,0.11544635407346225
6.910806301727686,0.8515908786974751
6.918677379520087,6.640403577298788
6.926548457312488,1.0766375868041964
6.934419535104888,0.2174472190542464
6.942290612897288,1.6471313483393544
6.950161690689689,3.1251864314959468
6.95803276848209,3.392275757951425
6.96590384627449,4.262150331818541
6.973774924066891,2.03166927003864
6.981646001859291,2.434944900504263
6.989517079651692,0.12128255363021961
6.997388157444092,0.6828727347052125
7.005259235236493,1.1031482272136224
7.013130313028894,0.07845778188100175
7.021001390821295,0.10988680944763134
7.028872468613694,0.05573622303258522
7.036743546406095,0.3105186042922678
7.044614624198496,1.7042930623195494
7.052485701990896,0.7777896685440135
7.060356779783297,2.356292530450524
7.068227857575698,0.7948900526463627
7.076098935368098,1.1629956463536597
7.083970013160498,0.21606490623214197
7.091841090952899,0.18769457814637744
7.0997121687453,3.1110334634157963
7.1075832465377005,0.22578396325321384
7.115454324330101,1.8325433834270184
7.123325402122501,7.147053977878015
7.131196479914902,3.619619420512289
7.139067557707302,1.2096066326220707
7.146938635499703,0.0012974826407859737
7.154809713292104,1.0869738652425376
7.1626807910845045,0.006423737373622931
7.170551868876904,1.9745769613458894
7.178422946669305,3.295164823403052
7.186294024461706,2.0907285621274547
7.194165102254106,0.4516581880074763
7.202036180046507,1.5450081557209001
7.209907257838908,3.254756682725771
7.217778335631308,1.1014960915347112
7.225649413423708,0.27210463067385415
7.233520491216109,0.15256266187238607
7.24139156900851,0.9204024269536565
7.2492626468009105,0.7673860391046249
7.257133724593311,1.36006260975965
7.265004802385711,1.122716114985337
7.272875880178112,0.22406966444822837
7.280746957970512,0.4020049784752693
7.288618035762913,0.4055786062118182
7.296489113555314,0.09605364810679194
7.304360191347714,1.4806650056248793
7.312231269140114,1.9420158522206616
7.320102346932515,0.020572161670301736
7.327973424724916,0.26051970982142636
7.335844502517316,1.9425768781903778
7.343715580309717,0.009643760083086034
7.351586658102117,0.7724809065835605
7.359457735894518,0.03039052295967246
7.367328813686918,0.05671830845500992
7.375199891479319,1.1289692048373223
7.38307096927172,2.1255353470551595
7.39094204706412,0.19583113573687994
7.39881312485652,0.32642856309929574
7.406684202648921,1.957975896224842
7.414555280441322,1.0802690248432851
7.422426358233722,1.6373256776809797
7.430297436026123,2.213937919091323
7.438168513818524,4.557230288205324
7.446039591610924,1.4091006156606516
7.453910669403324,1.3573704279776817
7.461781747195725,2.0025641547311874
7.469652824988126,2.374004198581462
7.4775239027805265,1.7619809395166326
7.485394980572927,0.17035386989103285
7.493266058365327,2.5684088772698193
7.501137136157728,0.5329594239634581
7.509008213950128,0.3311333370884903
7.516879291742529,0.8648225828004626
7.52475036953493,1.5393603657104205
7.53262144732733,0.42620498367453197
7.54049252511973,1.252731558656292
7.548363602912131,0.9849895150597263
7.556234680704532,1.3801268888474574
7.564105758496932,0.5922419600015242
7.571976836289333,2.1428936322048053
7.579847914081734,2.134364193141369
7.587718991874134,0.6302366303999607
7.595590069666534,2.0046167784816036
7.603461147458935,2.4459084456136053
7.611332225251336,0.11545882568079466
7.619203303043736,0.029068195716920493
7.627074380836137,0.21571684157389648
7.634945458628537,2.3247369529638466
7.642816536420938,0.5761806602192189
7.650687614213338,2.068779838317867
7.658558692005739,0.26276897863275117
7.66642976979814,0.8936347065618214
7.67430084759054,0.7356636891052051
7.68217192538294,0.82664963996914
7.690043003175341,1.1124025260361432
7.697914080967742,1.2152469731875741
7.7057851587601425,0.18300269510956282
7.713656236552543,1.285812085558654
7.721527314344943,1.7237947885352538
7.729398392137344,1.947753386928641
7.737269469929744,0.7915099889261122
7.745140547722145,0.7370261329306106
7.753011625514546,0.2521367897541138
7.760882703306946,1.8839588596890549
7.768753781099346,0.3856031905362634
7.776624858891747,1.8984759075774071
7.784495936684148,0.23494574869507895
7.792367014476548,2.0374097748790674
7.800238092268949,0.1592529923169168
7.80810917006135,0.6229382794593455
7.81598024785375,0.08828269714568888
7.82385132564615,2.0536897515202606
7.831722403438551,0.41085167768574743
7.839593481230952,0.5481363698323996
7.847464559023352,0.34949370098105587
7.855335636815753,2.9177605610550095
7.863206714608153,0.548500367050219
7.871077792400554,0.4123020114658113
7.878948870192954,1.5491443113923145
7.886819947985355,2.095923741698241
7.894691025777756,0.9249790262724991
7.9025621035701565,0.4825305766556824
7.910433181362556,1.340718704678559
7.918304259154957,0.7396170435128551
7.926175336947358,0.26492752777065226
7.9340464147397585,0.9855531145381954
7.941917492532159,3.03845098604164
7.94978857032456,0.7987481160127546
7.95765964811696,2.853361377298182
7.96553072590936,2.199393779982915
7.973401803701761,1.0383266586680688
7.981272881494162,0.4472276774481934
7.989143959286562,1.1911793965649475
7.997015037078963,1.668693778279986
8.004886114871363,1.260461398641353
8.012757192663763,0.045554088854684954
8.020628270456164,0.467301051751035
8.028499348248564,0.17363952505513594
8.036370426040964,0.06725580882085266
8.044241503833366,0.16139040307372182
8.052112581625765,0.05137904040932674
8.059983659418167,0.544470253756756
8.067854737210567,0.47709157618687803
8.075725815002967,0.34298385863933734
8.083596892795368,0.19739845045463428
8.091467970587768,0.33378988597110254
8.09933904838017,0.18099528005419876
8.10721012617257,1.739942898261592
8.11508120396497,0.8841675986054147
8.122952281757371,2.046247440159734
8.13082335954977,2.8389912373510784
8.138694437342172,6.474863162211154
8.146565515134572,0.3337488021970981
8.154436592926974,1.3850566731037797
8.162307670719374,0.19389289744755167
8.170178748511773,0.37402286525741557
8.178049826304175,0.05449375325865061
8.185920904096575,1.0885354377916536
8.193791981888976,0.3733734893430173
8.201663059681376,0.12858685561193361
8.209534137473776,2.4543936820570256
8.217405215266178,1.2616304096010558
8.225276293058577,0.4542177752029468
8.233147370850979,1.4953804038948941
8.241018448643379,0.4820564186817057
8.24888952643578,0.9141793631214885
8.25676060422818,0.30369388479883375
8.26463168202058,0.26150087827385293
8.272502759812982,3.1333857039827446
8.280373837605381,0.10971650291373419
8.288244915397783,0.18305660217945335
8.296115993190183,2.0078733698059903
8.303987070982583,5.023366848123379
8.311858148774984,0.10002263002146883
8.319729226567384,2.3958120704341277
8.327600304359786,0.554659731983565
8.335471382152186,0.5524767387848633
8.343342459944587,1.194955177813128
8.351213537736987,0.30522439403153
8.359084615529387,0.3235594072259024
8.366955693321788,0.7371829949273033
8.374826771114188,0.5908650483755462
8.38269784890659,0.36896643040544236
8.39056892669899,0.7840257582023418
8.39844000449139,0.8457702898393503
8.406311082283791,1.0804100222778683
8.41418216007619,0.26852145308336284
8.422053237868592,1.9710791557658263
8.429924315660992,0.012769048594490405
8.437795393453394,0.8344670711479263
8.445666471245794,0.06321437835699743
8.453537549038193,0.3011703144755311
8.461408626830595,2.0524630458813844
8.469279704622995,1.2694131976855174
8.477150782415396,0.590102888140716
8.485021860207796,0.07868020813330023
8.492892938000196,0.012254030594353392
8.500764015792598,0.54931957788693
8.508635093584997,1.4876727086941672
8.516506171377399,1.8041290314535265
8.524377249169799,0.2617204326368362
8.532248326962199,0.5581544923516052
8.5401194047546,0.34687603681630497
8.547990482547,3.4647108856253492
8.555861560339402,1.1895581998678966
8.563732638131802,0.8511119574040276
8.571603715924203,0.005659465533882257
8.579474793716603,0.646417725589201
8.587345871509003,2.300455545002975
8.595216949301404,0.377498200222542
8.603088027093804,0.11101224297508312
8.610959104886206,1.4404218396624848
8.618830182678606,0.5544068861147777
8.626701260471005,3.3979931660741975
8.634572338263407,0.09414824488163474
8.642443416055807,0.45153712189389944
8.650314493848208,0.23906037780550504
8.658185571640608,0.15852429092065687
8.66605664943301,0.13001699772922717
8.67392772722541,0.8372435742741795
8.68179880501781,0.7969068823899534
8.689669882810211,0.5493272535842401
8.69754096060261,6.244696293745764
8.705412038395012,2.289793986180876
8.713283116187412,0.24384993912101646
8.721154193979812,0.5588401550677936
8.729025271772214,0.7011415589252282
8.736896349564613,1.7079281453086672
8.744767427357015,1.1365126544206718
8.752638505149415,4.985734605066425
8.760509582941816,1.4764823938923102
8.768380660734216,0.0784115810878415
8.776251738526616,0.10224697166816563
8.784122816319018,0.09063383504566297
8.791993894111418,0.4016999650434535
8.799864971903819,2.198474742699397
8.807736049696219,0.509423860829447
8.815607127488619,0.27928202882293485
8.82347820528102,1.0905594975501793
8.83134928307342,1.091683720766948
8.839220360865822,1.3530441782933387
8.847091438658222,0.515009383091685
8.854962516450623,0.26281258655499246
8.862833594243023,0.06275549823494288
8.870704672035423,0.7169155424652289
8.878575749827824,0.05994425089685428
8.886446827620224,0.8029954678478868
8.894317905412626,0.32944710320320164
8.902188983205026,2.9464929223236758
8.910060060997425,0.8707756559161068
8.917931138789827,2.374374976030742
8.925802216582227,0.0258001297834703
8.933673294374628,5.743619785577668
8.941544372167028,2.0533975257785797
8.949415449959428,1.585409306953029
8.95728652775183,0.9417616013088638
8.96515760554423,0.023279746125741095
8.973028683336631,0.12212075471829233
8.98089976112903,0.5773517164719079
8.988770838921432,0.908262075776899
8.996641916713832,1.8575665535496477
9.004512994506232,0.7775864098550608
9.012384072298634,1.2754893056253191
9.020255150091034,0.1517733953509949
9.028126227883437,0.0806643719158161
9.035997305675837,2.032915621937204
9.043868383468237,1.3245859844834194
9.051739461260636,0.4738901894842567
9.059610539053036,0.1975133540458714
9.067481616845438,1.527287531208894
9.075352694637838,1.3091319588825645
9.08322377243024,0.8357234840167195
9.09109485022264,0.5473185252472825
9.09896592801504,0.8995086210895404
9.10683700580744,1.2832255906507077
9.11470808359984,1.1385624434732327
9.122579161392242,0.127126789458102
9.130450239184642,0.12032192282109577
9.13832131697704,0.6056122520072422
9.146192394769445,0.6855007807542168
9.154063472561845,0.9900283161453345
9.161934550354244,0.7775906131882273
9.169805628146644,1.3770150683095839
9.177676705939046,0.43522434996217396
9.185547783731446,0.44664280025253733
9.193418861523844,1.832554705511645
9.201289939316249,0.09824867759331161
9.209161017108649,0.44309015296100224
9.217032094901048,0.5855323617986937
9.224903172693448,0.28647882308761374
9.232774250485848,0.6864700884376104
9.24064532827825,2.0777270169993995
9.24851640607065,1.3400359826425379
9.256387483863053,0.6075544031185335
9.264258561655453,0.6585617847132549
9.272129639447853,0.4045415285402743
9.280000717240252,1.0956473994086986
9.287871795032652,2.199770918763948
9.295742872825054,5.776901279306046
9.303613950617454,2.184404921631533
9.311485028409855,1.704000499186772
9.319356106202257,0.2977407266761026
9.327227183994657,1.1117129049822967
9.335098261787056,1.4556146364079512
9.342969339579456,0.535141391641519
9.350840417371858,3.282019700667984
9.358711495164258,2.6262106029719465
9.366582572956656,0.1379145907394574
9.37445365074906,0.24347283520672922
9.38232472854146,1.8231516066703701
9.39019580633386,0.040009609977343444
9.39806688412626,0.014774456061232961
9.405937961918662,1.3319912686558046
9.413809039711062,0.03536419146376971
9.42168011750346,0.15927833016273177
9.429551195295865,0.06853291974912604
9.437422273088265,0.12558135261105674
9.445293350880664,1.0624495097888371
9.453164428673064,0.6530259698220275
9.461035506465464,0.7348570791823076
9.468906584257866,4.366604736941387
9.476777662050266,2.730309429811454
9.484648739842669,0.14310602518719293
9.492519817635069,0.2585628959157998
9.500390895427469,0.483365844706379
9.508261973219868,4.258587010159407
9.516133051012268,0.4911382288060338
9.52400412880467,2.3915208707739453
9.53187520659707,0.0835210588065907
9.539746284389471,0.5002608575576173
9.547617362181873,0.5598592841288978
9.55548843997427,0.7247964131380121
9.563359517766672,0.0006943051672021645
9.571230595559072,0.15965147717382955
9.579101673351474,0.17333864852204844
9.586972751143874,0.0762214110654068
9.594843828936275,0.33757620472903166
9.602714906728677,0.5716730328456755
9.610585984521077,0.9937195485082125
9.618457062313476,0.5118879465022909
9.626328140105876,0.38602593008800495
9.634199217898278,2.6876001156406284
9.642070295690678,0.11141871682094513
9.649941373483076,0.09492472191990005
9.65781245127548,0.66692858291352
9.66568352906788,0.46369497527953324
9.67355460686028,0.4161703720880397
9.68142568465268,2.4108809714690542
9.68929676244508,0.811242735149662
9.697167840237482,0.6319150211877574
9.705038918029882,0.7141097409743417
9.712909995822285,0.03292550189965715
9.720781073614685,1.6963062745281008
9.728652151407085,0.2558840338574257
9.736523229199484,0.7439466318021515
9.744394306991884,0.07053510013839
9.752265384784286,0.3701070359461488
9.760136462576686,0.014426383653535872
9.768007540369087,2.410779376289609
9.775878618161489,2.169729912535438
9.783749695953889,2.3521035740377267
9.791620773746288,0.6807766790133004
9.799491851538688,0.028478670231764255
9.80736292933109,3.1253354618837887
9.81523400712349,3.2689219053230953
9.823105084915891,2.9241522058843454
9.830976162708293,0.3728851513641645
9.83884724050069,0.2610754575089802
9.846718318293092,0.0969857932694629
9.854589396085492,0.03099034680925219
9.862460473877894,0.22944779286373573
9.870331551670294,0.024042816914015847
9.878202629462692,0.28934478050420703
9.886073707255097,1.2581988530365449
9.893944785047497,0.4589093308727331
9.901815862839896,0.3472335238293838
9.909686940632296,0.3818210617681426
9.917558018424698,0.014956020748127546
9.925429096217098,0.21676260950475676
9.933300174009496,0.0005091501988731516
9.9411712518019,0.01110916055210145
9.9490423295943,0.5026486736212668
9.9569134073867,1.682662498334915
9.9647844851791,0.6314655491561227
9.9726555629715,0.2862591164417686
9.980526640763902,1.4798283050641636
9.988397718556302,1.0131531344301086
9.996268796348703,0.27780908842934826
10.004139874141105,0.15775206977449258
10.012010951933505,0.22241130094487815
10.019882029725904,0.8542827626079555
10.027753107518304,2.4218946673723796
10.035624185310706,0.7351240920924531
10.043495263103106,0.6509231367047215
10.051366340895507,1.2878065438498352
10.059237418687909,0.11433664967562969
10.067108496480309,0.7496272817917553
10.074979574272708,0.7691665669861019
10.082850652065108,0.3561112140269689
10.09072172985751,0.9433843835919539
10.09859280764991,0.18407000352018577
10.10646388544231,0.5952148178929433
10.114334963234713,1.4635245514607274
10.12220604102711,3.0553069483100352
10.130077118819512,1.316911022793588
10.137948196611912,0.22815644226033782
10.145819274404314,0.08513727132655906
10.153690352196714,1.4962164916993277
10.161561429989112,0.11009151584985048
10.169432507781517,0.4323134847390174
10.177303585573917,0.8818100144233524
10.185174663366316,0.6187675234280755
10.193045741158716,0.08628765358572767
10.200916818951116,0.8487807737123114
10.208787896743518,3.024092996063551
10.216658974535918,0.01471329969707905
10.22453005232832,1.6561548334711047
10.23240113012072,0.16308190655044347
10.24027220791312,0.3750711002928992
10.24814328570552,0.25901075518078204
10.25601436349792,0.3911228193623434
10.263885441290322,0.22281957071212297
10.271756519082722,0.9657200973094368
10.279627596875123,0.14862661029639124
10.287498674667525,6.634500710256906
10.295369752459925,0.23428552055746807
10.303240830252324,1.1764289921373374
10.311111908044724,1.491654411839467
10.318982985837126,0.4820380121635956
10.326854063629526,1.7514725849227828
10.334725141421927,1.382230859982445
10.342596219214329,2.5474930208701134
10.350467297006729,0.12404211730860432
10.358338374799128,0.8549653391570732
10.366209452591528,1.3500538812144003
10.37408053038393,0.6279451370353192
10.38195160817633,2.487329725543505
10.38982268596873,3.7733426005064805
10.397693763761133,0.6966972692477407
10.405564841553533,0.05616160580353878
10.413435919345932,0.34487744209224935
10.421306997138332,1.214735260390024
10.429178074930734,0.8116878522415134
10.437049152723134,0.5893345372987456
10.444920230515534,0.2554533605432659
10.452791308307935,1.2298192040311804
10.460662386100337,0.16114628488556135
10.468533463892737,2.076886621368765
10.476404541685136,1.4389927908179254
10.484275619477536,0.19638495537843242
10.492146697269938,0.1359486094414665
10.500017775062338,0.4681355449194983
10.50788885285474,0.27284545288534034
10.51575993064714,2.1271187278172934
10.52363100843954,0.18208694420665203
10.53150208623194,0.45216476046690035
10.53937316402434,2.7633442044197656
10.547244241816742,0.16310758496669617
10.555115319609142,0.1940126510921698
10.562986397401543,0.4175398541319937
10.570857475193945,0.6953487366221515
10.578728552986345,0.28495439633746056
10.586599630778744,0.676740238993164
10.594470708571144,0.10774515958170507
10.602341786363546,0.015503936883697035
10.610212864155946,0.6719585286844079
10.618083941948344,0.1574535924123411
10.625955019740749,0.29590143116507756
10.633826097533149,2.793681188583744
10.641697175325548,1.5169664571271084
10.649568253117948,0.7232392153036338
10.65743933091035,0.1438845702209542
10.66531040870275,0.2126752485014715
10.67318148649515,1.3183794358598966
10.681052564287551,0.33899095278456925
10.688923642079953,0.2737167305611329
10.696794719872353,0.12862886995789827
10.704665797664752,0.40192695928279054
10.712536875457152,1.396176833604969
10.720407953249554,0.8260122626881615
10.728279031041954,0.010787249116546401
10.736150108834355,0.37660090875111857
10.744021186626757,0.2066867469394913
10.751892264419157,1.455901618258278
10.759763342211556,2.1359326683882
10.767634420003956,1.051003898415357
10.775505497796358,0.32365691738674024
10.783376575588758,0.6765355393673234
10.79124765338116,2.165791591314073
10.79911873117356,0.4835861663551457
10.80698980896596,0.19813383601838438
10.81486088675836,0.3987805108734356
10.82273196455076,0.42463932067885746
10.830603042343162,1.255652390869503
10.838474120135562,0.522158449439456
10.846345197927963,1.4376346699797269
10.854216275720365,2.600402267454515
10.862087353512765,1.0444979810247597
10.869958431305164,0.4577502770902882
10.877829509097564,0.415183829846824
10.885700586889966,1.6958154889779422
10.893571664682366,0.2929531415584151
10.901442742474766,0.2996069790006324
10.909313820267167,0.7854748330144736
10.917184898059569,1.0114975128923884
10.925055975851969,3.078462644398879
10.932927053644368,0.3553603931309101
10.940798131436768,2.5517426929940523
10.94866920922917,0.489122142845747
10.95654028702157,1.0732980654915252
10.964411364813971,1.6122033309713772
10.972282442606373,1.6586877639866688
10.980153520398773,0.49373610530269035
10.988024598191172,0.9772769698979513
10.995895675983572,1.5007294239706093
11.003766753775974,0.6748442453300894
11.011637831568374,0.1552317359393301
11.019508909360775,0.42512561666278487
11.027379987153177,0.16933709324627244
11.035251064945577,0.4719295457503797
11.043122142737976,1.1316313653616203
11.050993220530376,0.10018517125313182
11.058864298322778,0.49743654616482574
11.066735376115178,0.008181640810945863
11.07460645390758,0.3205348291869344
11.08247753169998,0.9440205634109489
11.09034860949238,2.981814497937751
11.09821968728478,1.1646704026760166
11.10609076507718,0.251002118151325
11.113961842869582,0.03333823107957679
11.121832920661982,0.12040044221436143
11.129703998454382,0.024412036171244125
11.137575076246783,0.86844550565366
11.145446154039185,2.316983852055868
11.153317231831585,2.268393182778543
11.161188309623984,0.43509495221665
11.169059387416386,0.7944341607843743
11.176930465208786,0.18563545027972497
11.184801543001186,0.5442837131832828
11.192672620793587,3.5446236265850786
11.200543698585989,0.07659302835627832
11.208414776378389,0.6698121664626318
11.216285854170788,0.20029514856250272
11.224156931963188,1.3618075825150793
11.23202800975559,1.7959538159624502
11.23989908754799,0.05904263492979766
11.247770165340391,0.6575537365688898
11.255641243132793,1.9232875187972094
11.263512320925193,0.6583059957720893
11.271383398717592,0.9469011875013398
11.279254476509992,3.724893177323722
11.287125554302394,0.8721727328148892
11.294996632094794,0.12872974459546668
11.302867709887195,0.9156512704281975
11.310738787679597,1.1650909414535167
11.318609865471997,0.17304705168923668
11.326480943264396,0.4955000665523032
11.334352021056796,0.29011879278801944
11.342223098849198,1.0990907237753216
11.350094176641598,0.8580920480134433
11.357965254433998,0.09479224749047706
11.3658363322264,1.5977761414048626
11.3737074100188,1.2793077586387092
11.3815784878112,0.4967666769671076
11.3894495656036,1.2941565641228754
11.397320643396002,1.1832704666587082
11.405191721188402,0.042869852717854366
11.413062798980802,0.7256099627316996
11.420933876773203,3.7473552589062193
11.428804954565605,0.4195020295876643
11.436676032358005,2.805577700563261
11.444547110150404,3.52198762439085
11.452418187942804,2.644834826490302
11.460289265735206,0.2279478820871683
11.468160343527606,0.1596184320042818
11.476031421320007,0.4523719069526042
11.483902499112409,0.813083418539533
11.491773576904809,1.043390894726247
11.499644654697208,0.3669128593255408
11.507515732489608,0.9306956530568392
11.51538681028201,0.19589751760041074
11.52325788807441,0.29122275311737855
11.531128965866811,0.3365096465762378
11.539000043659213,0.4167937159646465
11.54687112145161,0.23536497152866556
11.554742199244012,0.06466149152567718
11.562613277036412,0.09437066166396299
11.570484354828814,0.08059336396427653
11.578355432621214,1.671647023623438
11.586226510413615,0.12684053891612904
11.594097588206017,0.7385784501895996
11.601968665998417,0.6744368476803606
11.609839743790817,2.058456160790568
11.617710821583216,1.0222431592854835
11.625581899375618,0.5852459930841878
11.633452977168018,0.20433473204645242
11.641324054960418,0.21094753572576602
11.64919513275282,0.5893638610297027
11.65706621054522,0.23486809608867654
11.66493728833762,0.37660101193567286
11.67280836613002,2.5976625138702167
11.680679443922422,0.6270842989952752
11.688550521714822,1.2449170580846016
11.696421599507222,0.42396979017339154
11.704292677299623,0.23873855625218157
11.712163755092025,0.177222636405855
11.720034832884425,0.02361999541148711
11.727905910676824,0.18735930269132303
11.735776988469224,0.06340872064338073
11.743648066261626,3.623595428426366
11.751519144054026,0.15533956086969594
11.759390221846427,2.3700542047460815
11.767261299638829,2.6205550142876235
11.775132377431229,5.217836871886445
11.783003455223628,0.2847017610831842
11.790874533016028,1.0712866515753192
11.79874561080843,0.40842055101518004
11.80661668860083,0.5019739354715091
11.814487766393231,0.40457830422667473
11.822358844185633,0.9642285292285406
11.830229921978033,0.20332453786550939
11.838100999770433,1.6285378403083948
11.845972077562832,0.049384042231523255
11.853843155355234,1.1241178699093939
11.861714233147634,1.110828006693744
11.869585310940034,0.39764091423636033
11.877456388732435,0.33168557870492055
11.885327466524837,0.26371208541446617
11.893198544317237,0.5641547102817842
11.901069622109636,0.541684954124604
11.908940699902038,0.17032927722094998
11.916811777694438,0.7804695583259433
11.924682855486838,1.756611326073191
11.93255393327924,1.158444010947494
11.94042501107164,1.1423419404374373
11.94829608886404,0.4766086927719596
11.95616716665644,0.592843453867873
11.96403824444884,0.6546586088018977
11.971909322241242,0.2185791714375219
11.979780400033642,2.7898302540452136
11.987651477826043,0.6016539992465384
11.995522555618445,0.02244084653012051
12.003393633410845,0.7128500613996512
12.011264711203244,0.33930454663875104
12.019135788995644,0.43199178339174016
12.027006866788046,0.3006958365533307
12.034877944580446,0.570616879248491
12.042749022372847,1.6040824807894505
12.050620100165249,0.756911131962716
12.058491177957649,0.7829938519696207
12.066362255750049,0.8656496809807427
12.074233333542448,2.837144177057505
12.08210441133485,0.5089712961168117
12.08997548912725,0.5223082049155405
12.097846566919651,0.2704557472055275
12.105717644712051,1.6626663747157464
12.113588722504453,1.7644702968804193
12.121459800296853,0.3559951255837517
12.129330878089252,1.7127846732430922
12.137201955881654,0.3265589013711591
12.145073033674054,0.9578882874650202
12.152944111466454,1.4517611075432193
12.160815189258855,2.6346453151808764
12.168686267051257,3.013048466799522
12.176557344843657,0.31255946776738575
12.184428422636056,0.49399077543756914
12.192299500428456,2.8288100795669973
12.200170578220858,0.5799785819576506
12.208041656013258,1.0490947492943286
12.21591273380566,0.30085430203034397
12.22378381159806,0.10447638433888214
12.23165488939046,2.9732174693364013
12.23952596718286,0.10013223595440558
12.24739704497526,0.1641570525073103
12.255268122767662,1.450898120679204
12.263139200560062,1.0031997002664197
12.271010278352463,0.11190492832593932
12.278881356144865,1.6177895606969661
12.286752433937265,0.5287155394240267
12.294623511729665,1.140421359062945
12.302494589522064,0.769619915593428
12.310365667314466,1.3730391158123465
12.318236745106866,0.027180214601659286
12.326107822899267,0.11737483417948388
12.333978900691667,0.6907780956424476
12.341849978484069,0.2789168837943435
12.349721056276469,0.07524769145534692
12.357592134068868,4.458753634834684
12.36546321186127,1.5843436582250368
12.37333428965367,0.18586274353715818
12.38120536744607,0.9593744416541202
12.389076445238471,0.4142633092098847
12.396947523030873,1.342611906658283
12.404818600823273,1.337342146200981
12.412689678615672,0.021687296292170928
12.420560756408074,1.088389164293731
12.428431834200474,0.40357577033442765
12.436302911992874,0.1067048844501287
12.444173989785275,0.31799006458837004
12.452045067577677,0.46252120792722506
12.459916145370077,1.9443228217960968
12.467787223162476,2.6453379526873957
12.475658300954876,0.07817078139698799
12.483529378747278,0.8904555049922336
12.491400456539678,1.999938458180596
12.49927153433208,1.329442536679228
12.50714261212448,0.9869721994303581
12.51501368991688,0.8018874704993134
12.52288476770928,2.378217758575508
12.53075584550168,3.099921993224792
12.538626923294082,0.3886418524379596
12.546498001086482,2.4667785748513493
12.554369078878883,0.4518447662777185
12.562240156671283,0.03623135476667619
12.570111234463685,0.40667644874482134
12.577982312256085,1.8258873758319027
12.585853390048484,0.37128037342129594
12.593724467840886,0.5895738914812474
12.601595545633286,0.6057465248350918
12.609466623425686,1.0927727953928534
12.617337701218087,0.8784913531267742
12.625208779010489,2.013931889784841
12.633079856802889,2.513226644830763
12.640950934595288,0.12293401118186995
12.64882201238769,0.07395419100098503
12.65669309018009,0.3124700510767089
12.66456416797249,0.7043153082878287
12.672435245764891,0.9743128578227893
12.680306323557293,0.3231111318245857
12.688177401349693,0.689757143921387
12.696048479142092,1.157658643486884
12.703919556934492,0.16634270796859016
12.711790634726894,0.10997366072175291
12.719661712519294,0.46316365480845306
12.727532790311695,0.5021290534878006
12.735403868104097,0.36849108141399955
12.743274945896497,0.8526984270911709
12.751146023688896,0.31500006249546636
12.759017101481296,1.3099047224778744
12.766888179273698,0.2376445444113461
12.774759257066098,0.10418954330551433
12.7826303348585,4.687629354777487
12.7905014126509,0.23128180192612113
12.7983724904433,2.34179116593935
12.8062435682357,1.5192167102335108
12.8141146460281,2.1100984793554787
12.821985723820502,0.25194949237279046
12.829856801612902,0.10637300111829445
12.837727879405303,0.2899811062717298
12.845598957197703,0.1599809359120749
12.853470034990105,1.1106398882826396
12.861341112782505,0.34037963350092176
12.869212190574904,0.37111487668147025
12.877083268367306,0.3745394393178278
12.884954346159706,1.6144800585165473
12.892825423952106,0.665084056906178
12.900696501744507,2.3178388398324175
12.908567579536909,0.3529531781752005
12.916438657329309,0.8635358054382885
12.924309735121708,0.09523029463890245
12.932180812914108,0.7683401536251304
12.94005189070651,1.711071095121914
12.94792296849891,1.8500924508149061
12.955794046291311,0.8447404084357616
12.963665124083713,0.5566693661413931
12.971536201876113,0.814538241624663
12.979407279668512,0.6443858613068694
12.987278357460912,0.3889509686956243
12.995149435253314,6.1029847366918455
13.003020513045714,1.629368778835452
13.010891590838115,0.023831204448822467
13.018762668630515,0.32993691438488937
13.026633746422917,0.29798744928027204
13.034504824215317,0.12846254485117053
13.042375902007716,0.40605556745619664
13.050246979800118,1.2737996881916855
13.058118057592518,0.7163429955554793
13.06598913538492,0.2847770203486883
13.07386021317732,1.6777883851488586
13.08173129096972,0.6915207983511984
13.08960236876212,0.3258146597343146
13.09747344655452,0.028921099110236027
13.105344524346922,0.1860598796208312
13.113215602139322,0.056455506871991294
13.121086679931722,0.12395944994871173
13.128957757724123,0.39471240025496085
13.136828835516525,0.47161598043269304
13.144699913308925,0.3246497967186582
13.152570991101324,0.5503319250152416
13.160442068893726,3.5535481458389238
13.168313146686126,1.6236924619496191
13.176184224478526,0.8951277792546154
13.184055302270927,0.585639024859498
13.191926380063329,1.0929679832548316
13.199797457855729,1.8714629093708741
13.207668535648128,0.2871126065868876
13.215539613440528,0.29981288920799387
13.22341069123293,0.21220588534649729
13.23128176902533,0.19447135150367495
13.239152846817731,0.6183369935300257
13.247023924610131,0.06801889224046086
13.254895002402533,1.6945978615974238
13.262766080194933,0.545184603924614
13.270637157987332,0.7546711905687977
13.278508235779734,1.9129574770387756
13.286379313572134,0.3227270103407216
13.294250391364535,1.4374698519930238
13.302121469156935,0.3441248016132739
13.309992546949337,1.09352384796598
13.317863624741737,0.18469606305788597
13.325734702534136,0.9675432334677118
13.333605780326538,0.34914460482581816
13.341476858118938,0.15560349254216913
13.349347935911338,1.3899390993818697
13.35721901370374,1.5637278254823175
13.36509009149614,0.9906116532023005
13.37296116928854,0.024838588439793776
13.38083224708094,0.029664981679645968
13.388703324873342,0.8937479556918602
13.396574402665742,1.6479241613904054
13.404445480458142,0.1762106566120604
13.412316558250543,0.1469118925619143
13.420187636042945,0.23778390556995577
13.428058713835345,0.0872384271310597
13.435929791627744,0.10107073765828808
13.443800869420144,0.4740714110692553
13.451671947212546,0.2903294668368793
13.459543025004946,0.10292488181000488
13.467414102797347,0.3287044940628992
13.475285180589747,3.0534971666490094
13.483156258382149,0.6841763544757853
13.491027336174549,2.5766774216381703
13.498898413966948,0.2814767769961264
13.50676949175935,5.508666799143108
13.51464056955175,0.12546695680352773
13.522511647344151,1.17005630895287
13.530382725136551,1.562407342050941
13.538253802928953,0.01877834171144144
13.546124880721353,1.1450872363033973
13.553995958513752,3.2878276901181613
13.561867036306154,0.7958892932099391
13.569738114098554,0.07664080499640472
13.577609191890955,0.33774725964476554
13.585480269683355,0.787680062929459
13.593351347475757,0.021234278079563546
13.601222425268157,2.250097295886553
13.609093503060556,1.5133211002645357
13.616964580852958,0.005986800005732697
13.624835658645358,1.4442953420148557
13.632706736437758,1.1753781345344199
13.64057781423016,0.2020028444627066
13.64844889202256,0.13863675037307222
13.65631996981496,0.24943909853455398
13.66419104760736,0.5866141212286203
13.672062125399762,0.18224214682316695
13.679933203192162,0.6699733920272488
13.687804280984562,0.11104748346622044
13.695675358776963,0.9091209968400915
13.703546436569365,1.7287780772669115
13.711417514361765,0.14825747014738674
13.719288592154165,0.1262490290589344
13.727159669946564,0.29798792397065504
13.735030747738966,1.662030311514691
13.742901825531366,1.2934103711957494
13.750772903323767,1.827140678239458
13.758643981116167,6.137581822478504
13.766515058908569,0.19444494119804706
13.774386136700969,1.0765490033594367
13.782257214493368,3.0373189334585655
13.79012829228577,0.6951017005755163
13.79799937007817,0.4296083500712876
13.805870447870571,0.3676650721708209
13.813741525662971,2.3349617084695726
13.821612603455373,3.6189471795890698
13.829483681247773,0.6419065190407358
13.837354759040172,1.7193635722227993
13.845225836832574,0.3221336941627728
13.853096914624974,0.5192359620644073
13.860967992417374,0.019117935323324554
13.868839070209775,1.5709080768955195
13.876710148002177,0.17142923138692712
13.884581225794577,0.4974021830342665
13.892452303586976,0.940804982658189
13.900323381379378,2.2241464427074433
13.908194459171778,0.11486833725450032
13.916065536964178,0.19950255906932352
13.92393661475658,2.0915934629784645
13.93180769254898,0.9789541729281681
13.93967877034138,0.20597570992190703
13.94754984813378,0.20601020446030097
13.95542092592618,0.45228631716425594
13.963292003718582,0.1201615179417177
13.971163081510982,0.9495429743378517
13.979034159303383,0.7580162319183467
13.986905237095783,0.8443542218243348
13.994776314888185,1.459159318857558
14.002647392680585,1.424759039614298
14.010518470472984,0.9368521152298874
14.018389548265386,1.411593089574091
14.026260626057786,0.37818063470399516
14.034131703850187,0.232415445915235
14.042002781642587,0.9505780585702396
14.049873859434989,1.0950361051247381
14.057744937227389,0.16874978954808395
14.065616015019788,1.4103802552138665
14.07348709281219,0.04928542996700726
14.08135817060459,1.2424232555570829
14.089229248396991,0.23234324979833873
14.097100326189391,0.5858365450963061
14.104971403981793,0.4617750191693517
14.112842481774193,0.19775930842635028
14.120713559566592,2.593447849512468
14.128584637358994,0.8706607825525796
14.136455715151394,0.31041976438649
14.144326792943794,0.8858364944052664
14.152197870736195,0.8879999659180235
14.160068948528597,1.3995631838701514
14.167940026320997,0.322413159279301
14.175811104113397,0.18376801361593773
14.183682181905796,0.35934930654079456
14.191553259698198,3.3090647974375367
14.199424337490598,1.4636492730691912
14.207295415283,4.019298730782263
14.2151664930754,1.3726770662936332
14.2230375708678,2.409531225750266
14.2309086486602,0.5414263510330631
14.2387797264526,0.12651869169159094
14.246650804245002,0.10502384603324709
14.254521882037402,0.0935712916314458
14.262392959829803,2.1416682024878795
14.270264037622203,0.2598862966285198
14.278135115414605,2.4289466641591613
14.286006193207005,0.4363731288916373
14.293877270999404,1.410568069045343
14.301748348791806,1.1245357410019765
14.309619426584206,0.3948737297344933
14.317490504376607,2.495361720872764
14.325361582169007,1.427651524817223
14.333232659961409,0.27576259641966855
14.341103737753809,0.8981146190588241
14.348974815546208,0.7630411521123774
14.35684589333861,0.6189987615799795
14.36471697113101,0.1852586613599707
14.37258804892341,0.027083908799376707
14.380459126715811,0.14496884181750452
14.388330204508213,0.11822132834204607
14.396201282300613,0.5536690586905507
14.404072360093013,1.4655457389839874
14.411943437885414,0.19160806941891334
14.419814515677814,0.44735316586620366
14.427685593470214,0.8533332838878843
14.435556671262615,1.1675412788680484
14.443427749055015,1.4105612809167614
14.451298826847417,0.07509153020847152
14.459169904639817,0.8231205444534782
14.467040982432216,0.8029001754818752
14.474912060224618,0.21131796658424828
14.482783138017018,2.640310250231252
14.49065421580942,0.06197087107546132
14.49852529360182,0.2416751331286918
14.50639637139422,0.2374744551261132
14.51426744918662,0.5838169312309014
14.52213852697902,0.8978680047658192
14.530009604771422,0.6505261338113599
14.537880682563822,1.0955310767537934
14.545751760356223,1.3678807878221544
14.553622838148623,2.507343960837306
14.561493915941025,0.08829874013328537
14.569364993733425,0.10021379984192123
14.577236071525824,0.17195509675878745
14.585107149318226,0.023557335274010386
14.592978227110626,1.9097198413076266
14.600849304903026,2.3562414202906083
14.608720382695427,0.2814132381517478
14.616591460487829,0.07908844853683471
14.624462538280229,0.4427120945075292
14.632333616072629,0.9992064578531522
14.64020469386503,1.5022574937522095
14.64807577165743,0.8102901762134637
14.65594684944983,0.5399252182158898
14.663817927242231,0.09850551267017775
14.671689005034631,0.12726809441543707
14.679560082827033,0.14553168924865353
14.687431160619433,0.41604278253059607
14.695302238411832,1.7136668606522614
14.703173316204234,0.060636008333999146
14.711044393996634,0.19937827531511743
14.718915471789035,0.09107856839138957
14.726786549581435,0.3277906044108691
14.734657627373837,0.20140380104093453
14.742528705166237,0.04665830007487134
14.750399782958636,1.0469283059123569
14.758270860751038,0.19198306720337438
14.766141938543438,1.0112989452830297
14.77401301633584,2.32425048218991
14.78188409412824,0.1597307243372891
14.78975517192064,0.44074621989916335
14.79762624971304,0.12426595034196332
14.80549732750544,0.7812551268371297
14.813368405297842,0.3266083173929143
14.821239483090242,0.8337239195147983
14.829110560882643,0.2750137539229767
14.836981638675043,0.46737427040939916
14.844852716467445,0.15685731038189324
14.852723794259845,0.6746919368979261
14.860594872052244,0.9764264753775672
14.868465949844646,0.4487710729042897
14.876337027637046,0.040271397069112425
14.884208105429446,0.00701419066202582
14.892079183221847,1.5655518248077855
14.899950261014247,0.047009366507585956
14.907821338806649,1.047244535106979
14.915692416599049,0.1875064961289091
14.923563494391448,0.2460636003010028
14.93143457218385,1.0664666798215081
14.93930564997625,0.9180459050109941
14.947176727768651,0.8183262415897317
14.955047805561051,0.6688883898952966
14.962918883353453,0.3469342536929365
14.970789961145853,0.5827978555293764
14.978661038938252,0.35067678325156326
14.986532116730654,0.3469591835698808
14.994403194523054,0.93152067401471
15.002274272315455,0.7724839003324353
15.010145350107855,0.7214288405488039
15.018016427900257,0.7366959897992197
15.025887505692657,0.5410253777281137
15.033758583485056,0.3338988605432666
15.041629661277458,0.36173444741492455
15.049500739069858,0.6522439020196165
15.05737181686226,3.2061087224857645
15.06524289465466,0.17203010932029034
15.07311397244706,0.7699289825896054
15.08098505023946,0.17736552335061315
15.08885612803186,0.7514046447931859
15.096727205824262,0.5634637277522248
15.104598283616662,0.3919720650645805
15.112469361409062,0.004103407873227925
15.120340439201463,0.45410962539876343
15.128211516993863,1.0162785011981874
15.136082594786265,0.10823086938562697
15.143953672578665,0.2717713676402667
15.151824750371066,0.15143991543137442
15.159695828163466,0.5144808557593462
15.167566905955866,1.180999532324144
15.175437983748267,0.2585029133369003
15.183309061540667,0.6199763471458273
15.191180139333069,0.7490395056393342
15.199051217125469,0.09979440443634155
15.206922294917868,0.43102299092601337
15.21479337271027,0.4389299331048607
15.22266445050267,0.1613076214354417
15.230535528295071,2.1342414275184614
15.238406606087471,0.4060724387573555
15.246277683879873,2.7134779959743334
15.254148761672273,0.8927847832210355
15.262019839464672,0.9931956559007217
15.269890917257074,0.06129834358707775
15.277761995049474,0.054468188949738906
15.285633072841875,2.095089694452862
15.293504150634275,1.1407319974093821
15.301375228426677,1.0347174346901686
15.309246306219077,0.8907266955908243
15.317117384011476,1.1944006343391673
15.324988461803878,2.417808304082241
15.332859539596278,0.9098441242952293
15.340730617388678,3.5719399890704815
15.34860169518108,0.8111906420612226
15.35647277297348,0.04701863483668734
15.36434385076588,0.7122847654480902
15.37221492855828,0.6201870416088696
15.380086006350682,1.5534553204766606
15.387957084143082,0.7038476652747896
15.395828161935482,2.1460739629378196
15.403699239727883,1.1053167483147759
15.411570317520283,2.206285574662445
15.419441395312685,4.132739747856143
15.427312473105085,0.09576026602589645
15.435183550897484,1.673663523248017
15.443054628689886,0.2654396441033474
15.450925706482286,0.3394554158253811
15.458796784274687,0.38444997332097836
15.466667862067087,2.603264944452591
15.474538939859489,0.07659684203792036
15.482410017651889,2.3096007705707295
15.490281095444288,4.893067635031895
15.49815217323669,0.33376655348722856
15.50602325102909,0.7861856132409064
15.513894328821491,0.5085188485864773
15.521765406613891,0.13442358440576793
15.529636484406293,1.8617623732770998
15.537507562198693,0.16272246726715323
15.545378639991092,2.991817649185607
15.553249717783494,1.9521161575958428
15.561120795575894,3.2622170497633505
15.568991873368295,1.0897438528590513
15.576862951160695,0.49800143840940114
15.584734028953095,0.1867744209001844
15.592605106745497,1.4472939006957406
15.600476184537897,0.45212776354408857
15.608347262330298,0.4045930767891462
15.616218340122698,3.7139181477395438
15.624089417915098,2.8482267229357623
15.6319604957075,0.5726551657234252
15.6398315734999,0.3298255668411878
15.6477026512923,0.10929239472847739
15.6555737290847,0.1290653579824285
15.663444806877102,0.2605079126417284
15.671315884669502,0.1737840516843198
15.679186962461902,0.05858502658542657
15.687058040254303,0.37432063689399814
15.694929118046703,0.6942070508912647
15.702800195839105,0.02455190795076069
15.710671273631505,0.231300208362178
15.718542351423904,0.8146493696937134
15.726413429216306,3.9816700564927054
15.734284507008706,0.43794226968436606
15.742155584801107,0.7881440355402667
15.750026662593507,0.24802721870975344
15.757897740385909,0.5970467151701984
15.765768818178309,1.195552856061836
15.773639895970708,4.92808970611826
15.78151097376311,0.9353682551597243
15.78938205155551,0.26011176648172374
15.797253129347911,0.5538906142618212
15.805124207140311,0.4227419660248925
15.812995284932711,0.8745631950819027
15.820866362725113,0.03237541065012715
15.828737440517513,0.35125473454815276
15.836608518309914,1.4295980159513997
15.844479596102314,0.4187638413262563
15.852350673894714,0.8179492281662166
15.860221751687115,0.5354037526563115
15.868092829479515,0.9404857014092007
15.875963907271917,0.541300062891196
15.883834985064317,0.33333281617613847
15.891706062856718,0.03628219965813791
15.899577140649118,0.1143161802216088
15.907448218441518,1.521670904490961
15.91531929623392,2.1497550308321047
15.92319037402632,0.3762259461618089
15.93106145181872,0.15636358541514508
15.93893252961112,0.05584102320103306
15.94680360740352,0.1869128434612421
15.954674685195922,6.3154916187953765
15.962545762988322,0.2621009579146359
15.970416840780723,0.6078082695236655
15.978287918573123,1.0588513995754487
15.986158996365525,0.3335388632713086
15.994030074157925,3.1634337448718326
16.001901151950324,1.77204445834246
16.009772229742726,2.708677468695777
16.017643307535128,0.6186206774535241
16.02551438532753,1.1244467769283393
16.03338546311993,0.6278731361625335
16.04125654091233,4.690616865810683
16.04912761870473,0.6810620042706335
16.056998696497132,0.05044592612065395
16.06486977428953,1.256508933331948
16.07274085208193,0.11764450985547749
16.080611929874333,0.10506920449470321
16.08848300766673,1.14490886471558
16.096354085459133,3.266224738127326
16.104225163251535,0.9306769917840267
16.112096241043936,0.045484611492586376
16.119967318836334,2.9995203725671127
16.127838396628736,1.497205811322138
16.135709474421137,2.343487919236259
16.143580552213535,0.48686033636768367
16.151451630005937,2.939349063672376
16.15932270779834,0.6818335416840504
16.16719378559074,0.22073166679159065
16.175064863383138,1.3606864297665595
16.18293594117554,0.1128676929664585
16.19080701896794,1.095484820682471
16.19867809676034,1.0031184134695235
16.20654917455274,0.6183374003840367
16.214420252345143,1.41912019055599
16.22229133013754,4.9408332547597835
16.230162407929942,2.2994998402449904
16.238033485722344,0.5134526930098502
16.245904563514745,0.0906368571026704
16.253775641307143,0.8194040313854472
16.261646719099545,0.6367268668279913
16.269517796891947,0.32670599745361867
16.277388874684345,0.4462999870496976
16.285259952476746,0.20988394592976783
16.293131030269148,0.6442805618833773
16.30100210806155,0.7647087625852358
16.308873185853948,1.1326895372103698
16.31674426364635,1.6699565568704335
16.32461534143875,4.750596045388459
16.33248641923115,0.5749916225051133
16.34035749702355,0.4197811118621429
16.348228574815952,0.5244845551302396
16.356099652608354,6.499195460902426
16.36397073040075,0.10348363342042009
16.371841808193153,2.9408427565729287
16.379712885985555,0.23250269482276237
16.387583963777953,0.2925580581056662
16.395455041570354,0.4586602965586197
16.403326119362756,0.7573086390042967
16.411197197155154,0.30542517206085806
16.419068274947556,0.8107668593059758
16.426939352739957,1.5091608594509809
16.43481043053236,5.91030097441951
16.442681508324757,2.3469323461011284
16.45055258611716,0.5779547873522933
16.45842366390956,0.338437638405598
16.466294741701958,1.6210915081050552
16.47416581949436,1.299543151445754
16.48203689728676,0.5357156087749153
16.489907975079163,0.6962075414174494
16.49777905287156,0.6130255220215886
16.505650130663962,0.40222302473329147
16.513521208456364,0.2815851739016157
16.521392286248762,1.2870925230130421
16.529263364041164,0.4130393335822534
16.537134441833565,0.12412697614579117
16.545005519625963,0.07181677602911395
16.552876597418365,1.1839136816147122
16.560747675210767,0.6524960696265781
16.568618753003168,0.034259136593044096
16.576489830795566,0.23244932931442674
16.584360908587968,0.5354119978033827
16.59223198638037,0.6770281243417837
16.600103064172767,1.137537825861632
16.60797414196517,0.12129919514741051
16.61584521975757,0.3941587315210303
16.623716297549972,0.05607066952112802
16.63158737534237,0.8885267506000254
16.639458453134772,0.507633231855671
16.647329530927173,0.7386168433017942
16.65520060871957,0.060073379132497905
16.663071686511973,0.1285758145471245
16.670942764304375,0.060403890606318074
16.678813842096776,1.0228418893526305
16.686684919889174,0.30529202320870186
16.694555997681576,0.6777275621477091
16.702427075473977,0.3484437746185221
16.710298153266375,0.6666950093749715
16.718169231058777,0.7884453807901742
16.72604030885118,1.1597808697232392
16.733911386643577,1.2978951688507288
16.74178246443598,1.0039706672234407
16.74965354222838,0.10974294501838133
16.75752462002078,0.1489141843098756
16.76539569781318,0.16043121665825916
16.77326677560558,0.5356549589025847
16.781137853397983,0.4561524863471951
16.78900893119038,0.3394090494199695
16.796880008982782,0.5037772702709383
16.804751086775184,1.0290464883148613
16.812622164567586,0.9729857499950652
16.820493242359984,0.5646504036340229
16.828364320152385,0.5217220269757131
16.836235397944787,1.3185069285580908
16.844106475737185,0.09474351322908624
16.851977553529586,0.6486946158324466
16.859848631321988,0.6149213167557399
16.86771970911439,0.0901006406621825
16.875590786906788,0.6241037961250399
16.88346186469919,1.3618711256513156
16.89133294249159,2.419062161943608
16.89920402028399,0.14992515351003127
16.90707509807639,0.35328200129176957
16.914946175868792,0.9934905651243068
16.92281725366119,1.1406814040670228
16.93068833145359,1.1872465728034944
16.938559409245993,1.5253943816183118
16.946430487038395,0.4887884432053657
16.954301564830793,0.00660311733886961
16.962172642623194,0.7040933327265443
16.970043720415596,0.5487986096982115
16.977914798207994,0.2820447404384539
16.985785876000396,1.0318201226323307
16.993656953792797,0.18693670058644915
17.0015280315852,0.02034953426959231
17.009399109377597,0.21635991857519532
17.01727018717,0.4701378976196327
17.0251412649624,0.1832644448847212
17.033012342754798,0.10332838139661694
17.0408834205472,0.4073309058857307
17.0487544983396,0.16449000737043648
17.056625576132,1.9987680500953358
17.0644966539244,0.15601637969451118
17.072367731716803,1.3530347668692337
17.080238809509204,5.785656225484223
17.088109887301602,1.298563247272194
17.095980965094004,0.494772072493449
17.103852042886405,2.1402015990447762
17.111723120678803,2.68769828336219
17.119594198471205,1.4211753100866662
17.127465276263607,1.6164665349746528
17.135336354056008,2.4956282950966098
17.143207431848406,0.10319948688336787
17.151078509640808,0.2819731799867835
17.15894958743321,0.1617656889515533
17.166820665225607,0.13702750479514614
17.17469174301801,0.7410479288081447
17.18256282081041,0.24185578734826346
17.190433898602812,0.21158873960782068
17.19830497639521,2.283911869803653
17.206176054187612,1.4382834565546196
17.214047131980013,0.8075407759925387
17.22191820977241,0.4443911065798219
17.229789287564813,0.389959398618418
17.237660365357215,0.7665210206603199
17.245531443149613,0.1940040520774571
17.253402520942014,0.10028751158161235
17.261273598734416,3.7002094608238525
17.269144676526818,0.1211468326315339
17.277015754319216,6.375638462030691
17.284886832111617,0.5381695316745991
17.29275790990402,0.5721125768044221
17.300628987696417,0.899612294512239
17.30850006548882,0.3179080800885478
17.31637114328122,0.631940751217887
17.32424222107362,0.0012314816852175379
17.33211329886602,0.0368724496997733
17.33998437665842,0.437477642114783
17.347855454450823,0.053280246743001615
17.35572653224322,1.5418113881009314
17.363597610035622,1.1212003127436492
17.371468687828024,0.21976949597005954
17.379339765620422,0.39078555836607604
17.387210843412824,0.19880512273873854
17.395081921205225,0.1048386672184613
17.402952998997627,0.16013153297429905
17.410824076790025,0.22964440186372745
17.418695154582426,0.27145239692222556
17.426566232374828,0.031241826499591237
17.434437310167226,2.0476091130014997
17.442308387959628,0.23996571490938032
17.45017946575203,0.07883864602585658
17.45805054354443,0.034293457800741764
17.46592162133683,4.217768097527962
17.47379269912923,0.2897620304005316
17.481663776921632,3.330994335709135
17.48953485471403,0.9135416412867002
17.49740593250643,0.6727387142449216
17.505277010298833,1.1426949910852635
17.513148088091235,4.37885621248849
17.521019165883633,3.1927797691434066
17.528890243676035,0.28744631721475
17.536761321468436,0.32146756624180006
17.544632399260834,0.826417246475517
17.552503477053236,0.35044765578595044
17.560374554845637,0.06205864090313969
17.568245632638035,0.5140030014902587
17.576116710430437,0.24277605349904183
17.58398778822284,0.7092731339784287
17.59185886601524,2.073128070831892
17.599729943807638,0.432092243496471
17.60760102160004,2.881014567034616
17.61547209939244,1.0971897240793145
17.62334317718484,0.4977861313869349
17.63121425497724,1.362956496621741
17.639085332769643,0.08747636094566905
17.646956410562044,0.5880887512378983
17.654827488354442,0.8725744324181882
17.662698566146844,1.8535778118612671
17.670569643939245,0.4065017362451031
17.678440721731643,1.5257412283995524
17.686311799524045,0.9176165161570827
17.694182877316447,2.106323590980029
17.70205395510885,0.41676509371112974
17.709925032901246,0.10311730065735242
17.717796110693648,0.7668725056656774
17.72566718848605,1.1862896883612934
17.733538266278448,0.7319123065750744
17.74140934407085,0.011402642310994146
17.74928042186325,1.075440494539287
17.75715149965565,0.5395566575966692
17.76502257744805,0.5292675634313604
17.772893655240452,0.8488905098001445
17.780764733032854,0.12806512298130807
17.78863581082525,1.1396631196075924
17.796506888617653,0.1226118822169199
17.804377966410055,1.1966909927991194
17.812249044202453,0.14181942258665672
17.820120121994854,3.2357595405195383
17.827991199787256,2.0520422730884866
17.835862277579658,6.897788352111686
17.843733355372056,0.8564089783660863
17.851604433164457,1.175223418695242
17.85947551095686,1.0315665512678476
17.867346588749257,0.1276875665381211
17.87521766654166,0.4157431996948181
17.88308874433406,2.3609178842466507
17.890959822126458,2.5459097589652804
17.89883089991886,1.0697148260429423
17.90670197771126,1.204804585411462
17.914573055503663,1.1565436424851756
17.92244413329606,0.9420777486716971
17.930315211088462,4.742321914166703
17.938186288880864,0.5076109064528349
17.946057366673262,0.35778232673595467
17.953928444465664,0.1613656338150079
17.961799522258065,0.8081293077817762
17.969670600050467,0.11410440196267119
17.977541677842865,2.5262834296323224
17.985412755635267,0.1277810467175217
17.993283833427668,0.5456487501440546
18.001154911220066,0.5447632903686332
18.009025989012468,1.734183601642528
18.01689706680487,4.345555048936145
18.02476814459727,0.32330321988105754
18.03263922238967,1.290709535241483
18.04051030018207,0.33810412224532904
18.048381377974472,0.5976088647972091
18.05625245576687,0.45514184136695074
18.064123533559272,0.5949392747640473
18.071994611351677,0.5167111841673384
18.07986568914407,2.08342189562361
18.087736766936477,0.4850401118248932
18.095607844728875,0.3939021855885277
18.10347892252128,0.11037131405153387
18.111350000313674,0.834188277559953
18.11922107810608,0.06414785574924206
18.12709215589848,0.30981476822968174
18.134963233690875,0.9868719823359476
18.14283431148328,0.4636272069782789
18.15070538927568,0.740204962245296
18.15857646706808,0.13440441819880572
18.16644754486048,0.36922871639024346
18.17431862265288,1.45945543004678
18.18218970044528,0.9198390586688513
18.19006077823768,0.6567630017155318
18.19793185603008,2.0032494330931114
18.205802933822483,0.0036574753870983225
18.21367401161488,0.7408494850964513
18.22154508940728,0.4369510254035205
18.229416167199684,1.4739822979585562
18.23728724499209,0.5650412469866525
18.245158322784484,1.6205486628786887
18.253029400576885,0.23363512865317226
18.260900478369287,0.006250666241407081
18.268771556161685,0.3559137017311717
18.276642633954086,0.32482413076567734
18.284513711746488,0.16915029098763254
18.29238478953889,0.01903261067311479
18.300255867331288,0.5179333159475993
18.30812694512369,0.6123581082165311
18.31599802291609,1.599080734655399
18.32386910070849,3.21811346765153
18.33174017850089,1.3159841280842692
18.33961125629329,1.0138054422400535
18.347482334085694,1.3603219896481735
18.35535341187809,0.9550821179917122
18.363224489670493,1.617318760366784
18.37109556746289,1.8425447084795608
18.378966645255293,0.8828673627914765
18.38683772304769,2.141141854953225
18.394708800840096,0.006966251786537335
18.40257987863249,1.339314556718086
18.410450956424896,0.8541048069814547
18.418322034217297,2.1330495088447603
18.4261931120097,2.7039872611991504
18.434064189802097,0.5193225534228435
18.4419352675945,0.14209156190319708
18.4498063453869,0.4364366533615499
18.457677423179295,1.5760039040931244
18.4655485009717,0.2524385019213383
18.4734195787641,0.6919495392234325
18.481290656556503,1.655310529460903
18.4891617343489,0.2512456366307686
18.497032812141303,0.18300939715089076
18.504903889933704,2.6068139033832787
18.512774967726106,1.7560156473522337
18.520646045518504,0.12943699935189568
18.528517123310905,1.2324053888754785
18.536388201103307,4.012043716434447
18.544259278895705,0.5008907957658657
18.552130356688107,0.4119137316545272
18.560001434480508,2.3707886965539138
18.567872512272903,1.3432195030449334
18.575743590065308,0.29320528364424747
18.58361466785771,0.4617102662045495
18.591485745650107,0.12770833087648964
18.59935682344251,0.06230849593495927
18.60722790123491,0.021207334508307214
18.615098979027312,0.6524033449545433
18.62297005681971,0.09135596702739165
18.630841134612112,0.19669864741170343
18.638712212404517,0.5909557381669097
18.64658329019691,0.07454753758577454
18.654454367989317,0.4391434018008695
18.662325445781715,0.2852676597480875
18.67019652357412,0.5791678858413427
18.678067601366514,0.791761685214624
18.68593867915892,0.1496697947101726
18.69380975695132,1.1520528610550462
18.70168083474372,0.14235262314994634
18.70955191253612,0.4062123094086269
18.71742299032852,2.5943470820686074
18.72529406812092,0.46492499043179625
18.73316514591332,0.051443587154458986
18.74103622370572,1.0206949517028479
18.74890730149812,0.23543522547379614
18.75677837929052,3.7325461323993565
18.76464945708292,0.4877761104274996
18.772520534875323,0.00397214577571565
18.78039161266772,0.2592622653531312
18.78826269046012,0.5009255963702344
18.796133768252524,0.24798799045370787
18.80400484604493,0.2474324267565234
18.811875923837324,1.6472819927589561
18.819747001629725,0.6836475454766119
18.827618079422127,0.04902101205204978
18.835489157214525,0.6782101524260239
18.843360235006926,0.2636146870333465
18.851231312799328,2.0351576437198284
18.85910239059173,0.7575916836298336
18.866973468384128,0.13230982703279703
18.87484454617653,0.03026738134098068
18.88271562396893,2.576955493853706
18.89058670176133,0.11095813145737829
18.89845777955373,0.738683757051215
18.90632885734613,0.4844472225004454
18.91419993513853,0.24678637673811143
18.92207101293093,1.3872093405015784
18.929942090723333,0.8954655823120095
18.93781316851573,0.9912285765000529
18.945684246308133,0.43680884782733814
18.95355532410053,0.7884043546820723
18.961426401892936,0.2096207443382928
18.96929747968533,1.5770192669298615
18.977168557477736,1.162954532569352
18.985039635270137,0.5444972264000807
18.99291071306254,0.43229442598350576
19.000781790854937,0.18219577915719531
19.00865286864734,0.27093949494116454
19.01652394643974,0.9241296297091125
19.02439502423214,0.8894320015246763
19.03226610202454,0.29525852231537225
19.04013717981694,2.0724009384451856
19.04800825760934,0.48711838760190423
19.05587933540174,0.8118790661155055
19.063750413194143,1.560828339521736
19.071621490986544,1.0198269403521492
19.079492568778942,2.9223049249081514
19.087363646571344,1.8256090229132345
19.095234724363745,0.7550292884154672
19.103105802156144,0.07556972010778491
19.110976879948545,0.13337343613675776
19.118847957740947,0.3056224873229451
19.12671903553335,1.847289182275033
19.134590113325743,1.0954761128331039
19.142461191118148,0.14376160860654277
19.15033226891055,1.3291528967454482
19.158203346702948,0.05607342950948142
19.16607442449535,0.8192810593541692
19.17394550228775,6.100526625218013
19.181816580080152,0.893204724519736
19.18968765787255,2.414771577322635
19.197558735664952,0.020126393894325738
19.205429813457357,0.07282432664066117
19.21330089124975,1.0006392411625886
19.221171969042157,1.2148256378481346
19.229043046834555,0.3140549714676375
19.236914124626956,0.03673772738737733
19.244785202419354,0.03147653772354061
19.25265628021176,0.2749927979352461
19.26052735800416,4.046428551324286
19.26839843579656,0.1185259083027366
19.27626951358896,1.0932397249877746
19.28414059138136,0.14035667051928896
19.29201166917376,0.27027675104819104
19.29988274696616,0.015406651271695866
19.30775382475856,2.2293320325028856
19.31562490255096,0.3998592177374771
19.32349598034336,1.7405059174830777
19.33136705813576,0.8892761195205285
19.339238135928163,0.7178413681529681
19.34710921372056,0.20898001205227268
19.354980291512963,0.08010213153683624
19.362851369305364,0.16411427546832577
19.37072244709776,1.4324362944556928
19.378593524890164,2.7515980311684376
19.386464602682565,0.5838634605793451
19.394335680474967,1.4845125302779847
19.402206758267365,0.7355248427855751
19.410077836059767,1.1772734086032983
19.417948913852168,0.3013268360750431
19.42581999164457,0.19421454171310562
19.433691069436968,1.9058702339775835
19.44156214722937,1.6837880725953418
19.44943322502177,0.2775207082232924
19.45730430281417,0.023146703197606023
19.46517538060657,0.23257780769473288
19.47304645839897,0.848808712365046
19.48091753619137,0.2862924524188891
19.48878861398377,0.5304527639855326
19.496659691776173,0.3124346493458769
19.50453076956857,0.23729692334704253
19.512401847360973,0.2548611098541056
19.52027292515337,0.37388414755143384
19.528144002945776,1.7219626316891212
19.53601508073817,1.2614228307307436
19.543886158530576,1.3713151297198651
19.551757236322977,0.5423544912016024
19.559628314115376,0.5326533785186885
19.567499391907777,0.9716737369336331
19.57537046970018,0.24621866141236531
19.58324154749258,1.4083247044385976
19.59111262528498,0.4495537199552886
19.59898370307738,0.20077793664485746
19.60685478086978,1.5833023709243594
19.61472585866218,1.6933067869136833
19.62259693645458,0.3683019480985688
19.630468014246983,0.5762619470077799
19.638339092039384,0.19779563387560586
19.646210169831782,0.020557035068430575
19.654081247624184,0.07723535803872073
19.661952325416586,0.5016797777403609
19.669823403208984,0.05402800977088552
19.677694481001385,1.3812406788091574
19.685565558793787,0.2601845201393995
19.69343663658619,1.078567284595162
19.701307714378583,1.4033126885327096
19.709178792170988,0.11810503015994729
19.71704986996339,1.6254039529818323
19.724920947755788,0.2073500462782869
19.73279202554819,1.5345382211873866
19.74066310334059,0.4730168652873649
19.74853418113299,0.49477481163163517
19.75640525892539,0.8127137964558454
19.764276336717792,2.0840512132443747
19.772147414510197,1.2685754524240616
19.78001849230259,3.402816092377293
19.787889570094997,0.2678653615468577
19.795760647887395,2.4381562299063493
19.803631725679796,1.767198221435331
19.811502803472195,1.2543947114191105
19.8193738812646,0.8571553718886213
19.827244959057,0.5633838669332462
19.8351160368494,6.358989083110385
19.8429871146418,1.0929955764885448
19.8508581924342,2.4975225692495244
19.8587292702266,0.13485508333213161
19.866600348019,4.088324357995516
19.8744714258114,1.5561106104544193
19.8823425036038,2.83277855725426
19.8902135813962,2.227996616199278
19.8980846591886,2.754403692344277
19.905955736981003,3.576963470464924
19.9138268147734,0.01842244119560175
19.921697892565803,2.2136835051550006
19.929568970358204,0.22574335267239576
19.9374400481506,3.7075510102608895
19.945311125943004,3.2222152967297157
19.953182203735405,3.137523123812452
19.961053281527807,1.12176347144024
19.968924359320205,0.08724333524088934
19.976795437112607,0.6986310920604634
19.98466651490501,0.2548223716840145
19.992537592697406,0.10730729578999516
20.000408670489808,1.3654503721484252
20.00827974828221,1.0556031819554295
20.01615082607461,1.4029331128629217
20.02402190386701,0.9438341094953332
20.03189298165941,3.213680160824605
20.03976405945181,0.20001199978748896
20.04763513724421,0.5498459057862205
20.05550621503661,0.28826410895183635
20.063377292829013,1.8576365653557412
20.07124837062141,1.0096629780137238
20.079119448413813,0.962551161611944
20.08699052620621,3.5338337095495533
20.094861603998616,0.05279001054580673
20.10273268179101,0.45695196642507807
20.110603759583416,2.0730173512435766
20.118474837375818,0.3398499190143558
20.126345915168216,0.16262405235870897
20.134216992960617,2.085454344463154
20.14208807075302,1.1888298861539566
20.14995914854542,0.7609819378824906
20.15783022633782,1.3976224465937281
20.16570130413022,0.788895623214256
20.17357238192262,0.6798224296014427
20.18144345971502,0.12567104887541153
20.18931453750742,0.39553016529480234
20.197185615299823,0.07110102128498448
20.20505669309222,0.3406824225712585
20.212927770884622,1.0112488332496297
20.220798848677024,0.2669226988736685
20.228669926469426,1.7176392370656346
20.236541004261824,0.07395908301353224
20.244412082054225,0.9034313384430863
20.252283159846627,0.17534922894801352
20.260154237639025,0.48487558946647163
20.268025315431423,0.08617408248086174
20.275896393223828,0.36831769665516734
20.28376747101623,0.8457119591027488
20.291638548808628,0.6152380929170841
20.29950962660103,0.004788032594086598
20.30738070439343,0.11157162490149757
20.31525178218583,0.549785949288165
20.32312285997823,1.3819815280523213
20.330993937770632,0.27233915555194294
20.338865015563037,0.14046589495034148
20.34673609335543,2.1223261295495766
20.354607171147837,0.6653740666760423
20.362478248940235,0.6422242551789584
20.370349326732637,2.1408066521672087
20.378220404525035,0.1855196867205587
20.38609148231744,0.7756210012091188
20.393962560109838,1.3044460549017434
20.40183363790224,0.468675393676558
20.40970471569464,1.0399486283197015
20.41757579348704,1.1569685298841472
20.42544687127944,0.7084714006149523
20.43331794907184,0.028744788255708666
20.44118902686424,1.4498682382026131
20.44906010465664,2.1567661905496665
20.45693118244904,0.44127358068413247
20.46480226024144,0.36261502186355093
20.472673338033843,0.4524770604152889
20.48054441582624,0.18527253907523916
20.488415493618643,0.07169776464540702
20.496286571411044,0.16136489663072928
20.50415764920344,2.310203782453019
20.512028726995844,1.2171365287218818
20.519899804788245,1.3172926656772574
20.527770882580647,2.9649364696686744
20.535641960373045,0.155526117293379
20.543513038165447,0.07380192718182398
20.55138411595785,0.534352189743715
20.559255193750246,0.33981096343681194
20.567126271542648,0.17409723909587208
20.57499734933505,0.04086789492948485
20.582868427127448,0.050452027840687676
20.59073950491985,0.5135372747295269
20.59861058271225,0.08732500804936931
20.60648166050465,0.16339931604273528
20.61435273829705,1.7960214721863923
20.62222381608945,2.4753645679627327
20.630094893881854,1.8728196920006532
20.63796597167425,0.42953410809738324
20.645837049466653,0.1879508763642959
20.65370812725905,0.09873684066625271
20.661579205051456,0.07304286616039124
20.66945028284385,0.505727507999229
20.677321360636256,0.37805557843571386
20.685192438428658,1.1932362104123952
20.693063516221056,0.5868838924039769
20.700934594013457,2.8592544907938278
20.70880567180586,0.20507785986168434
20.716676749598257,2.509085654387378
20.72454782739066,0.8761889718046753
20.73241890518306,1.3875838695975031
20.74028998297546,0.03555497961170186
20.74816106076786,0.885591204473828
20.75603213856026,0.04563612376363085
20.763903216352663,0.012764250881778402
20.77177429414506,0.1299013022201068
20.779645371937463,0.8255210745383086
20.787516449729864,2.207731874236326
20.795387527522266,0.20348932601509304
20.803258605314664,2.0303887822892395
20.811129683107065,3.1659721143319857
20.819000760899467,1.395769958506468
20.826871838691865,0.4184184735817915
20.834742916484267,1.0645238974727307
20.842613994276668,0.1995800789017032
20.85048507206907,2.064039010471879
20.858356149861468,0.24898017425094632
20.86622722765387,2.2784007762299967
20.87409830544627,0.1405021269731377
20.88196938323867,0.2593647601828688
20.88984046103107,2.2357400940036265
20.897711538823472,1.2721027705750168
20.90558261661587,1.2903240430737586
20.913453694408272,1.5247922245984926
20.921324772200677,2.033512699237722
20.929195849993075,0.022601680511762985
20.937066927785477,0.8445414104230354
20.944938005577875,0.4105381945013024
20.95280908337028,0.7151640027613166
20.960680161162674,0.38770934801227813
20.96855123895508,0.2324090577300382
20.97642231674748,0.3296212776758998
20.98429339453988,0.5775546029181764
20.99216447233228,1.4872370082837147
21.00003555012468,0.035619860101503094
21.00790662791708,0.6967380439521104
21.01577770570948,0.2661131130253391
21.02364878350188,1.4746085657403645
21.03151986129428,0.24090708603936997
21.03939093908668,0.1782588726013753
21.04726201687908,0.8209238330708176
21.055133094671483,0.4455903922139789
21.063004172463884,1.2920213174160007
21.07087525025628,0.011112695599516506
21.078746328048684,1.1442040158714992
21.08661740584109,0.3856257373777875
21.094488483633484,1.1169949609136116
21.102359561425885,0.9039156917719459
21.110230639218287,0.30344607824682013
21.11810171701069,0.3571321368095238
21.125972794803086,0.174218565291575
21.133843872595488,0.3266692358873148
21.14171495038789,1.6026265246826084
21.149586028180288,0.9009680721591274
21.15745710597269,0.43541953847621995
21.16532818376509,2.99082228242493
21.17319926155749,0.07041816272266432
21.18107033934989,0.1147644557304348
21.18894141714229,0.20696229505675334
21.196812494934694,1.1858777953123174
21.20468357272709,1.0897775182398883
21.212554650519493,2.507383112964532
21.22042572831189,0.22721723156947285
21.228296806104293,0.6734394332065583
21.23616788389669,3.410711797573657
21.244038961689096,0.09428213782147467
21.251910039481498,0.38024744899329943
21.259781117273896,0.5775122885858828
21.267652195066297,0.0007429451735279815
21.2755232728587,0.36924834397485684
21.283394350651097,1.213069793195833
21.2912654284435,0.30709513432614954
21.2991365062359,2.0624208444229075
21.3070075840283,0.26546342720322386
21.3148786618207,2.2503014169824227
21.3227497396131,1.2998498451422484
21.330620817405503,0.12556672773523264
21.3384918951979,2.233429276748608
21.346362972990303,4.2505578282439584
21.354234050782704,1.8888833733223596
21.362105128575102,2.507475101482585
21.369976206367504,1.974191315453093
21.377847284159905,2.3262597573601065
21.385718361952307,1.7036236606658308
21.393589439744705,0.530836757970491
21.401460517537107,4.21477650544631
21.40933159532951,0.6577636462398607
21.417202673121903,0.9788224705736224
21.425073750914308,0.890577660571055
21.43294482870671,0.822297962926056
21.44081590649911,0.11658884557370915
21.44868698429151,1.5470106688739491
21.45655806208391,1.0072514929496592
21.464429139876312,0.7093737068886737
21.47230021766871,0.5619462768247157
21.480171295461112,0.18827294707065356
21.488042373253517,0.016537904916394643
21.495913451045915,0.16136491719925894
21.503784528838317,0.12408934043400995
21.511655606630715,0.013686683046512752
21.51952668442312,0.29740943469788894
21.527397762215514,0.4600520704438999
21.53526884000792,0.26347386554485563
21.54313991780032,0.08747404172006752
21.55101099559272,0.278130476755391
21.55888207338512,0.83692744473371
21.56675315117752,0.18070310518379354
21.57462422896992,0.7153108910900738
21.58249530676232,0.11710451860282914
21.59036638455472,0.4690721016068881
21.59823746234712,1.8386607297814896
21.60610854013952,0.9126058550859399
21.61397961793192,0.3869930385451734
21.621850695724323,1.852069506010673
21.629721773516724,0.7212810417130701
21.63759285130912,0.5769426660296738
21.645463929101524,0.09112972499730365
21.65333500689393,0.4739762395923417
21.661206084686324,0.7165516688100249
21.669077162478725,0.12177989370744914
21.676948240271127,0.4681931453234953
21.68481931806353,0.05642246716519171
21.692690395855927,1.7425203239408558
21.700561473648328,0.2738286555209636
21.70843255144073,0.006035266388099113
21.716303629233128,0.13533782356976787
21.72417470702553,0.39139231403640246
21.73204578481793,0.14204710879067367
21.73991686261033,0.7610934760925591
21.74778794040273,0.971516080161232
21.75565901819513,0.320939510797784
21.763530095987534,1.6700674449789426
21.77140117377993,0.11756683850277333
21.779272251572333,0.3342747824889861
21.78714332936473,0.587904742120461
21.795014407157133,0.3589769214214003
21.80288548494953,1.6256869509049676
21.810756562741936,1.1415858907051042
21.818627640534334,0.17295480098303892
21.826498718326736,2.65842750216253
21.834369796119137,3.365541640328598
21.84224087391154,0.9426203829976939
21.850111951703937,0.027047261977534626
21.85798302949634,0.6108097324744987
21.86585410728874,1.1752984905402608
21.87372518508114,1.2236636479720173
21.88159626287354,0.24294052208757574
21.88946734066594,0.06535515480668172
21.897338418458343,0.16827167714582247
21.90520949625074,0.4936420638568706
21.913080574043143,0.37983560466328714
21.920951651835544,0.4455872185258569
21.928822729627942,0.5496285357036321
21.936693807420344,0.05520151654061223
21.944564885212746,0.25843419770967196
21.952435963005147,0.04841515133819256
21.960307040797545,0.20191832373171933
21.968178118589947,4.880429799219804
21.97604919638235,1.7753080363725626
21.983920274174743,0.08776284392992374
21.991791351967148,0.2217786449471209
21.99966242975955,0.09553196291597137
22.00753350755195,0.10551242482149706
22.01540458534435,1.4155762068690567
22.02327566313675,0.028877275169312867
22.031146740929152,0.012204699615156987
22.03901781872155,0.5572556671383686
22.046888896513952,0.6768319914882011
22.054759974306357,2.7938348055766284
22.06263105209875,1.8001612950878074
22.070502129891157,0.5527016498230941
22.078373207683555,0.10061858035577573
22.08624428547596,0.8303025333393322
22.094115363268354,0.919458226145471
22.10198644106076,1.2192679296543023
22.10985751885316,0.15237469995677672
22.11772859664556,0.10584221699075178
22.12559967443796,0.3252931491207787
22.13347075223036,0.5971089843057409
22.14134183002276,0.039788643493267176
22.14921290781516,0.0664613014362881
22.15708398560756,0.2779412850779182
22.16495506339996,1.1364645952970807
22.17282614119236,0.36197937002634556
22.18069721898476,1.675355882064256
22.188568296777163,1.314464101278232
22.19643937456956,0.8049456301181557
22.204310452361963,0.8056519670022488
22.212181530154364,0.5958315768146096
22.22005260794677,0.42779188054868783
22.227923685739164,0.2376937409397035
22.235794763531565,0.4412603873822729
22.243665841323967,0.4738862304773534
22.251536919116365,0.13535933995055535
22.259407996908767,1.0830612523973984
22.267279074701168,0.18377458257126975
22.27515015249357,0.6522059821686766
22.283021230285968,1.4590729725317497
22.29089230807837,2.599238415796775
22.29876338587077,1.6782740706362353
22.30663446366317,2.5664330870697736
22.31450554145557,3.2485080988023074
22.32237661924797,1.0943718729751732
22.33024769704037,0.9551241168007172
22.33811877483277,1.9541961699843167
22.345989852625173,0.08360916289140148
22.35386093041757,0.6838886137903513
22.361732008209973,1.0599174146249055
22.36960308600237,0.49022953915396267
22.377474163794776,0.49190456670241656
22.38534524158717,1.0552596799152156
22.393216319379576,0.19747300830904696
22.401087397171977,0.22721960696807494
22.40895847496438,0.06613704823763823
22.416829552756777,1.7089081020152572
22.42470063054918,1.9207288276630592
22.43257170834158,0.5708208423782543
22.44044278613398,1.0082255229983037
22.44831386392638,0.11911276880612662
22.45618494171878,0.7490099039061753
22.464056019511183,0.0789815260326534
22.47192709730358,0.4718166908313909
22.479798175095983,0.2719989540482971
22.487669252888384,0.9592721753956026
22.495540330680782,0.6717954093867533
22.503411408473184,0.8852496534789875
22.511282486265586,0.4891390380600052
22.519153564057987,0.522811618203538
22.527024641850385,0.19235146805099973
22.534895719642787,0.3503352656830937
22.54276679743519,0.1703525107558506
22.550637875227583,0.22995890181305342
22.558508953019988,3.2442671965065935
22.56638003081239,0.48092037293275114
22.574251108604788,1.0757741598593442
22.58212218639719,1.4435707130737736
22.58999326418959,5.06355714968975
22.597864341981992,2.1163891640325576
22.60573541977439,1.3819802788117237
22.613606497566792,1.7224550905002651
22.621477575359197,1.2359261920473519
22.62934865315159,0.9324691647863028
22.637219730943997,2.8198460214153513
22.645090808736395,1.5031257035525267
22.6529618865288,1.8124383231256285
22.660832964321195,0.3827449637901558
22.6687040421136,2.7084906075289927
22.676575119906,4.255458663861037
22.6844461976984,2.9085174753315495
22.6923172754908,1.3417039541346927
22.7001883532832,0.28133651592820413
22.7080594310756,2.8203267261197236
22.715930508868,0.05449545372114139
22.7238015866604,0.7525278797273927
22.7316726644528,0.9339296126494058
22.7395437422452,2.8977524282322062
22.7474148200376,1.2771809268302163
22.755285897830003,0.4345450955161534
22.7631569756224,0.2679937558044735
22.771028053414803,0.7637165336843786
22.778899131207204,0.40070845239951125
22.78677020899961,0.7260275773696625
22.794641286792004,0.6373680302702647
22.802512364584405,2.5571757838020055
22.810383442376807,2.1374522532892826
22.818254520169205,1.3961997789436627
22.826125597961607,0.1948069127535205
22.83399667575401,0.17459457475954304
22.84186775354641,0.8780202232588656
22.849738831338808,0.5485965039612054
22.85760990913121,0.6022069897698518
22.86548098692361,1.7374740156869126
22.87335206471601,0.2488079001133426
22.88122314250841,0.5103316686938074
22.88909422030081,0.013887412136531115
22.89696529809321,1.4965990918077117
22.90483637588561,0.3473470646625906
22.912707453678014,1.9642935395134014
22.92057853147041,0.1597763431517033
22.928449609262813,0.14890062187154807
22.93632068705521,0.15753280162996683
22.944191764847616,0.14674170508229692
22.95206284264001,1.2579614644714816
22.959933920432416,0.3857187299110984
22.967804998224818,1.529087227064722
22.97567607601722,0.7980036142710818
22.983547153809617,0.17303749606845212
22.99141823160202,0.6890456255827212
22.99928930939442,0.09703214991973974
23.00716038718682,0.10831200431954831
23.01503146497922,0.1927622142391987
23.02290254277162,0.428006133444507
23.03077362056402,0.993242993226918
23.03864469835642,1.3535903369016855
23.046515776148823,1.311313650485878
23.054386853941224,0.42982168455660125
23.062257931733622,0.9247916833042786
23.070129009526024,0.006356925033880283
23.078000087318426,0.14694753746083483
23.085871165110824,0.2839663009217989
23.093742242903225,0.34545994800349433
23.101613320695627,1.0817098719031595
23.10948439848803,1.0420255271110228
23.117355476280427,0.16987718776027275
23.125226554072828,0.31602517550978515
23.13309763186523,1.1815965790785075
23.140968709657628,0.0542155737303489
23.14883978745003,1.0244688349115254
23.15671086524243,1.4412722377048823
23.164581943034836,0.6027574974141882
23.17245302082723,1.3895008588022064
23.180324098619632,0.28091502198193175
23.188195176412037,0.3421109830871221
23.196066254204432,0.11585775783509662
23.203937331996837,0.16593982347628145
23.211808409789235,0.18543334261094657
23.219679487581637,1.3395065517461981
23.227550565374035,1.3591697619406558
23.23542164316644,0.08340676893804891
23.24329272095884,1.129206142112793
23.25116379875124,0.27153477375986074
23.25903487654364,0.1317917224792005
23.26690595433604,0.25369312022246315
23.27477703212844,0.41284600188460424
23.28264810992084,1.145270914753341
23.29051918771324,2.6299271388455896
23.29839026550564,0.027363982889690143
23.30626134329804,0.2509446303640759
23.31413242109044,0.3210873039871667
23.322003498882843,0.3540646197942524
23.32987457667524,0.1417774087882658
23.337745654467643,0.3201382579697125
23.345616732260044,0.2720695058423812
23.35348781005245,1.3972857810210972
23.361358887844844,0.5217532962560282
23.36922996563725,0.0005176094282292657
23.377101043429647,1.9684290829911475
23.384972121222045,1.297748734446484
23.392843199014447,1.021300543215576
23.40071427680685,4.196407131028043
23.408585354599246,0.1880685282453599
23.416456432391648,1.0351826095259584
23.42432751018405,2.3748591643972397
23.43219858797645,0.8501230143520007
23.44006966576885,0.8808491237011351
23.44794074356125,0.5439755942978134
23.45581182135365,0.1762721175791994
23.46368289914605,2.299645076139278
23.47155397693845,0.7201001243041713
23.479425054730854,0.5955399022006905
23.48729613252325,0.6733510669005006
23.495167210315653,0.5172877092755074
23.50303828810805,0.3128674489198194
23.510909365900456,0.05286249304708165
23.51878044369285,2.394691269453533
23.526651521485256,0.5187248568611176
23.534522599277658,0.3698106380936512
23.542393677070056,0.2390517320533267
23.550264754862457,1.4103416861693765
23.55813583265486,2.478043540353086
23.56600691044726,0.09871473290865922
23.57387798823966,0.3305652922463164
23.58174906603206,0.2676546972565906
23.58962014382446,1.0744288330794536
23.59749122161686,1.157272865807877
23.60536229940926,1.0407883278219556
23.613233377201663,1.3692405631239306
23.621104454994065,0.7409747938910186
23.628975532786463,0.8507630603665274
23.636846610578864,0.8360376599154408
23.644717688371266,3.274236323527316
23.652588766163664,1.029671343508357
23.660459843956065,2.373827858146049
23.668330921748467,0.2696249938396767
23.67620199954087,0.02929915639171794
23.684073077333267,0.7577982164639956
23.691944155125668,0.2654179769737267
23.69981523291807,0.20215980757997593
23.707686310710468,0.8494189986678816
23.71555738850287,0.44642830423142643
23.72342846629527,0.4126715498613447
23.73129954408767,0.5013503021279362
23.73917062188007,2.575599292962157
23.747041699672472,0.3094995860703352
23.754912777464877,0.26355204334551086
23.762783855257272,0.5936894684555608
23.770654933049677,0.33529419895407886
23.778526010842075,0.8040370906222205
23.786397088634477,0.6476871720301012
23.794268166426875,0.3396630884421421
23.80213924421928,1.3484626382077904
23.81001032201168,1.2751275019018322
23.81788139980408,0.2502562206708445
23.82575247759648,0.38862938906218936
23.83362355538888,3.749312321389751
23.84149463318128,1.7283152378775444
23.84936571097368,2.21758917127191
23.85723678876608,0.4518394030717654
23.86510786655848,0.19236018236421376
23.87297894435088,0.4410923122502835
23.88085002214328,0.43364939026053684
23.888721099935683,0.3801027096333205
23.89659217772808,0.7807219898258108
23.904463255520483,0.4075089811455134
23.912334333312884,1.2867655946085526
23.92020541110528,0.2913747045127148
23.928076488897684,0.015632014796112273
23.93594756669009,0.6278098260637335
23.943818644482487,0.1326066666480225
23.951689722274885,0.13973691100200078
23.959560800067287,0.19849985005681506
23.96743187785969,0.11451499051159238
23.975302955652086,0.4882728732757275
23.983174033444488,0.10277296265235086
23.99104511123689,0.13470737033974847
23.99891618902929,1.0001630721637418
24.00678726682169,0.46924179868552507
24.01465834461409,1.036385398562058
24.02252942240649,1.9742292536589665
24.03040050019889,1.3167928529770432
24.03827157799129,0.040861343188447856
24.046142655783694,0.4780143629991121
24.05401373357609,0.35783926984385683
24.061884811368493,2.4680381759701366
24.06975588916089,1.7680221875933666
24.077626966953297,0.10001683205362202
24.08549804474569,0.06044367848351576
24.093369122538096,3.639103285300781
24.101240200330498,0.2741792162799866
24.109111278122896,1.7794720074810524
24.116982355915297,2.5477928193879915
24.1248534337077,0.18506868287565564
24.1327245115001,0.6643515722338824
24.1405955892925,0.3644721996247153
24.1484666670849,0.11610272231249952
24.156337744877305,0.30012302321367706
24.1642088226697,0.49587762973101523
24.1720799004621,0.10828336133479952
24.179950978254503,0.052114393271314285
24.187822056046905,0.7893981340996054
24.195693133839303,0.38813585304559467
24.203564211631704,0.1342383670556173
24.211435289424102,1.0850619093841647
24.219306367216504,1.8874042831412594
24.227177445008905,0.5168352718449728
24.235048522801307,1.7500540917875917
24.242919600593705,2.0460700835580936
24.250790678386107,1.1016010070132185
24.25866175617851,0.3599456445471016
24.26653283397091,0.418520625995189
24.274403911763308,0.1857734826997387
24.28227498955571,0.06319870770120019
24.29014606734811,0.9060062517817289
24.29801714514051,0.03051864116078206
24.30588822293291,0.46961923509508785
24.313759300725312,0.60725998056425
24.321630378517717,0.4521792653579737
24.329501456310112,0.7646795105263209
24.337372534102517,0.6168519568773906
24.345243611894915,0.4712060740349244
24.353114689687317,0.6397475383332328
24.360985767479715,0.34185815179203954
24.36885684527212,0.5399600695683925
24.376727923064514,0.7967141566366359
24.38459900085692,0.7429743776821808
24.39247007864932,0.4606489298427017
24.40034115644172,0.47708326048291116
24.40821223423412,2.082484429662202
24.41608331202652,0.0573734316526599
24.42395438981892,0.34273758970685747
24.43182546761132,0.5702671454806063
24.43969654540372,2.501576895357785
24.44756762319612,0.8184286560483672
24.455438700988523,0.2027903973602067
24.46330977878092,0.30763093600393293
24.471180856573323,0.524973565609021
24.479051934365724,0.2658600589492546
24.486923012158123,0.7283374226570769
24.494794089950524,0.4399917085260478
24.50266516774293,2.8394959963797577
24.510536245535327,3.6380355203153245
24.518407323327725,4.271260640737123
24.526278401120127,1.3881681565535355
24.53414947891253,1.440564255035369
24.542020556704927,0.05463461170952016
24.549891634497328,0.1494037455603155
24.55776271228973,0.4652214405642727
24.565633790082128,0.4284128931255877
24.57350486787453,1.6595740499696028
24.58137594566693,1.5376098419302024
24.589247023459333,0.08628503539973353
24.59711810125173,3.6447355441505547
24.60498917904413,0.07410345480672938
24.61286025683653,0.029884779996510073
24.62073133462893,2.709491284489929
24.628602412421333,0.1270684684637289
24.63647349021373,0.24209829763305454
24.644344568006137,0.6452138246608524
24.65221564579853,0.6425084371093441
24.660086723590936,4.686595822884732
24.667957801383334,0.5083626891626294
24.675828879175736,0.6155059913663873
24.683699956968137,0.2316661348905276
24.69157103476054,0.05643792718645182
24.699442112552937,0.2399650743290442
24.70731319034534,1.1049408951966877
24.71518426813774,2.023126075077568
24.723055345930145,0.8362783671624184
24.73092642372254,0.5360047774605176
24.73879750151494,1.9117588280650668
24.746668579307343,4.10250259790433
24.75453965709974,0.11386405862853592
24.762410734892143,0.03968505520068221
24.770281812684544,1.24178195409631
24.778152890476942,0.3997397632252751
24.786023968269344,0.4431260990029608
24.793895046061746,0.5548905978040869
24.801766123854147,0.8221984578670873
24.809637201646545,1.2072156326436547
24.817508279438947,1.233759681906664
24.82537935723135,0.6900691134444453
24.83325043502375,1.4657090727371926
24.841121512816148,0.7152406013914256
24.84899259060855,0.23504813953001807
24.85686366840095,2.733804521069647
24.86473474619335,0.9063774707065667
24.87260582398575,0.5912901914680483
24.880476901778152,1.2320701965867504
24.88834797957055,2.21315438430394
24.896219057362952,1.5449982147402468
24.904090135155357,0.3711168375008817
24.911961212947755,1.3880531393927114
24.919832290740157,2.070303016609376
24.927703368532555,2.29559190440275
24.93557444632496,1.3815116463196069
24.943445524117354,0.5819785338775951
24.95131660190976,0.2193510241122474
24.95918767970216,2.9009306095327125
24.96705875749456,0.18484873323075732
24.97492983528696,0.1672120730153843
24.98280091307936,0.5609437685042418
24.99067199087176,0.1901232741662087
24.99854306866416,0.030838687305633355
25.00641414645656,0.7299600278531464
25.01428522424896,1.8469493299311879
25.02215630204136,0.29699005747606344
25.03002737983376,0.6605774921799515
25.037898457626163,0.36496948245346184
25.045769535418565,0.8914348669065838
25.053640613210963,0.6172667845983257
25.061511691003364,0.8587782751396577
25.06938276879577,0.2695832384780004
25.077253846588164,0.22722853203859902
25.085124924380565,0.07196801397879243
25.092996002172967,0.2576685338679284
25.10086707996537,0.09853692381030846
25.108738157757767,2.5017318627066207
25.116609235550168,0.16304413903035672
25.12448031334257,1.422737995076483
25.132351391134968,0.742559147737295
25.14022246892737,1.8769781591102521
25.14809354671977,1.3166031465939434
25.155964624512173,0.06724511869094836
25.16383570230457,0.7305110257374046
25.17170678009697,1.1205073581848897
25.17957785788937,1.7157659679537738
25.18744893568177,1.0486506839488954
25.195320013474173,0.16946349276375056
25.20319109126657,0.22037156216427103
25.211062169058973,1.0470514079232283
25.21893324685137,1.2983490683047012
25.226804324643776,2.1012437589176276
25.234675402436174,0.7307958538034944
25.242546480228576,0.20307201723016438
25.250417558020978,0.2361705539128447
25.25828863581338,0.3393596220601819
25.266159713605777,0.11527531125821536
25.27403079139818,2.3604129313258806
25.28190186919058,0.038811619891223156
25.289772946982986,0.10212064783223876
25.29764402477538,0.21884180824924665
25.30551510256778,1.8984380107642762
25.313386180360183,1.079411376487162
25.32125725815258,1.715196869911054
25.329128335944983,0.7136313910060631
25.336999413737384,1.208385711482627
25.344870491529782,1.42960920052891
25.352741569322184,0.006640281022057651
25.360612647114586,0.055016407850010086
25.368483724906987,1.9770149010533797
25.376354802699385,0.4836459496510241
25.384225880491787,4.108991399811332
25.39209695828419,0.05521670352468268
25.399968036076583,0.18170553626157596
25.407839113868988,0.24997772142774266
25.41571019166139,0.41416176350232226
25.42358126945379,0.5375356035536459
25.43145234724619,1.232025684963348
25.43932342503859,0.4505412852576076
25.447194502830992,1.626743587068915
25.45506558062339,0.01376115552790236
25.462936658415792,0.4457912805150642
25.470807736208197,2.402627452662875
25.478678814000595,0.17571043136377149
25.486549891792997,0.9625764466062001
25.494420969585395,1.1595363995548817
25.5022920473778,0.024479196645461037
25.510163125170195,0.28826565772698237
25.5180342029626,0.3379809033233394
25.525905280755,1.6760227489340558
25.5337763585474,0.7436477416979841
25.5416474363398,0.062026993214120925
25.5495185141322,0.7095350019077482
25.5573895919246,3.457721678092564
25.565260669717,1.1856446856098684
25.5731317475094,1.193499629088577
25.5810028253018,0.22739477979499034
25.5888739030942,0.5318413642464401
25.5967449808866,0.2139829027232648
25.604616058679003,1.0662939447681596
25.612487136471405,3.211865213649578
25.620358214263803,3.2795366345378087
25.628229292056204,1.2821292066013006
25.63610036984861,0.04182221583365603
25.643971447641004,1.0056963573486275
25.651842525433405,0.46980210670449457
25.659713603225807,0.16871460432298957
25.66758468101821,1.085205197378041
25.675455758810607,0.01898375875808368
25.68332683660301,0.48392324433041306
25.69119791439541,0.4317491011299654
25.699068992187808,0.7306667228300976
25.70694006998021,0.3396073472623495
25.71481114777261,1.326672638238083
25.72268222556501,0.3746474949235717
25.73055330335741,0.36169391528895606
25.73842438114981,0.08910387419985627
25.74629545894221,0.1968913727790365
25.75416653673461,0.37819249929615467
25.762037614527014,0.46308445240997914
25.76990869231941,0.09868730490560049
25.777779770111813,0.3112450843341092
25.78565084790421,1.0300730176016077
25.793521925696616,1.387168422632462
25.801393003489014,0.03386426600713968
25.809264081281416,0.02126734717857828
25.817135159073818,1.6111496204034959
25.82500623686622,0.7305292778425256
25.832877314658617,2.02812866504281
25.84074839245102,0.23071527680627038
25.84861947024342,0.513970746586287
25.85649054803582,0.24791088291989682
25.86436162582822,0.5575375266073702
25.87223270362062,0.21926395196526036
25.880103781413023,1.3087637682321491
25.88797485920542,0.007536211846579419
25.895845936997823,0.5891614584406112
25.903717014790224,1.2606977943107727
25.911588092582623,0.016608432596600855
25.919459170375024,0.09941740146656228
25.927330248167426,0.28270221337155343
25.935201325959827,0.007659058469892533
25.943072403752225,0.07552730576657306
25.950943481544627,0.2580635679529275
25.95881455933703,1.2004452267456607
25.966685637129427,7.996416436722146
25.974556714921828,5.412646090448125
25.98242779271423,0.21961046945164583
25.99029887050663,0.07545098197088508
25.99816994829903,0.0677910980269504
26.00604102609143,1.2058312973231489
26.013912103883836,1.3547266855414226
26.02178318167623,0.06945905859868538
26.029654259468632,0.27918365888490404
26.037525337261037,2.198447750922499
26.045396415053432,0.37063267737487243
26.053267492845837,3.4349109656356003
26.061138570638235,1.127579885755303
26.06900964843064,0.8698659185805198
26.076880726223035,1.7775050201561702
26.08475180401544,3.0793437516265123
26.09262288180784,1.3635737262359555
26.10049395960024,2.8196237474005903
26.10836503739264,0.410444400862452
26.11623611518504,0.4220186689349129
26.12410719297744,1.2005971609230504
26.13197827076984,1.5297309163817974
26.13984934856224,0.5203830762165667
26.14772042635464,0.9069714904460037
26.15559150414704,0.06699407497939423
26.16346258193944,0.5264071118872805
26.171333659731843,0.10971031942802474
26.179204737524245,0.0019020793879274093
26.187075815316643,0.278541909350152
26.194946893109044,1.1868555535404715
26.20281797090145,0.6135206146212174
26.210689048693844,0.3820263047044314
26.21856012648625,0.8537274594680169
26.226431204278647,0.4714965035435362
26.234302282071045,0.2281833692036545
26.242173359863447,1.5113077226265854
26.25004443765585,0.3350226371968763
26.25791551544825,0.5776640875203488
26.265786593240648,2.26109011308361
26.27365767103305,2.9331442436756645
26.28152874882545,0.2363113721626455
26.28939982661785,0.07479983381151574
26.29727090441025,0.7526510077103847
26.30514198220265,0.2571177894090071
26.31301305999505,3.2125272389473554
26.32088413778745,0.51874459860031
26.328755215579854,2.099641712381017
26.33662629337225,0.17058185856938216
26.344497371164653,2.8938155614933847
26.35236844895705,4.438865133748649
26.360239526749456,0.2542981249194608
26.36811060454185,0.99809545069219
26.375981682334256,0.4178658081542193
26.383852760126658,0.23427755075900122
26.39172383791906,2.6596384016975834
26.399594915711457,0.9759002661063965
26.40746599350386,2.3256078352720557
26.41533707129626,0.0893351480515365
26.42320814908866,0.09208778547895415
26.43107922688106,1.3493408464235987
26.43895030467346,2.8792424990931744
26.446821382465863,1.8117826445715735
26.45469246025826,1.08220350083146
26.462563538050663,4.551694471082852
26.470434615843065,0.44672244135627176
26.478305693635463,0.22597647870473359
26.486176771427864,0.6340861656993835
26.494047849220262,0.03094754772653544
26.501918927012667,1.55351975822
26.509790004805065,0.19664634008022142
26.517661082597467,1.9686252936590054
26.52553216038987,1.1861603462132635
26.533403238182267,0.5231490474354461
26.54127431597467,0.08800544117468029
26.54914539376707,0.23545848435162445
26.557016471559468,1.41509912197783
26.56488754935187,0.5148004968636484
26.57275862714427,0.5212492938623483
26.580629704936676,0.14594645820816823
26.58850078272907,0.8651910146100853
26.596371860521472,1.4538934851688234
26.604242938313877,3.09752053956149
26.612114016106272,0.5478929354763475
26.619985093898677,0.2986470989415415
26.627856171691075,0.05424321665616062
26.63572724948348,0.7360112559256712
26.643598327275875,3.365018786041217
26.65146940506828,2.1963983840734307
26.65934048286068,0.36968938647986493
26.66721156065308,0.7277903084603523
26.67508263844548,0.4805614513334897
26.68295371623788,3.272945361726004
26.69082479403028,1.2255046579668443
26.69869587182268,2.0412862390931594
26.70656694961508,1.111909159545547
26.71443802740748,0.2298613263893015
26.72230910519988,0.6688553295904968
26.73018018299228,0.5472500179871882
26.738051260784683,4.171038018311531
26.74592233857708,0.5802960292282617
26.753793416369483,1.6167840149737864
26.761664494161884,2.9637325637805154
26.76953557195429,0.04056328027134947
26.777406649746684,0.08700043285865822
26.78527772753909,0.37294381331614257
26.793148805331487,0.1667696404570483
26.801019883123885,4.1959135196365835
26.808890960916287,0.44287257273586067
26.81676203870869,0.8255421858496391
26.82463311650109,0.47920149065996387
26.832504194293488,1.7270391984708915
26.84037527208589,0.19941396822678326
26.84824634987829,0.07359958706665969
26.85611742767069,0.3290826244345682
26.86398850546309,0.03817809891242753
26.871859583255493,0.2720434431258072
26.87973066104789,0.22443973649756174
26.88760173884029,2.3701750539668387
26.895472816632694,1.2213726520675454
26.90334389442509,1.137386495928989
26.911214972217493,0.9955686720743033
26.91908605000989,0.28208111139449144
26.926957127802297,0.3380578692745043
26.93482820559469,0.08787081397224582
26.942699283387096,0.721913408658178
26.950570361179494,0.13291962242488403
26.9584414389719,1.1025896514559748
26.966312516764297,0.2736151594365999
26.9741835945567,0.17202383702901067
26.9820546723491,1.9632684087132461
26.9899257501415,1.470859826012376
26.9977968279339,0.7259267488521779
27.005667905726305,1.8322339282505689
27.0135389835187,1.7676657509380387
27.0214100613111,1.3511984376742177
27.029281139103503,0.802252618240028
27.037152216895905,1.1759746406942442
27.045023294688303,0.024996929064994275
27.052894372480704,0.3335361309629417
27.060765450273102,0.3353891373169136
27.068636528065504,1.5608720394319473
27.076507605857906,0.0027732753735274993
27.084378683650307,0.03518980452876164
27.09224976144271,0.7483499369085577
27.100120839235107,0.5843128654788451
27.10799191702751,4.2459300206030015
27.11586299481991,1.164354736199786
27.123734072612308,1.6172995725560482
27.13160515040471,0.12516695881916937
27.13947622819711,0.9552027457923182
27.147347305989516,1.7346736732940156
27.15521838378191,0.3243323911824689
27.163089461574312,1.1407277437714272
27.170960539366718,0.44052871843155444
27.178831617159112,0.15308654831754542
27.186702694951517,0.251328813821134
27.194573772743915,0.10628411891899668
27.202444850536317,0.5795108939799024
27.210315928328715,0.15517572078548128
27.21818700612112,0.2158108176997769
27.22605808391352,0.7123749217692306
27.23392916170592,0.5390102102473583
27.24180023949832,2.657332385392378
27.24967131729072,0.18541249387388412
27.25754239508312,0.04888467702475056
27.26541347287552,2.1695189103858015
27.27328455066792,0.23440165071009544
27.28115562846032,0.10957172309813316
27.28902670625272,0.5604978362291436
27.29689778404512,0.23683210037730107
27.304768861837523,1.072773417134495
27.31263993962992,0.6093214345899052
27.320511017422323,0.03359730438300277
27.328382095214725,0.28425060876561103
27.33625317300713,0.2020252691898582
27.344124250799524,1.5252785626559127
27.35199532859193,2.9392203808084543
27.359866406384327,1.2785802595431304
27.367737484176725,0.18546839583910796
27.375608561969127,0.05350677609923176
27.38347963976153,0.21625823387997758
27.391350717553927,0.9841720283839203
27.399221795346328,0.5943850199698952
27.40709287313873,0.42131965714105307
27.41496395093113,0.6320369922748175
27.42283502872353,0.26115518451725955
27.43070610651593,0.5351750339281338
27.438577184308333,0.6258741919435955
27.44644826210073,0.49886775724726756
27.45431933989313,0.6872278247236875
27.46219041768553,0.0710366998322985
27.470061495477932,1.5990192282488882
27.477932573270333,1.567401292750499
27.48580365106273,0.29922466638711376
27.493674728855137,0.8738530810051232
27.50154580664753,1.6640354265343327
27.509416884439936,0.11961243653009758
27.517287962232334,1.567005193836492
27.525159040024736,5.125353399664985
27.533030117817137,0.6959712758001622
27.54090119560954,0.2205144573509083
27.54877227340194,0.1143050270066868
27.55664335119434,2.986722137954177
27.56451442898674,1.1619164526633063
27.572385506779145,0.22586456062686203
27.58025658457154,0.29748913574095975
27.58812766236394,1.3862282153489496
27.595998740156343,0.35562861923836114
27.603869817948745,2.464688349422633
27.611740895741143,0.4018553854571421
27.619611973533544,1.3208867448035089
27.627483051325942,0.9356937698262123
27.635354129118344,1.8896589100258139
27.643225206910746,0.338743997644011
27.651096284703147,0.8480670412028753
27.65896736249555,0.1125613960120425
27.666838440287947,0.322840732370266
27.67470951808035,1.1226994842099918
27.68258059587275,3.17161409617489
27.690451673665148,0.1911038502359742
27.69832275145755,0.220213769938054
27.70619382924995,0.015391064836875697
27.71406490704235,0.8298918029383514
27.72193598483475,0.019536276199000037
27.729807062627152,0.3061828654659628
27.737678140419558,1.5974564325239486
27.745549218211952,0.3018042458466292
27.753420296004357,0.7642959632532664
27.761291373796755,2.8426913098824187
27.769162451589157,0.09784314362008505
27.777033529381555,0.680161516307692
27.78490460717396,3.408999178570505
27.79277568496636,1.5975624106552022
27.80064676275876,0.2593826084977402
27.80851784055116,0.3691481458221593
27.81638891834356,1.441765556685332
27.82425999613596,1.0346694773928082
27.83213107392836,3.048817399127683
27.84000215172076,0.008586123285524789
27.84787322951316,0.6727333663257798
27.85574430730556,0.10501186263269122
27.86361538509796,0.30182471782946324
27.871486462890363,0.916052475125918
27.87935754068276,2.7485733245244397
27.887228618475163,0.22238124996024264
27.895099696267565,0.8688138088489653
27.902970774059963,0.5400874132141664
27.910841851852364,0.6218835741677821
27.91871292964477,0.0018088013770584457
27.926584007437167,0.8421682288896359
27.934455085229565,0.9134239856667541
27.942326163021967,0.054013826524293915
27.95019724081437,1.7693171442376827
27.958068318606767,1.4722757643993374
27.96593939639917,2.273562430797463
27.97381047419157,5.819587243099043
27.98168155198397,2.891417035305362
27.98955262977637,0.0770081374017191
27.99742370756877,2.512749011797349
28.005294785361173,5.742252472480385
28.01316586315357,1.5690910120958104
28.02103694094597,1.2216783795580057
28.02890801873837,1.6920009719367763
28.03677909653077,1.1885097669568983
28.044650174323174,0.8335945474857437
28.05252125211557,0.6517927688281413
28.060392329907977,0.7328104411309128
28.06826340770037,0.8033447322351457
28.076134485492776,3.196729562185254
28.084005563285174,0.07077347174888282
28.091876641077576,1.8705334048939213
28.099747718869978,4.714919671032672
28.10761879666238,0.4595850737432364
28.11548987445478,0.11169730863793739
28.12336095224718,3.4376608063327287
28.13123203003958,1.8195316391921028
28.139103107831986,2.1625722641595893
28.14697418562438,2.9534001086617594
28.15484526341678,0.6366106736514279
28.162716341209183,0.6782154290969588
28.170587419001585,0.2777209445916604
28.178458496793983,0.3742320283535042
28.186329574586384,0.7044217380058941
28.194200652378782,1.2504674040737789
28.202071730171184,1.2214823381615867
28.209942807963586,0.5554485657411845
28.217813885755987,0.6262697207237633
28.225684963548385,1.7894371521493522
28.233556041340787,0.029309533024752553
28.24142711913319,3.468249705195311
28.24929819692559,0.3746297674284898
28.257169274717988,0.827182218293247
28.26504035251039,1.6564535298711718
28.27291143030279,1.165743269569405
28.28078250809519,0.6916969927124652
28.28865358588759,0.10907352781662916
28.296524663679996,0.020915454519330915
28.304395741472398,0.0006151515266315518
28.312266819264792,0.0645061060896108
28.320137897057197,0.038841110530236506
28.328008974849595,4.524362759593722
28.335880052641997,3.294570450179121
28.343751130434395,0.11032404454692071
28.3516222082268,1.0038875561859342
28.359493286019195,0.22397714321165893
28.3673643638116,0.46970807091951816
28.375235441604,2.369076353366335
28.3831065193964,0.06494218382380396
28.3909775971888,0.36594457746595993
28.3988486749812,0.8556242277247169
28.4067197527736,3.4940780917614584
28.414590830566,0.3699890901701737
28.4224619083584,0.05512232885556139
28.4303329861508,0.9332261477357834
28.438204063943203,0.8560519019781224
28.4460751417356,0.9668093498158903
28.453946219528003,0.5740224140599004
28.461817297320405,0.06619892194648277
28.469688375112803,0.713707298099403
28.477559452905204,1.1483928454573076
28.48543053069761,0.7736311698359499
28.493301608490007,0.675759201157525
28.50117268628241,0.8284628114311302
28.509043764074807,0.1217220168719596
28.51691484186721,0.027663673580738152
28.524785919659607,0.015770140533363095
28.53265699745201,0.8997662797890942
28.54052807524441,2.5295153097581875
28.548399153036808,0.033216098519922965
28.55627023082921,0.7170923423486443
28.56414130862161,3.560031609647612
28.572012386414013,0.7326713329882769
28.57988346420641,0.6600215372925211
28.58775454199881,0.854732094650211
28.59562561979121,1.0091552093915443
28.60349669758361,0.13840918779533587
28.611367775376014,2.0676185935304128
28.61923885316841,1.913589548600025
28.627109930960817,0.7439198705179961
28.63498100875321,1.2769177241397416
28.642852086545616,1.6187687221245746
28.650723164338014,0.15883113572944224
28.658594242130416,0.13971018624102138
28.666465319922818,0.4306758919402802
28.67433639771522,3.9792136286685165
28.682207475507617,0.6625229863708731
28.69007855330002,0.0028780476418148273
28.69794963109242,0.1478349049779938
28.705820708884826,2.0897712729164657
28.71369178667722,0.7224253617172891
28.72156286446962,0.8307068588755424
28.729433942262023,0.018498181244253235
28.73730502005442,0.10837778400366681
28.745176097846823,0.05715669583132659
28.753047175639225,0.006937243098961443
28.760918253431623,0.2590032956407558
28.768789331224024,0.048370271027751356
28.776660409016426,2.1919340671862084
28.784531486808827,0.008934685104953115
28.792402564601225,0.6706024737675745
28.800273642393627,2.2130239590689103
28.80814472018603,0.020808548696458082
28.81601579797843,1.436256605754437
28.823886875770828,0.5481566366718347
28.83175795356323,0.08589233205261133
28.83962903135563,0.2533089077074294
28.84750010914803,0.6888969842333595
28.85537118694043,1.7640007322113525
28.863242264732836,0.9377673870335431
28.87111334252523,0.45586703213647445
28.878984420317632,0.7692839691889103
28.886855498110037,0.7832434383154163
28.894726575902435,0.6901935550138809
28.902597653694837,0.04897142064604427
28.910468731487235,0.05220257269063576
28.91833980927964,0.4559264934436532
28.926210887072035,0.9981132793153675
28.93408196486444,0.9058001364793281
28.94195304265684,0.05398087306908519
28.94982412044924,0.26617227843160535
28.95769519824164,0.021775821034592163
28.96556627603404,0.08063366417794976
28.97343735382644,0.4042092478124303
28.98130843161884,1.7239269426341834
28.98917950941124,0.5246531041645767
28.99705058720364,0.8029780588458632
29.004921664996044,0.050017856191750414
29.01279274278844,0.5680446632533841
29.020663820580843,0.13175176609113015
29.028534898373245,0.0565314829416613
29.036405976165643,1.3199546419836081
29.044277053958044,1.3152654628166225
29.05214813175045,0.4747916777042243
29.060019209542844,0.022522467557761904
29.06789028733525,1.8364750406271575
29.075761365127647,0.9777200839132333
29.08363244292005,0.9785276126098105
29.091503520712447,1.803412203864555
29.09937459850485,2.5467166738840707
29.10724567629725,2.7210702951753216
29.115116754089648,1.0910434979337609
29.12298783188205,4.136469085739162
29.13085890967445,0.18617655249626508
29.138729987466853,0.5544058050720736
29.14660106525925,0.7618309222972899
29.15447214305165,1.0854338681293756
29.16234322084405,0.3227626967768883
29.17021429863645,0.5410723321442935
29.178085376428854,0.062331750569792385
29.18595645422125,1.693773458216397
29.193827532013653,0.993472059475542
29.20169860980605,1.7527859232698118
29.209569687598457,0.9986014641735085
29.217440765390855,3.9742319240287878
29.225311843183256,1.929308452820714
29.233182920975658,0.4254278665701837
29.24105399876806,1.4458163161740025
29.248925076560457,0.042857226739811606
29.25679615435286,1.7565971793015867
29.26466723214526,0.15641384211497705
29.272538309937666,0.9329499396920558
29.28040938773006,0.013077324396422974
29.288280465522465,0.015859184417219282
29.296151543314863,0.307411573829855
29.30402262110726,1.0634821529505483
29.311893698899663,4.03555368671779
29.319764776692065,0.43755531349424115
29.327635854484463,1.8852889203045657
29.335506932276864,0.9392801830403081
29.343378010069262,0.3643358271781369
29.351249087861667,1.0520803434392922
29.359120165654065,0.040576511857510905
29.366991243446467,0.3873029206769408
29.37486232123887,2.9896826671488137
29.382733399031267,3.8397518822929793
29.39060447682367,7.942345427367745
29.39847555461607,0.3694775367724059
29.40634663240847,0.7699564449469815
29.41421771020087,2.494301116634199
29.42208878799327,0.3010192987105119
29.429959865785676,0.7664161979920182
29.43783094357807,0.8091403571217868
29.445702021370472,0.7756222674148533
29.453573099162877,0.8888836551895559
29.46144417695528,0.7472925337123189
29.469315254747677,0.3711455282323765
29.477186332540075,0.5715274243818472
29.48505741033248,0.46284316444131063
29.492928488124875,1.5671123477154896
29.50079956591728,0.12749549687357778
29.50867064370968,0.7456607517802285
29.51654172150208,0.7372739233143374
29.52441279929448,6.135874823228116
29.53228387708688,4.024097677348891
29.54015495487928,2.7408275925194117
29.54802603267168,0.6460616250340709
29.55589711046408,2.8865882263150953
29.56376818825648,0.6356942742581481
29.57163926604888,0.13685785410726367
29.57951034384128,0.9321713980987701
29.587381421633683,0.08358851123819275
29.595252499426085,1.7974276914069343
29.603123577218483,0.3748430703195594
29.610994655010884,0.15646356975330555
29.61886573280329,0.7532252971418224
29.626736810595684,0.008579776416252774
29.63460788838809,2.230541381592166
29.642478966180487,0.39442559430393626
29.65035004397289,2.8699149623549656
29.658221121765287,2.082565525806764
29.66609219955769,1.167579267002503
29.67396327735009,5.823073740330642
29.681834355142488,0.8858715075410685
29.68970543293489,0.9722669917281666
29.69757651072729,0.1387846785673697
29.70544758851969,0.7827310055037571
29.71331866631209,0.06156677718690234
29.721189744104493,0.5307934697387745
29.72906082189689,0.02631126934993565
29.73693189968929,0.3319188037825571
29.744802977481694,0.19789702202211398
29.752674055274092,1.7657837838509052
29.760545133066493,0.72671679321699
29.76841621085889,0.7546811639202646
29.776287288651297,0.04018928017562022
29.784158366443695,0.4206218412541461
29.792029444236096,0.09969875908059464
29.799900522028494,0.3182383797519844
29.8077715998209,1.4136080884149693
29.815642677613297,0.360124555962434
29.8235137554057,0.44812151743447437
29.8313848331981,1.4252236628333284
29.8392559109905,5.116608830485065
29.8471269887829,0.9129443748283166
29.854998066575305,0.19973848335003
29.862869144367703,1.8905912767326054
29.8707402221601,0.13930911769388468
29.878611299952503,0.5036726912832411
29.886482377744905,0.8814309314000781
29.894353455537303,0.7672923090541297
29.902224533329704,1.3753629677860117
29.910095611122102,0.8273848400754504
29.917966688914508,2.0937804098566795
29.925837766706906,0.12091390267565483
29.933708844499307,0.10724601309951849
29.94157992229171,0.37828145220131654
29.949451000084107,4.828078849698698
29.95732207787651,1.2177474560549122
29.96519315566891,0.050400411606965394
29.97306423346131,0.7407210987532664
29.98093531125371,0.3485399274247367
29.98880638904611,0.13634461903971815
29.996677466838516,0.5740320712182337
30.00454854463091,0.9264939153623667
30.012419622423312,0.031682227476703476
30.020290700215718,2.1404066218648614
30.028161778008112,1.9623853380490512
30.036032855800517,2.814807456820081
30.043903933592915,1.8722805426755864
30.05177501138532,2.734850303811496
30.059646089177715,1.753456943849898
30.06751716697012,0.6364480758548009
30.07538824476252,0.21413379903225543
30.08325932255492,2.334195427259305
30.09113040034732,1.4465033151321973
30.09900147813972,0.39959650962953086
30.10687255593212,0.7557270130638105
30.11474363372452,0.4057826706713089
30.12261471151692,1.3938639706736278
30.13048578930932,0.4956277601245293
30.13835686710172,0.8671101477762932
30.14622794489412,0.5649742528798062
30.154099022686523,0.011088939389762558
30.161970100478925,0.01774436445053094
30.169841178271323,0.6936222999903445
30.177712256063725,0.3754989604696738
30.18558333385613,1.5315331374219638
30.193454411648524,1.1477257937415022
30.20132548944093,0.1832603174332726
30.209196567233327,0.7435377694912684
30.217067645025725,0.5231200408687778
30.224938722818127,0.8304232496344786
30.23280980061053,0.559761711749654
30.24068087840293,1.9433371136319695
30.248551956195328,1.0428529316841026
30.25642303398773,0.7471597976322313
30.26429411178013,0.8982955374978505
30.27216518957253,1.201723802131525
30.28003626736493,0.284153721339193
30.287907345157333,1.2579712829236753
30.29577842294973,1.290886958174802
30.30364950074213,3.745279156819506
30.31152057853453,2.1971343815889717
30.319391656326932,0.5332563112689916
30.327262734119333,0.46380585706728755
30.33513381191173,1.182664674410591
30.343004889704137,0.2762805742010497
30.35087596749653,1.5720999027754818
30.358747045288936,0.05992161960500167
30.366618123081334,4.178761244904938
30.37448920087374,0.0723445969097653
30.382360278666138,0.27382685515475985
30.39023135645854,0.1659096192845027
30.39810243425094,0.39514561295977296
30.40597351204334,0.7601027423146984
30.41384458983574,0.14026829917021988
30.421715667628145,1.5850816437860038
30.429586745420544,1.361902727731783
30.43745782321294,0.08598690144605689
30.445328901005343,1.3293328658857284
30.453199978797745,0.43964788504882574
30.461071056590143,1.0206635131113315
30.468942134382544,0.21945188733270385
30.476813212174942,0.3556756364051357
30.484684289967348,0.2517403957347143
30.492555367759746,0.19286639002502662
30.500426445552147,0.591907392826957
30.50829752334455,1.6413591543624544
30.516168601136947,1.8840818286142942
30.52403967892935,2.0727408070129405
30.53191075672175,0.9041504838836503
30.539781834514148,1.8361587913978428
30.54765291230655,0.7603600912429174
30.55552399009895,1.2097561972213204
30.563395067891356,0.6985535402848108
30.57126614568375,1.0760427264477188
30.579137223476152,1.474083611812952
30.587008301268558,1.7509561616109564
30.594879379060952,0.0023412552897293117
30.602750456853357,0.23982012934252578
30.610621534645755,3.132027260888062
30.61849261243816,6.90204862061314
30.626363690230555,0.11041059093228815
30.63423476802296,0.17682436871407084
30.64210584581536,0.21988066620845523
30.64997692360776,0.648668270006476
30.65784800140016,0.08731772702434205
30.66571907919256,2.0302266029036375
30.67359015698496,0.14442169700426832
30.68146123477736,0.2669185320653277
30.68933231256976,1.469244383089031
30.69720339036216,1.040771215913699
30.70507446815456,1.0077998949565885
30.71294554594696,0.6982879773694547
30.720816623739363,0.5906755143579124
30.72868770153176,1.9719432564734805
30.736558779324163,2.6477812243274395
30.744429857116565,4.603650190209078
30.75230093490897,0.9084512319695646
30.760172012701364,2.731077162400284
30.76804309049377,3.8728436078956068
30.775914168286167,0.8478155394632129
30.783785246078565,0.6197426424811242
30.791656323870967,0.9542107543237144
30.79952740166337,0.7096981265314015
30.80739847945577,0.1554665711488725
30.81526955724817,0.4799063846236471
30.82314063504057,0.5302758366083805
30.83101171283297,0.4291188697188589
30.83888279062537,1.832270304612215
30.84675386841777,0.8218465404604346
30.854624946210173,0.05439689323344825
30.86249602400257,0.15720835280310352
30.87036710179497,1.6596223006394961
30.87823817958737,0.7315913320269315
30.886109257379776,0.2857354985338782
30.893980335172174,0.8576031444001507
30.90185141296457,3.1677207693118588
30.909722490756977,0.33255161495604535
30.91759356854937,0.394293279139608
30.925464646341776,1.7430120982742812
30.933335724134174,0.1669597918588321
30.94120680192658,2.1318240679182825
30.949077879718978,0.02966664675725321
30.95694895751138,0.8709996171655252
30.96482003530378,0.8152367656935786
30.97269111309618,0.47176676489061653
30.98056219088858,0.7523978887217936
30.988433268680986,3.4518853658752655
30.996304346473384,0.36495754921398044
31.00417542426578,0.8820903070434698
31.012046502058183,0.5776812132541747
31.019917579850585,0.1355760435606588
31.027788657642983,0.8484265183021725
31.035659735435384,0.30272812021266116
31.043530813227783,1.1839724505801321
31.051401891020184,0.29371184045192267
31.059272968812586,2.8163947449648137
31.067144046604987,3.661599197610104
31.07501512439739,0.7309960916254417
31.082886202189787,0.6157057798112248
31.09075727998219,0.5692798803968262
31.09862835777459,0.5498829261955741
31.106499435566988,0.5308485810042474
31.11437051335939,1.2967685872561445
31.12224159115179,0.00707523622344019
31.130112668944196,0.40079717275587173
31.13798374673659,0.11243404214092302
31.145854824528996,1.4959149063949968
31.153725902321398,0.6591960308095647
31.161596980113792,0.6569010243250505
31.169468057906197,0.2591239378832951
31.177339135698595,0.3030323888693796
31.185210213490997,0.7047529392920814
31.193081291283395,0.4000110932690066
31.2009523690758,1.386480068068446
31.2088234468682,0.06937535902185805
31.2166945246606,0.22632443306594635
31.224565602453,5.433656855091208
31.2324366802454,6.236802239278536
31.2403077580378,0.06374635123094784
31.2481788358302,0.1669787699251162
31.2560499136226,0.34658487153171696
31.263920991415,0.8225982954740617
31.2717920692074,0.28033383227406944
31.2796631469998,0.13254067772250142
31.287534224792203,0.3121135201586909
31.2954053025846,0.9395012751200739
31.303276380377003,0.0023371335472975826
31.311147458169405,1.1310211309627367
31.319018535961806,0.7020362999134776
31.326889613754204,0.7385408048924617
31.33476069154661,1.2200176191904097
31.342631769339008,1.4436521211837854
31.35050284713141,0.15258055085197078
31.358373924923807,1.1524837210245964
31.36624500271621,1.6849345130720534
31.374116080508607,3.1529281495788366
31.38198715830101,1.0132603101064162
31.38985823609341,2.480028042674713
31.39772931388581,2.5550723695858593
31.40560039167821,0.20197336494733642
31.41347146947061,0.3608662566862218
31.421342547263013,0.11596948886229744
31.42921362505541,1.3990202422441531
31.43708470284781,2.7708704468156133
31.44495578064021,5.719988955180872
31.452826858432616,1.0845043930892837
31.460697936225014,0.6160925081284166
31.46856901401741,0.19970630608101864
31.476440091809817,0.715866112530039
31.48431116960221,1.0426375185211567
31.492182247394616,1.5750105577028177
31.500053325187015,1.6660938492552313
31.507924402979416,3.546288962132732
31.515795480771818,0.13554798290611875
31.52366655856422,0.5361088843461645
31.53153763635662,1.4621942330842477
31.53940871414902,0.3375448894401505
31.54727979194142,1.3594680680690483
31.555150869733826,1.4468705709896434
31.56302194752622,0.06510584814988447
31.57089302531862,3.0364688593801397
31.578764103111023,1.8309970869130092
31.586635180903425,2.351995146933111
31.594506258695823,0.34118950138709153
31.602377336488225,2.642134169500125
31.610248414280623,3.570887965221541
31.618119492073024,1.0471617182859139
31.625990569865422,0.714198167520158
31.633861647657827,0.6368797335389879
31.64173272545023,0.1826453790783754
31.649603803242627,0.22715286622743597
31.65747488103503,1.6655987393717715
31.66534595882743,3.8671236163029543
31.67321703661983,1.6720962688898704
31.68108811441223,0.3787322643573733
31.68895919220463,0.052258654014309
31.69683026999703,0.5225429064180762
31.70470134778943,1.5001941049922531
31.712572425581836,0.060105869734403336
31.720443503374234,0.10495868034418997
31.728314581166632,0.11998461969235506
31.736185658959037,0.06750298444908487
31.744056736751435,0.22237227921997027
31.751927814543837,0.7483139776678293
31.759798892336235,0.23677336470297577
31.76766997012864,0.05964212705652495
31.77554104792104,0.0052500800673980896
31.78341212571344,1.8911815200249968
31.79128320350584,2.105245209796683
31.79915428129824,0.3167942100739859
31.80702535909064,1.4932100607869028
31.81489643688304,0.5990837942321096
31.82276751467544,1.3641289542889896
31.83063859246784,0.8382910034949025
31.83850967026024,0.45408748241733876
31.84638074805264,1.2732419629183227
31.854251825845044,0.04415248977623887
31.86212290363744,0.48903054142086244
31.869993981429843,0.7205967662292844
31.877865059222245,1.2122045045874628
31.885736137014643,1.1128187652849273
31.893607214807044,0.9235825632210628
31.90147829259945,0.16267973253630602
31.909349370391848,1.1515088400021984
31.91722044818425,1.3674523502233353
31.925091525976647,0.6254527215171917
31.93296260376905,0.047579847883831204
31.940833681561447,0.1027701393227115
31.94870475935385,0.03607247479588285
31.95657583714625,0.28635234912312985
31.96444691493865,0.03281052111732303
31.97231799273105,0.6551843542382187
31.98018907052345,2.4357935153988857
31.988060148315853,0.12172554666956556
31.99593122610825,1.9394127272582324
32.00380230390065,2.4698050971382215
32.01167338169305,0.8054662760209265
32.01954445948545,1.279258455524713
32.027415537277854,5.791933841838431
32.035286615070255,4.526689756819251
32.04315769286266,0.5357971538735159
32.05102877065506,0.03855505164045723
32.05889984844746,0.5607319277133812
32.066770926239855,1.1234722088443574
32.074642004032256,0.9438269975705205
32.08251308182466,5.308384214818398
32.09038415961706,2.1149363840762456
32.09825523740946,0.1627503619703119
32.10612631520186,2.1894995816904377
32.11399739299426,3.287964661719662
32.12186847078666,1.7301128638807257
32.12973954857906,3.807463185425615
32.13761062637146,1.3757924704689495
32.14548170416386,2.0581941779844644
32.153352781956265,0.1340584390829845
32.16122385974867,0.5041905454906772
32.16909493754106,0.7787657773202458
32.17696601533346,0.6945962321157735
32.184837093125864,0.3474604229015593
32.192708170918266,0.05108315937664219
32.20057924871067,0.12487335407751032
32.20845032650307,0.4705816413491023
32.21632140429547,1.3140567293493604
32.224192482087865,0.8929083186418176
32.23206355988027,0.3359521240266952
32.23993463767267,0.6404487721554613
32.24780571546507,2.8558740074724183
32.25567679325747,0.39169676171679785
32.26354787104987,1.0365563435977618
32.271418948842275,0.45432252129928535
32.27929002663467,3.718573537303354
32.28716110442707,2.7424906704248393
32.29503218221947,1.1413997549293107
32.302903260011874,2.060560097098161
32.31077433780428,5.038086090534309
32.31864541559668,0.2674215789164629
32.32651649338908,1.3062463789906216
32.33438757118147,0.21262214997815568
32.342258648973875,1.0210880528950734
32.35012972676628,2.8281835203976717
32.35800080455868,0.13255409535070126
32.36587188235108,0.1178951039194146
32.37374296014348,1.215353882188141
32.38161403793588,1.2657898888560968
32.38948511572828,1.7893704870776561
32.39735619352068,0.27707000516597374
32.40522727131308,1.5241108566499286
32.41309834910548,0.640843228337984
32.420969426897884,0.032559276703546844
32.428840504690285,0.10276694878974638
32.43671158248268,0.14622196462683337
32.44458266027508,1.1228179593204501
32.45245373806748,1.8752209273327882
32.460324815859884,1.0834765928107661
32.468195893652286,0.406615115440892
32.47606697144469,0.7841728360348338
32.48393804923709,0.41596151950890076
32.491809127029484,0.5931849719361705
32.499680204821885,0.03198146942139266
32.50755128261429,0.4379745912123829
32.51542236040669,0.3945868063866379
32.52329343819909,0.034524011637332874
32.53116451599149,1.7545019832520061
32.53903559378389,5.025960269027998
32.54690667157629,3.4450526740651584
32.55477774936869,1.0520722456990883
32.56264882716109,0.3101871822329045
32.57051990495349,1.4767959893567837
32.578390982745894,0.34539104918918506
32.586262060538296,0.7414911960244599
32.5941331383307,0.8205698599356837
32.60200421612309,1.6581343502559693
32.60987529391549,1.0574541681475242
32.617746371707895,0.5340293679946259
32.6256174495003,3.2582162532887273
32.6334885272927,0.29749352179677346
32.6413596050851,0.20656993002395133
32.6492306828775,1.9326669705513497
32.657101760669896,1.163130938856579
32.6649728384623,0.12298080062677584
32.6728439162547,0.18882236428686236
32.6807149940471,1.2955970866415305
32.6885860718395,3.3856440665126337
32.696457149631904,1.3051096299453677
32.704328227424305,1.828235451541319
32.7121993052167,0.47452699048259034
32.7200703830091,1.4669067363636557
32.7279414608015,1.658647461858827
32.735812538593905,0.3249624412074659
32.743683616386306,1.5919816275709235
32.75155469417871,2.400230213415025
32.7594257719711,0.16061019870450743
32.767296849763504,0.9867480044794924
32.775167927555906,1.2875524608320696
32.78303900534831,1.5106862584811163
32.79091008314071,0.7873186942400098
32.79878116093311,0.5325364692472229
32.80665223872551,3.7456033422041495
32.814523316517906,2.9286390428442726
32.82239439431031,3.101668050018788
32.83026547210271,0.5381177925942247
32.83813654989511,0.8376055440155808
32.84600762768751,0.4592429857406055
32.853878705479914,1.0924094684620644
32.86174978327232,1.1715647296592164
32.86962086106471,1.2411569251828272
32.87749193885711,0.037811760478632335
32.885363016649514,0.18102585374983454
32.893234094441915,3.1974436005992364
32.90110517223432,1.5403672092654532
32.90897625002672,0.776302588440755
32.91684732781912,1.2565592505164278
32.924718405611515,0.3970449973718051
32.93258948340392,0.7773867384871422
32.94046056119632,0.05332861243723192
32.94833163898872,0.030585299419175687
32.95620271678112,0.35674914534145896
32.96407379457352,0.2746982313246087
32.971944872365924,0.7530834931198429
32.97981595015832,1.2267975643870337
32.98768702795072,2.4256385878925535
32.99555810574312,1.2792723634226362
33.00342918353552,1.0741114575623336
33.011300261327925,1.4342216732456854
33.01917133912033,2.2268222369262984
33.02704241691273,1.3397757404739277
33.03491349470512,0.7170954962906794
33.042784572497524,0.1386586249374513
33.050655650289926,0.42703797748203237
33.05852672808233,0.8867085524339212
33.06639780587473,0.8804668040611978
33.07426888366713,1.030491766190447
33.082139961459525,0.8773351716791253
33.09001103925193,0.012914295060056095
33.09788211704433,0.461982529165876
33.10575319483673,1.5542925750232814
33.11362427262913,2.686572095906989
33.12149535042153,0.642900923914667
33.129366428213935,2.5264122236625415
33.13723750600633,1.3314110498726526
33.14510858379873,1.4133437820349273
33.15297966159113,0.7623747171563133
33.160850739383534,1.034568010693962
33.168721817175935,0.6739611411708771
33.17659289496834,0.41902959468008455
33.18446397276074,1.4145218530006891
33.19233505055313,3.8265075244786226
33.200206128345535,0.2924208381805319
33.208077206137936,1.1363477914831797
33.21594828393034,0.2554540707161707
33.22381936172274,0.6247507289533356
33.23169043951514,0.0927847342115831
33.23956151730754,2.0669059737890803
33.24743259509994,0.21716789495561062
33.25530367289234,0.35463890445171975
33.26317475068474,0.9411310436589957
33.27104582847714,1.9380732945496906
33.278916906269544,4.2581919410601445
33.286787984061945,0.24939113470405236
33.29465906185435,4.950914618253647
33.30253013964674,0.25418844580836153
33.31040121743914,0.010169918515640716
33.318272295231544,0.6163101151070526
33.326143373023946,1.135821474572326
33.33401445081635,0.1270414726203929
33.34188552860875,0.6762578778058023
33.34975660640115,1.931632297879321
33.357627684193545,0.2676908040205379
33.36549876198595,0.25070839655349847
33.37336983977835,0.8836259110333381
33.38124091757075,1.9822513236116075
33.38911199536315,6.4033256472885
33.39698307315555,0.6956865713122359
33.404854150947955,6.962685230762714
33.41272522874035,1.4667772980691078
33.42059630653275,0.4646232037802156
33.42846738432515,0.30726860894339725
33.436338462117554,0.24460059848648827
33.44420953990996,0.22960011656288243
33.45208061770236,3.866939794812209
33.45995169549475,0.6063725410738996
33.46782277328715,0.5820580760712404
33.475693851079555,1.8970728501258398
33.48356492887196,0.275785189196964
33.49143600666436,0.2239476453133169
33.49930708445676,0.3013842181594329
33.50717816224916,1.7795817008175394
33.51504924004156,0.11466644567044873
33.52292031783396,0.9164987075241402
33.53079139562636,1.8891339329336834
33.53866247341876,3.3712504033670987
33.54653355121116,0.432854178592924
33.554404629003564,0.3812995918037814
33.562275706795965,2.8337482656368973
33.57014678458836,0.08126748962581201
33.57801786238076,0.478586167168483
33.58588894017316,2.1069602376250094
33.593760017965565,0.005918927593304279
33.601631095757966,0.093540193103848
33.60950217355037,0.2499311517603968
33.61737325134277,0.9344963142297215
33.625244329135164,2.9483816376556664
33.633115406927566,2.617556284829544
33.64098648471997,0.8763480504916684
33.64885756251237,0.40052081401489287
33.65672864030477,1.9350857995171713
33.66459971809717,0.5002296198297622
33.67247079588957,0.22314744253468888
33.68034187368197,1.4019659799424002
33.68821295147437,1.58598557386313
33.69608402926677,1.0234541157861328
33.70395510705917,0.5426891348146878
33.711826184851574,1.9924303968282249
33.719697262643976,6.834726082837069
33.72756834043638,0.7541867428768279
33.73543941822877,0.5431378395749785
33.743310496021174,0.09081438089030602
33.751181573813575,0.8893450934065411
33.75905265160598,0.031897517953883764
33.76692372939838,0.24143300317836217
33.77479480719078,0.6263373874610788
33.782665884983174,0.4500450201137278
33.790536962775576,0.8678029200867053
33.79840804056798,1.3178185433970975
33.80627911836038,0.6364035758203197
33.81415019615278,0.09088689969847699
33.82202127394518,0.4225437271796228
33.829892351737584,0.5588972292234128
33.83776342952998,1.5769502922846912
33.84563450732238,1.724982307244436
33.85350558511478,1.4242355981515462
33.86137666290718,0.27052271021950136
33.869247740699585,0.5904938016172119
33.87711881849199,0.009151492974082272
33.88498989628439,0.9407488774394586
33.89286097407678,1.4567517635681893
33.900732051869184,2.156485247774134
33.908603129661586,2.153851768712989
33.91647420745399,1.6274016728480847
33.92434528524639,2.247418927176386
33.93221636303879,0.17724661796952773
33.94008744083119,0.11304028089744594
33.94795851862359,0.8657530491566549
33.95582959641599,0.34083505794693514
33.96370067420839,0.29726133892581746
33.97157175200079,0.9161558924295863
33.97944282979319,0.5473104886037957
33.987313907585595,0.17348363775346612
33.995184985378,0.1463066666288777
34.00305606317039,1.155779270611946
34.01092714096279,1.7100980032920545
34.018798218755194,1.7346312388064271
34.026669296547595,0.45919174778592137
34.03454037434,0.11442356433838484
34.0424114521324,0.22407623898443374
34.0502825299248,0.4782298637675975
34.058153607717195,1.1434552676673087
34.0660246855096,0.07576712516666186
34.073895763302,0.30191638171862717
34.0817668410944,4.731598015378906
34.0896379188868,0.27723780274077714
34.0975089966792,0.7401837155157761
34.1053800744716,0.1743263517246461
34.113251152264,0.8929455753019742
34.1211222300564,0.0760375028620311
34.1289933078488,1.1962194821123122
34.1368643856412,0.3161833552993549
34.144735463433605,0.01698378715200619
34.15260654122601,0.20203588526885752
34.1604776190184,0.11467981401761584
34.1683486968108,0.0788025754895686
34.176219774603204,0.10971250412520049
34.184090852395606,0.30023700920260266
34.19196193018801,2.0265656069476687
34.19983300798041,0.26498550864019565
34.20770408577281,0.5485658956886089
34.215575163565205,0.6652052016488723
34.22344624135761,0.4748716697550294
34.23131731915001,1.7427116183096512
34.23918839694241,0.2484447427721046
34.24705947473481,0.8089021247340167
34.25493055252721,0.7482851772408754
34.262801630319615,0.07797196773325869
34.27067270811201,3.988459952265691
34.27854378590441,0.5868054970697313
34.28641486369681,1.7320944602632629
34.294285941489214,0.3841727783123025
34.302157019281616,0.15146494561159182
34.31002809707402,0.6130379429894244
34.31789917486642,0.14374009112580305
34.32577025265881,0.5259084618096803
34.333641330451215,0.8441300639132994
34.34151240824362,0.052029250979838536
34.34938348603602,1.0232513367223544
34.35725456382842,0.9426236201895111
34.36512564162082,0.734958842072397
34.37299671941322,0.11498948003116675
34.38086779720562,0.15316459491602727
34.38873887499802,2.8893602286965208
34.39660995279042,2.0227762020496916
34.40448103058282,0.31146260182955426
34.412352108375224,0.2676677151615685
34.420223186167625,0.06715514343048963
34.42809426396002,3.2317513509097613
34.43596534175242,0.003000606445241309
34.44383641954482,0.960574844957019
34.451707497337225,3.8092900090970208
34.459578575129626,0.8247103644349381
34.46744965292203,0.35166069743091477
34.47532073071443,1.090692344732044
34.483191808506824,1.47100297736056
34.491062886299225,0.09361138120773381
34.49893396409163,0.32107297174592037
34.50680504188403,0.3277123238013203
34.51467611967643,1.2400346634404786
34.52254719746883,0.47498943754219536
34.53041827526123,0.06341138125135085
34.53828935305363,0.19777646734694915
34.54616043084603,0.30728535187912476
34.55403150863843,0.3970654057344716
34.56190258643083,0.02885915995556098
34.569773664223234,0.7686532022466164
34.57764474201564,4.651679233292679
34.58551581980804,0.842177748218037
34.59338689760043,0.2213660004560186
34.60125797539283,0.7649656721626529
34.609129053185235,1.2261423594955518
34.61700013097764,0.16363947612479154
34.62487120877004,0.38598178647089626
34.63274228656244,2.612735239884598
34.64061336435484,0.6662247117637305
34.64848444214724,1.4484157095615195
34.65635551993964,0.7025477577486735
34.66422659773204,0.2910036272851506
34.67209767552444,1.0284717410733284
34.67996875331684,1.062981032761003
34.687839831109244,1.7002367538204366
34.695710908901646,2.028338949370683
34.70358198669404,5.273127577184241
34.71145306448644,1.5681534278227527
34.71932414227884,5.291559154439885
34.727195220071245,0.4718435214040438
34.735066297863646,2.5995905776439137
34.74293737565605,4.313188651633009
34.75080845344844,0.4711412680885498
34.758679531240844,1.4924192734379904
34.766550609033246,0.13554304375660217
34.77442168682565,1.4997914105621775
34.78229276461805,0.5304909482111091
34.79016384241045,0.2900243609011438
34.79803492020285,0.1314855473450082
34.80590599799525,1.2523248920533454
34.81377707578765,0.6684641718435471
34.82164815358005,0.6338040837073796
34.82951923137245,0.05211258334454479
34.83739030916485,1.6187934743561412
34.845261386957255,1.3011759154819065
34.853132464749656,0.42186013665153216
34.86100354254205,0.593083777952247
34.86887462033445,1.042637925608678
34.876745698126854,0.07370361689264607
34.884616775919255,0.1234934782118985
34.89248785371166,0.7186783937149769
34.90035893150406,0.14074749756400542
34.90823000929646,3.6425618105724467
34.916101087088855,1.1528337339856896
34.923972164881256,0.12685979530065117
34.93184324267366,0.08070772979439712
34.93971432046606,0.42844573806047764
34.94758539825846,0.5446784342208723
34.95545647605086,3.2839130612772713
34.963327553843264,0.11200626114767773
34.97119863163566,0.7961377848811497
34.97906970942806,0.756207921625159
34.98694078722046,0.8475160132559205
34.99481186501286,1.8139744583275694
35.002682942805265,0.6352592478600545
35.01055402059767,1.1023393414683451
35.01842509839007,0.11459699607626324
35.02629617618246,0.19250187595224882
35.034167253974864,0.6842299476963565
35.042038331767266,0.8733615912708693
35.04990940955967,0.12022079605835383
35.05778048735207,1.017346061031175
35.06565156514447,0.7191802195943231
35.073522642936865,1.4600930808420476
35.08139372072927,1.0278904555428232
35.08926479852167,0.47602718623328594
35.09713587631407,4.76891023814338
35.10500695410647,0.0031969538587060926
35.11287803189887,1.3091650096911558
35.120749109691275,0.014162083557141165
35.12862018748367,0.2711232507315502
35.13649126527607,0.15923027035051107
35.14436234306847,2.718078164200967
35.152233420860874,2.479840137285181
35.16010449865328,0.3960626534564301
35.16797557644568,0.2431414876114498
35.17584665423808,0.262919676503126
35.18371773203047,0.13790086314897027
35.191588809822875,0.8555547807499837
35.19945988761528,0.40102724687140656
35.20733096540768,0.4194929254530152
35.21520204320008,0.29777134029157354
35.22307312099248,0.032934124102395705
35.23094419878488,0.22295766966928546
35.23881527657728,0.2973994097961713
35.24668635436968,0.8672626289475376
35.25455743216208,1.8579206711241059
35.26242850995448,3.068236583875663
35.270299587746884,0.7206285365131635
35.278170665539285,1.6877887193173953
35.28604174333169,1.5551052127265312
35.29391282112408,1.6102104637989167
35.30178389891648,0.489175987063761
35.309654976708885,0.911184030046169
35.317526054501286,0.1665741865800901
35.32539713229369,1.3213817575633067
35.33326821008609,0.9389225700002437
35.34113928787849,1.2952488503529096
35.349010365670885,2.2359778489575075
35.35688144346329,0.8993471875801256
35.36475252125569,1.3280166874197687
35.37262359904809,0.6019143383465813
35.38049467684049,0.9827353101065198
35.38836575463289,0.13441001724509088
35.396236832425295,1.0435449393821596
35.40410791021769,0.22459958425933557
35.41197898801009,0.05869238639475888
35.41985006580249,0.02083187139339628
35.427721143594894,0.24257542819096758
35.435592221387296,0.17274211210750406
35.4434632991797,0.9136790958034497
35.45133437697209,1.7429206778945767
35.45920545476449,2.5959897836668078
35.467076532556895,2.702146192221445
35.4749476103493,0.27995733705520415
35.4828186881417,3.9604031378793496
35.4906897659341,2.176616931505932
35.4985608437265,1.7072233124853087
35.506431921518896,7.791469320972688
35.5143029993113,0.17744405762122517
35.5221740771037,0.9789334896175272
35.5300451548961,0.6720680741626531
35.5379162326885,0.04410243197854263
35.545787310480904,3.261021465979727
35.553658388273305,0.5680318466098793
35.5615294660657,0.6047755852758184
35.5694005438581,1.634844538298821
35.5772716216505,0.7617266710172673
35.585142699442905,2.8994132000876447
35.593013777235306,0.5035802717448571
35.60088485502771,2.1197495934357717
35.60875593282011,0.11230026232295814
35.616627010612504,1.2222409315024476
35.624498088404906,0.5274828994625561
35.63236916619731,1.0462575973190973
35.64024024398971,0.4536036250000244
35.64811132178211,0.2064007558567291
35.65598239957451,2.2273310776524955
35.663853477366914,0.4681267326942148
35.67172455515931,0.7425311088180645
35.67959563295171,0.6197243550930001
35.68746671074411,0.3632129057342295
35.69533778853651,1.0224434430480738
35.703208866328914,0.14209872926831466
35.71107994412132,0.3495841463251332
35.71895102191372,0.5890961171128964
35.72682209970611,1.9092886447066728
35.734693177498514,2.4459049073954398
35.742564255290915,2.4329792178377203
35.75043533308332,0.2851657419722696
35.75830641087572,0.8865308552242424
35.76617748866812,1.5110687669030007
35.774048566460515,1.6917735256896278
35.78191964425292,1.5570847200747016
35.78979072204532,0.5123101674215734
35.79766179983772,0.43986780641343315
35.80553287763012,0.4762197222978464
35.81340395542252,1.0534296832602321
35.821275033214924,1.1934765303096362
35.82914611100732,1.7806584068603977
35.83701718879972,1.4467849690632324
35.84488826659212,2.1383862123224726
35.85275934438452,3.368854958712116
35.860630422176925,1.0699742218492763
35.86850149996933,0.028672574396427588
35.87637257776173,1.368556600434063
35.88424365555412,0.36806723082135406
35.892114733346524,1.5308713002055154
35.899985811138926,0.6964786078305818
35.90785688893133,0.2947973128189159
35.91572796672373,1.5881930842899226
35.92359904451613,0.1995720085392063
35.93147012230853,0.19332092296467177
35.93934120010093,2.9624650844632257
35.94721227789333,1.5261230301228308
35.95508335568573,3.431600991651366
35.96295443347813,0.7598680063981443
35.97082551127053,1.323549809956621
35.978696589062935,0.6260827160508942
35.986567666855336,1.1122283015455874
35.99443874464773,0.8499254010650104
36.00230982244013,0.2477255253973708
36.010180900232534,0.2312918433576312
36.018051978024936,1.2821532820444752
36.02592305581734,3.75872175105156
36.03379413360974,0.19503002389874605
36.04166521140214,0.471795195642993
36.049536289194535,1.8197375038112458
36.057407366986936,1.0647713825885314
36.06527844477934,0.0427901535018441
36.07314952257174,0.3354215406228758
36.08102060036414,0.48469302939512243
36.08889167815654,1.1379587308069767
36.09676275594894,1.2895801748124873
36.10463383374134,0.6146773642204185
36.11250491153374,1.5954645781810302
36.12037598932614,0.452762935237642
36.128247067118544,0.21145233873829308
36.13611814491095,0.5364176167599207
36.14398922270335,0.04783832296903364
36.15186030049574,2.519965204107668
36.15973137828814,0.5981786574993483
36.167602456080544,1.4900885065797673
36.17547353387295,1.3317127750257138
36.18334461166535,0.99056998439549
36.19121568945775,0.4454325183639573
36.19908676725015,2.8394950223733924
36.20695784504255,0.5142563655235222
36.21482892283495,0.4173259276079911
36.22270000062735,1.1038620171541933
36.23057107841975,0.8939615655244331
36.23844215621215,0.2602020173721467
36.24631323400455,0.39761209889111937
36.25418431179696,3.8479174495146053
36.26205538958935,1.1742951089409335
36.26992646738175,0.22019289987930168
36.27779754517415,0.6418701729570104
36.28566862296656,0.3212865023015449
36.29353970075896,0.08364906754587535
36.30141077855136,0.17645048417158685
36.30928185634376,0.8228329134587292
36.31715293413615,0.6443300571196588
36.32502401192856,0.8996659407086267
36.33289508972096,7.64189957498795
36.34076616751336,0.44569836481488406
36.34863724530576,0.21229806220500033
36.35650832309816,1.9923342684944307
36.36437940089056,1.930711823573758
36.37225047868296,0.45663431418403083
36.38012155647536,2.7293386474659966
36.38799263426776,1.9465429656177857
36.39586371206016,0.5877937230272543
36.40373478985256,0.5586812052912435
36.411605867644965,0.13106417461815978
36.41947694543736,0.28854374316414305
36.42734802322976,2.227293467728327
36.43521910102216,0.6267052293611729
36.443090178814565,2.3143058606131883
36.450961256606966,2.2099105984327894
36.45883233439937,1.2242204376550168
36.46670341219177,2.6699542323470355
36.47457448998416,0.20852741253335588
36.482445567776566,0.5101103829492943
36.49031664556897,0.12505047633270808
36.49818772336137,1.2833220445222628
36.50605880115377,0.2150158465209897
36.51392987894617,0.5074630557864747
36.52180095673857,0.6547905428842655
36.52967203453097,1.9613717720979185
36.53754311232337,0.7348013221245442
36.54541419011577,0.13269080822650098
36.55328526790817,2.6276606025621123
36.561156345700574,0.08298359798436508
36.569027423492976,0.27457052306084984
36.57689850128538,0.2223558304172575
36.58476957907777,0.3269933782863164
36.592640656870174,1.0676743332879586
36.600511734662575,1.0261448294813522
36.60838281245498,0.22315254224524095
36.61625389024738,0.002541657917761168
36.62412496803978,4.7312768869474775
36.63199604583218,6.138361182379258
36.639867123624576,0.07112068416478255
36.64773820141698,3.121006747631591
36.65560927920938,5.6246180707904685
36.66348035700178,0.4561015359114755
36.67135143479418,0.9056497955369022
36.67922251258658,0.5605700577156955
36.687093590378986,0.49734427794087316
36.69496466817138,5.9985315907712495
36.70283574596378,0.730255126340677
36.71070682375618,4.125507667281478
36.718577901548585,0.5195209632943539
36.72644897934099,1.0097870081740106
36.73432005713339,0.9724462381817212
36.74219113492578,4.436427751906546
36.75006221271818,0.7699008264188103
36.757933290510586,3.0977305173417755
36.76580436830299,3.8579660075637405
36.77367544609539,0.6920612721948505
36.78154652388779,0.7572856026818653
36.78941760168019,0.8346993196204584
36.79728867947259,0.40994070338864136
36.80515975726499,0.1825597634740175
36.81303083505739,1.0170125453529024
36.82090191284979,0.22776202395327277
36.82877299064219,0.6037462114155396
36.8366440684346,0.9441368409339552
36.844515146227,1.3552147264366392
36.85238622401939,0.0028445939370135773
36.86025730181179,1.411167455549973
36.868128379604194,0.21035410161028908
36.8759994573966,0.18013133740871362
36.883870535189,0.7727010725883293
36.8917416129814,0.10015088955554355
36.8996126907738,0.2410219393501152
36.9074837685662,0.4321769027183607
36.9153548463586,0.01813881659964575
36.923225924151,0.4150098940907461
36.9310970019434,1.128477685379751
36.9389680797358,0.28721153348099515
36.9468391575282,1.65953154631006
36.95471023532061,0.9096661727433839
36.962581313113,0.816695788519697
36.9704523909054,2.964433385755056
36.9783234686978,0.22859329474272763
36.9861945464902,0.1635521832465695
36.994065624282605,2.0043723631757975
37.00193670207501,0.3883785472699375
37.00980777986741,1.6705999554256132
37.0176788576598,0.468602399622523
37.02554993545221,0.1544612160408485
37.033421013244606,0.42227979628432316
37.04129209103701,0.1510431012595996
37.04916316882941,0.9023568376469405
37.05703424662181,0.5439728049125345
37.06490532441421,0.03369474026930218
37.07277640220661,0.3848178948908714
37.08064747999901,0.07923216903296118
37.08851855779141,2.5749250378393542
37.09638963558381,0.4429036618323275
37.10426071337621,2.407030389190604
37.112131791168615,0.07922564176737437
37.12000286896101,0.3799899242028448
37.12787394675341,0.13600146865154064
37.13574502454581,1.716377559427958
37.14361610233821,0.06379557369287815
37.151487180130616,0.023958055063956714
37.15935825792302,0.37292057449900656
37.16722933571542,0.4495305755092698
37.17510041350781,0.9607296109600073
37.182971491300215,1.0662545539266242
37.19084256909262,1.4271921972260977
37.19871364688502,0.9321360086666511
37.20658472467742,0.20509586981405842
37.21445580246982,2.9073052218015794
37.22232688026222,0.04555258533194878
37.23019795805462,0.308522013895213
37.23806903584702,0.5394485512937554
37.24594011363942,2.281552579647937
37.25381119143182,0.19087899583873952
37.261682269224224,0.9167208209438258
37.26955334701663,0.2671011775766752
37.27742442480903,0.7111258261140345
37.28529550260142,0.24625168473181142
37.29316658039382,2.2532616645293797
37.30103765818623,0.9269682523598797
37.30890873597863,0.059741732557113174
37.31677981377103,0.6357521540738394
37.32465089156343,0.002584003251313828
37.33252196935583,0.9053758641332826
37.34039304714823,0.005607597030280021
37.34826412494063,0.09142886245833466
37.35613520273303,0.04454188990300562
37.36400628052543,0.03775030442409547
37.37187735831783,0.5280222459642107
37.37974843611023,1.2932586284427499
37.38761951390264,0.8449602085568267
37.39549059169503,0.40126731884514644
37.40336166948743,1.1129552266514766
37.41123274727983,0.012991032243325254
37.41910382507224,1.9283663396344166
37.42697490286464,0.33772694930271985
37.43484598065704,1.0777397158846131
37.44271705844943,0.23110787650022682
37.45058813624184,0.21460601107098812
37.45845921403424,0.009400331682866879
37.46633029182664,0.8152420916798301
37.47420136961904,1.0655397373353985
37.48207244741144,2.2435052352213636
37.48994352520384,0.7720569857176679
37.49781460299624,0.3831821460001209
37.50568568078864,1.04673944541651
37.51355675858104,0.5796931097527931
37.52142783637344,0.28100625037765264
37.52929891416584,0.23031296809486468
37.53716999195824,1.8636048304726127
37.545041069750646,0.3743827211697573
37.55291214754304,0.525278806213686
37.56078322533544,1.9359995249819442
37.56865430312784,0.32471505344635554
37.576525380920245,0.04473901242376325
37.58439645871265,1.0175818697868366
37.59226753650505,0.9097311914480466
37.60013861429745,0.6446780575784604
37.60800969208984,0.24997038096147312
37.615880769882246,0.687278505554354
37.62375184767465,1.1625522668669461
37.63162292546705,0.5689854387476206
37.63949400325945,3.700378002731828
37.64736508105185,0.12568329629829222
37.655236158844254,0.4993875003434393
37.66310723663665,1.1301402360397979
37.67097831442905,1.7314426584932634
37.67884939222145,1.61479132955301
37.68672047001385,0.29749652205034205
37.694591547806255,0.14980822331095087
37.702462625598656,0.15585721686973228
37.71033370339106,2.341417718721048
37.71820478118345,0.5225991794328617
37.726075858975854,1.0753403007029059
37.733946936768255,1.1244947640730545
37.74181801456066,1.2510712613906743
37.74968909235306,2.1859806435893545
37.75756017014546,0.45819462964044066
37.765431247937855,0.5409947780801303
37.773302325730256,0.043462896663737476
37.78117340352266,3.252629173733872
37.78904448131506,1.4140982504574988
37.79691555910746,1.4581709127386528
37.80478663689986,2.108832530315622
37.81265771469226,2.4164097156833213
37.82052879248466,2.412894986734464
37.82839987027706,0.06267845770122753
37.83627094806946,0.04196545978469152
37.84414202586186,0.004831508837736991
37.852013103654265,0.055200983668559946
37.85988418144667,0.13126278412037154
37.86775525923907,2.0070967974539147
37.87562633703146,0.05634272888653719
37.88349741482386,0.6802992887324766
37.891368492616266,2.249259129485721
37.89923957040867,1.537532046828747
37.90711064820107,0.6904910986869328
37.91498172599347,2.1975727407823236
37.92285280378587,2.599928721838846
37.93072388157827,1.0613181398408154
37.93859495937067,3.912711672233844
37.94646603716307,2.3034354028026347
37.95433711495547,0.0730334507196837
37.96220819274787,1.0063615129076202
37.97007927054028,1.1084895516270405
37.97795034833268,0.6295018968643118
37.98582142612507,0.04354447447936214
37.99369250391747,0.41017204655929523
38.001563581709874,1.9702837251796592
38.00943465950228,0.614125988052865
38.01730573729468,2.9680778537031762
38.02517681508708,0.5930663810792487
38.03304789287948,0.027060858059063178
38.04091897067188,3.1893268978738845
38.04879004846428,0.7588766960640473
38.05666112625668,0.3543197567444299
38.06453220404908,2.23893448467383
38.07240328184148,0.1501710332031189
38.08027435963388,0.08965532121212684
38.08814543742628,0.13998684739747658
38.09601651521868,0.49440542071194016
38.10388759301108,1.2995065430489134
38.11175867080348,1.1135590059010865
38.11962974859589,0.960029797566766
38.127500826388285,0.8457298477627627
38.13537190418069,0.8279709960325399
38.14324298197308,1.1087463617402202
38.15111405976548,2.0490509287979735
38.158985137557885,1.186764618035523
38.166856215350286,0.31176437885705677
38.17472729314269,0.10121702559916844
38.18259837093509,5.58648510856604
38.19046944872749,0.49841112718939884
38.198340526519885,1.1087348811561488
38.20621160431229,0.28264515965282494
38.21408268210469,0.3195298415187772
38.22195375989709,0.360484104688686
38.22982483768949,0.3582948625304528
38.23769591548189,0.2788182540889557
38.245566993274295,0.24144872173000792
38.25343807106669,0.17941224468671516
38.26130914885909,0.8732078346506337
38.26918022665149,1.107695037780241
38.27705130444389,0.18568927547541633
38.284922382236296,2.1856072023071675
38.2927934600287,3.557717972264798
38.3006645378211,0.506439702218447
38.30853561561349,0.9312244318968917
38.316406693405895,0.6062159801142454
38.3242777711983,0.1841029676586328
38.3321488489907,0.9016818971993039
38.3400199267831,1.9230284615504158
38.3478910045755,0.731949668140933
38.3557620823679,0.2660230393139563
38.3636331601603,1.1134510106435591
38.3715042379527,0.3356001051128124
38.3793753157451,1.0547467560114203
38.3872463935375,0.005610608170452047
38.395117471329904,0.06147048306092114
38.40298854912231,0.13161304655628075
38.4108596269147,1.384643211509074
38.4187307047071,0.20029387771943433
38.4266017824995,0.2881788471968869
38.43447286029191,0.4560756755931945
38.44234393808431,0.5986136192842925
38.45021501587671,0.21784680088318228
38.45808609366911,1.1682795208241654
38.465957171461504,4.89203109738194
38.47382824925391,0.03882314136418282
38.48169932704631,2.3190521946412344
38.48957040483871,0.7917975184159426
38.49744148263111,1.107690921376999
38.50531256042351,0.20010194370802395
38.51318363821592,0.5451687938283037
38.52105471600831,0.98069298349679
38.52892579380071,0.007713816191007291
38.53679687159311,0.9628611254108674
38.54466794938551,0.46648837738874344
38.55253902717792,1.79493058002306
38.56041010497032,0.4960506987153817
38.56828118276272,1.1701284248147419
38.57615226055511,2.7533549909625226
38.58402333834752,0.43055037835292687
38.59189441613992,1.038495781507688
38.59976549393232,0.7576021225876185
38.60763657172472,0.9158285967544072
38.61550764951712,0.3641618356326217
38.62337872730952,0.15289382256620287
38.63124980510192,2.092899140142361
38.63912088289432,3.124513992479052
38.64699196068672,0.44648295815880634
38.65486303847912,0.591605886046539
38.66273411627152,1.5189383601105806
38.67060519406392,0.07211088092140237
38.678476271856326,1.8650167845259067
38.68634734964872,2.0729053062125575
38.69421842744112,2.0396733115399006
38.70208950523352,3.42027887240192
38.709960583025925,1.6241242923634274
38.71783166081833,0.40032860764962963
38.72570273861073,1.7213827394685053
38.73357381640312,0.8641205957907072
38.74144489419552,1.20486146986284
38.749315971987926,1.4251595912507053
38.75718704978033,0.5748565450694978
38.76505812757273,0.7570253286892948
38.77292920536513,1.886404930408708
38.78080028315753,1.3515431417216497
38.78867136094993,1.8515248021705353
38.79654243874233,0.8449764401163112
38.80441351653473,0.4786497215751114
38.81228459432713,0.9601748885159589
38.82015567211953,1.1696701766657245
38.828026749911935,1.9328855654966157
38.835897827704336,0.15010953928441806
38.84376890549673,0.430190625931024
38.85163998328913,0.5198767089509964
38.859511061081534,2.6021018544337493
38.867382138873936,2.456770411703804
38.87525321666634,0.24814434123331683
38.88312429445874,0.9666152663807445
38.89099537225114,1.2898501146087982
38.898866450043535,0.6627874314442185
38.906737527835936,0.24372495035097377
38.91460860562834,0.9074678185797449
38.92247968342074,0.5129867872080768
38.93035076121314,1.1455847465950346
38.93822183900554,1.649108496749195
38.94609291679794,0.2954836598818645
38.95396399459034,0.14256414416719293
38.96183507238274,0.11777828634514832
38.96970615017514,0.7027726294677766
38.97757722796754,0.27126338696680474
38.985448305759945,0.0010556725696500382
38.99331938355235,0.14366201029916903
39.00119046134475,0.31344587502417304
39.00906153913714,0.8080038602544745
39.016932616929545,0.19170549307766258
39.024803694721946,0.795025726814485
39.03267477251435,0.1217472019596583
39.04054585030675,0.1036399046119851
39.04841692809915,0.47896573760871597
39.05628800589155,0.22585441693836777
39.06415908368395,0.5182280029569986
39.07203016147635,0.09976176937444735
39.07990123926875,0.6401404029193216
39.08777231706115,0.5242109826656686
39.09564339485355,0.15293972667740097
39.10351447264596,0.7268052455858688
39.11138555043835,0.7701449646997286
39.11925662823075,1.3545955333044701
39.12712770602315,0.18773490652450917
39.134998783815554,0.8493112916617742
39.14286986160796,0.4488262856721405
39.15074093940036,0.7210643639253429
39.15861201719276,1.791920584430021
39.16648309498515,1.962896742982948
39.17435417277756,3.40302734754848
39.18222525056996,1.2124882381294264
39.19009632836236,1.0093159887875731
39.19796740615476,3.2391568631854115
39.20583848394716,0.16278206650457455
39.21370956173956,0.47890563137189623
39.22158063953196,0.607068041500769
39.22945171732436,1.501124939018759
39.23732279511676,0.24032215592796444
39.24519387290916,0.3282970180213187
39.25306495070157,0.9085791049721786
39.260936028493965,1.4490224144761599
39.26880710628637,0.468144887304966
39.27667818407876,0.3133368313920135
39.28454926187116,0.10314519058073651
39.292420339663565,0.8056794635297633
39.300291417455966,1.7293832089961043
39.30816249524837,5.3824260691254
39.31603357304077,1.5200556170779747
39.32390465083317,0.16296183267637207
39.331775728625566,2.6856472937893496
39.33964680641797,1.182635651240778
39.34751788421037,0.2549561466048135
39.35538896200277,0.20162903281364478
39.36326003979517,0.5793242156565058
39.37113111758757,0.2614624451245853
39.379002195379975,0.001015643007949599
39.38687327317237,0.32341463998099507
39.39474435096477,0.07168431283538487
39.40261542875717,0.43145091072378494
39.41048650654957,0.41761886944994725
39.418357584341976,0.221738581503225
39.42622866213438,1.116519130560823
39.43409973992677,0.6068331602821972
39.44197081771917,0.10886904878780478
39.449841895511575,0.15263607209537713
39.45771297330398,0.1413015410169763
39.46558405109638,0.25800877616258
39.47345512888878,1.2314544114009398
39.48132620668118,0.7137657384401714
39.489197284473576,0.47989492307705595
39.49706836226598,0.676832375109976
39.50493944005838,0.004591954370339889
39.51281051785078,0.31629993288225255
39.52068159564318,0.07816779750098926
39.528552673435584,1.3298260503235912
39.53642375122799,1.0946294220892647
39.54429482902038,2.096903595755599
39.55216590681278,4.400775183027023
39.56003698460518,0.9409851757628924
39.56790806239759,2.026998372341788
39.57577914018999,0.9615641600373335
39.58365021798239,1.8660463320447007
39.59152129577479,0.636246076435818
39.599392373567184,2.006060123875652
39.60726345135959,0.0368765170781798
39.61513452915199,0.2323513062564681
39.62300560694439,0.6564321410339429
39.63087668473679,2.908097413575772
39.63874776252919,1.9678975976842326
39.6466188403216,0.18618200796691503
39.65448991811399,0.5046715839315847
39.66236099590639,0.4211473031071317
39.67023207369879,1.9233524636584114
39.67810315149119,1.2259345843149472
39.6859742292836,0.8988745653834236
39.693845307076,0.04902214804809358
39.7017163848684,0.29929360902301744
39.70958746266079,1.0658238728154152
39.7174585404532,0.5383987419188894
39.7253296182456,0.593775571100701
39.733200696038,1.7205022896943054
39.7410717738304,0.20654540575244304
39.7489428516228,0.4414630126812641
39.7568139294152,0.2970025366005336
39.7646850072076,0.7261703950312756
39.772556085,0.47061993075140623
39.7804271627924,0.9101979118004505
39.7882982405848,0.5976796731161492
39.7961693183772,0.03810711320406299
39.8040403961696,0.966718334804707
39.811911473962,0.8942308959010798
39.8197825517544,0.12894881923153848
39.8276536295468,0.9603855681025901
39.8355247073392,0.4346559210446962
39.843395785131605,0.5650300438927653
39.85126686292401,0.0005727022179752069
39.85913794071641,0.22839259118365507
39.8670090185088,0.8052697401331423
39.8748800963012,1.0242965799287898
39.882751174093606,2.023877708346174
39.89062225188601,0.17904186687643311
39.89849332967841,0.5562707730485517
39.90636440747081,1.2792690230271528
39.91423548526321,0.279464116147958
39.92210656305561,0.8854334320458698
39.92997764084801,0.8744496334046107
39.93784871864041,0.9446746500149052
39.94571979643281,0.4541751601583987
39.95359087422521,0.16896530556708445
39.961461952017615,1.8888218377731827
39.96933302981002,1.8545878268125686
39.97720410760241,0.7176871148692827
39.98507518539481,0.22857600064378764
39.992946263187214,0.6641799178310571
40.000817340979616,0.11792473074510523
40.00868841877202,0.9545897510969819
40.01655949656442,4.461171797927451
40.02443057435682,0.6977650870618105
40.032301652149215,0.0625334561966233
40.04017272994162,0.6726935878711868
40.04804380773402,1.6203894972496853
40.05591488552642,0.3585783434978375
40.06378596331882,0.16576628812967764
40.07165704111122,0.2871519894484657
40.07952811890362,0.8020924616303361
40.08739919669602,0.5634282900302671
40.09527027448842,3.1299168016219228
40.10314135228082,1.2894123798557398
40.11101243007322,0.8403399427786392
40.118883507865625,1.5828998932482101
40.12675458565803,0.048019762129403495
40.13462566345042,1.2395767397522097
40.14249674124282,1.1826554819532296
40.150367819035225,0.5946549321261101
40.158238896827626,0.5784987238211433
40.16610997462003,1.5915280000918113
40.17398105241243,0.2857086451396037
40.18185213020483,0.1974693945348227
40.189723207997226,0.8451264666237744
40.19759428578963,1.9938257480000896
40.20546536358203,0.5048178913401304
40.21333644137443,0.12642315824173517
40.22120751916683,0.049652924908145664
40.22907859695923,1.2258543060927267
40.23694967475164,0.9896854434219529
40.24482075254403,1.769755227784074
40.25269183033643,4.598704556567082
40.26056290812883,1.2036413223586944
40.268433985921234,1.1703776269380672
40.27630506371364,0.3044400488119644
40.28417614150604,2.729288522439702
40.29204721929844,0.25770240235150527
40.299918297090834,1.0201989615114848
40.30778937488324,1.3959779835913917
40.31566045267564,0.3450276358837893
40.32353153046804,1.8345031170489414
40.33140260826044,0.000835705945403394
40.33927368605284,0.9525738425870423
40.34714476384524,0.609018725587861
40.35501584163764,0.0345648885768908
40.36288691943004,0.20795325427633826
40.37075799722244,0.879622488941908
40.37862907501484,0.4386154350986791
40.38650015280725,0.9559785529586616
40.394371230599646,0.17882568037663468
40.40224230839204,0.8076821117297934
40.41011338618444,0.16246377823346414
40.41798446397684,1.9525429309040157
40.425855541769245,3.263639872042661
40.43372661956165,0.7910762575868485
40.44159769735405,0.415066840693333
40.44946877514645,2.2670854862365872
40.45733985293885,0.1850294321529063
40.465210930731246,0.06064796873281536
40.47308200852365,1.1479226519927184
40.48095308631605,0.6799503528499686
40.48882416410845,2.0980687442860235
40.49669524190085,0.10419763441485201
40.50456631969325,0.7992992995782268
40.51243739748565,0.19052379221111204
40.52030847527805,2.0582978458840153
40.52817955307045,0.6177806804205563
40.53605063086285,1.8511135355118808
40.543921708655255,0.7340000978021072
40.551792786447656,0.03369739485295067
40.55966386424006,0.962376987362394
40.56753494203245,0.8513134241638077
40.57540601982485,1.027825183919685
40.583277097617255,1.6688991991674147
40.59114817540966,0.09030316960130909
40.59901925320206,0.6049470411782188
40.60689033099446,2.301381611136586
40.61476140878686,0.5719926778598173
40.622632486579256,1.3216613629040541
40.63050356437166,1.0670042926044672
40.63837464216406,0.22539733634656214
40.64624571995646,0.19024884317563212
40.65411679774886,0.669885164122265
40.661987875541264,0.05145296838935283
40.66985895333367,0.3443332079574665
40.67773003112606,0.7285111051218102
40.68560110891846,0.22302529781125752
40.69347218671086,0.5702047339319606
40.70134326450327,0.8828364766162272
40.70921434229567,0.06622757330883086
40.71708542008807,1.8767365264447011
40.72495649788046,6.169453251321655
40.732827575672864,1.0807161897245576
40.74069865346527,0.2876369375369775
40.74856973125767,0.44637146782689135
40.75644080905007,0.5537865150735082
40.76431188684247,0.5126195218888611
40.77218296463487,0.9942689171962197
40.78005404242727,0.7496966487919574
40.78792512021967,1.9505220427426107
40.79579619801207,1.2963055354427828
40.80366727580447,0.07855046591976818
40.81153835359687,0.013224986200534243
40.81940943138928,0.47727675569059935
40.82728050918168,1.9101520652412398
40.83515158697407,0.17546450655367812
40.84302266476647,0.8262803221274178
40.85089374255888,0.8512397840237481
40.85876482035128,1.115894826438101
40.86663589814368,0.1819349252132419
40.87450697593608,0.1813798058065605
40.88237805372848,0.29588512823395885
40.89024913152088,0.8211526564789964
40.89812020931328,0.929398748059188
40.90599128710568,1.501229450651888
40.91386236489808,2.829981938760534
40.92173344269048,0.2798776703432915
40.92960452048288,0.5334702233662398
40.93747559827528,1.2245338967741983
40.94534667606768,1.3560290118422436
40.95321775386008,0.15037363029432954
40.96108883165248,0.4094157491175246
40.96895990944488,0.5736844942617821
40.976830987237285,1.5543190147584793
40.98470206502969,0.21268689565167184
40.99257314282209,1.0226132989912629
41.00044422061448,1.5134491915989543
41.008315298406885,4.926028622691077
41.016186376199286,3.9959296430378433
41.02405745399169,2.651743133689968
41.03192853178409,2.6461244791652687
41.03979960957649,0.18953938320891756
41.04767068736889,0.7953562620345906
41.05554176516129,2.869500942453433
41.06341284295369,2.2289076034118915
41.07128392074609,0.9395069373557151
41.07915499853849,1.7570185546796466
41.08702607633089,0.5086697141953214
41.094897154123295,0.13690277876086507
41.10276823191569,0.40949410873910963
41.11063930970809,0.5822966588804843
41.11851038750049,0.41238876996871315
41.126381465292894,0.12610863383188103
41.134252543085296,0.4315782040056373
41.1421236208777,0.08718803333356416
41.1499946986701,0.9628067400167966
41.157865776462494,0.6443854951237019
41.165736854254895,2.9580253027301224
41.1736079320473,0.7071065512889415
41.1814790098397,1.239395246438515
41.1893500876321,2.1191018683042846
41.1972211654245,0.20061053780405597
41.2050922432169,1.28240910332817
41.2129633210093,1.2676843035287189
41.2208343988017,1.1585917167941937
41.2287054765941,1.6028176020042348
41.2365765543865,0.46129125391923176
41.2444476321789,0.05743489129546333
41.252318709971306,0.9004793049800099
41.26018978776371,0.5445569858051071
41.2680608655561,1.3220696040538893
41.2759319433485,2.2715550083032765
41.283803021140905,1.876575873209059
41.291674098933306,0.2497534956360528
41.29954517672571,0.4299182214260396
41.30741625451811,0.5549605595798245
41.31528733231051,0.5187508907508053
41.323158410102906,0.9427996947549688
41.33102948789531,0.14318246553148128
41.33890056568771,0.15041688123834432
41.34677164348011,0.40272901315799703
41.35464272127251,1.6406481325338256
41.362513799064914,0.5031702829019513
41.37038487685732,1.1461299246426957
41.37825595464971,4.700583812209991
41.38612703244211,1.7502847687946417
41.39399811023451,0.9978486920854068
41.40186918802692,0.9919280019255141
41.40974026581932,0.45500852580001244
41.41761134361172,0.38992236759312887
41.42548242140411,0.6743298879300303
41.433353499196514,3.518768133445778
41.44122457698892,2.150668767078097
41.44909565478132,0.916396156471884
41.45696673257372,0.37777758343057105
41.46483781036612,0.4096991747614255
41.47270888815852,0.23144204918750225
41.48057996595092,0.874968049817432
41.48845104374332,1.4441940119167078
41.49632212153572,1.4064448335851127
41.50419319932812,0.94088027002464
41.51206427712052,0.16617503199346254
41.51993535491293,0.03340721207264095
41.527806432705326,2.038326340605478
41.53567751049772,0.25772721230366796
41.54354858829012,0.22042411619293661
41.55141966608252,0.2793612238416345
41.559290743874925,0.2962135809409766
41.56716182166733,0.09120746984291841
41.57503289945973,0.6444785163542505
41.58290397725213,0.019239957167308457
41.59077505504453,0.21995800449219374
41.598646132836926,1.954272201676264
41.60651721062933,0.3926349745435272
41.61438828842173,2.5002664862812636
41.62225936621413,0.942999769573198
41.63013044400653,0.9388373687864346
41.63800152179893,2.7354062051317762
41.64587259959133,0.4245831001106626
41.65374367738373,1.9037018441962659
41.66161475517613,0.471100811401806
41.66948583296853,0.04443990689339245
41.677356910760935,0.6797620793201119
41.685227988553336,2.044165995799442
41.69309906634574,1.5712845956587758
41.70097014413813,4.396159841279804
41.70884122193053,0.6237149056533544
41.716712299722936,0.355220318098575
41.72458337751534,1.0748308086234626
41.73245445530774,0.006427094334518985
41.74032553310014,0.5439861766170773
41.748196610892535,0.2670638250282144
41.75606768868494,0.6130635262538519
41.76393876647734,0.38201782983478894
41.77180984426974,0.6174610496251316
41.77968092206214,0.57368465339507
41.78755199985454,0.06118882477340147
41.795423077646944,0.04852421806025422
41.80329415543934,2.746433159926168
41.81116523323174,0.3307770285497334
41.81903631102414,0.5532463471214069
41.826907388816544,4.516548032830611
41.83477846660895,1.5152495216547996
41.84264954440135,0.8940563065307854
41.85052062219375,4.053903387506553
41.85839169998614,0.08457120002275402
41.86626277777855,0.030833184099867152
41.87413385557095,0.4024745060474215
41.88200493336335,0.3582228037275461
41.88987601115575,2.2407927749748007
41.89774708894815,0.4232915427148989
41.90561816674055,0.11556926681996009
41.91348924453295,6.883505266696445
41.92136032232535,2.6422426686524285
41.92923140011775,0.1607576350557942
41.93710247791015,3.767693838978451
41.94497355570255,0.2950550249226009
41.95284463349496,2.329035148273906
41.96071571128736,0.7027266841961539
41.96858678907975,0.45013141035487597
41.97645786687215,0.2700686312623932
41.98432894466456,0.06898275729152636
41.99220002245696,1.1956057068513721
42.00007110024936,0.16306296645203297
42.00794217804176,0.03592568636873436
42.01581325583416,0.1926227890605849
42.02368433362656,0.5300407249680434
42.03155541141896,0.21240210309880264
42.03942648921136,2.980383401385439
42.04729756700376,0.7006248067908696
42.05516864479616,0.2011432956327197
42.06303972258856,4.058423031329745
42.07091080038096,2.973016552314773
42.07878187817336,0.38708568789329806
42.08665295596576,4.415822310757689
42.09452403375816,1.5547236775580675
42.10239511155056,4.349512555819498
42.110266189342966,0.5282472287252459
42.11813726713537,0.14571181773545433
42.12600834492776,0.23739913521785141
42.13387942272016,5.51205579123194
42.141750500512565,0.33314561018575295
42.149621578304966,0.7862027926940462
42.15749265609737,0.28527540515306854
42.16536373388977,0.004840729193030574
42.17323481168217,1.70638629747483
42.181105889474566,4.055491057751121
42.18897696726697,0.6161052509438043
42.19684804505937,1.6079842538109423
42.20471912285177,0.142035806673582
42.21259020064417,0.3055198329733274
42.220461278436574,0.2651984087368968
42.228332356228975,0.45670634752671074
42.23620343402137,0.17881657755908759
42.24407451181377,0.6573049086067935
42.25194558960617,1.3711703004388947
42.259816667398574,0.6936390114661194
42.267687745190976,0.9910448890007308
42.27555882298338,0.13314897327159625
42.28342990077578,0.9316533296072743
42.291300978568174,0.2360400211342564
42.299172056360575,0.2363681229204869
42.30704313415298,0.7297424570542281
42.31491421194538,1.3660579441802172
42.32278528973778,0.21821120847463854
42.33065636753018,3.7487913684209744
42.33852744532258,0.24971906516633371
42.34639852311498,0.09775890156083632
42.35426960090738,0.3886967331167428
42.36214067869978,1.2344793513008756
42.37001175649218,1.9910827255982002
42.37788283428458,0.7805925450519554
42.385753912076986,0.8523545314441388
42.39362498986938,0.02175774552869701
42.40149606766178,0.3891003677859096
42.40936714545418,0.19580854299980566
42.417238223246585,0.3703146714074007
42.42510930103899,0.5060843814669359
42.43298037883139,0.4505069957230699
42.44085145662379,0.4439575996952482
42.44872253441618,1.486346889839465
42.456593612208586,0.6998945045748837
42.46446469000099,0.40320948390937894
42.47233576779339,5.040481613731168
42.48020684558579,0.011532170446583412
42.48807792337819,1.120922498422313
42.495949001170594,0.8276490746310107
42.50382007896299,0.7085569878443947
42.51169115675539,0.16580054866153496
42.51956223454779,0.9319643078211495
42.52743331234019,0.08675410059068987
42.5353043901326,0.7973143842983997
42.543175467925,0.7312998619518263
42.5510465457174,1.078369003127547
42.55891762350979,0.2562407819890019
42.566788701302194,0.8927674872749882
42.5746597790946,1.4390627364945645
42.582530856887,0.1580262416232688
42.5904019346794,0.5919400830415266
42.5982730124718,1.8844928674446215
42.6061440902642,0.008594271279000915
42.6140151680566,0.42782977201835326
42.621886245849,0.0028735968199854853
42.6297573236414,0.5333665894421764
42.6376284014338,0.44712562168117875
42.6454994792262,0.006930469807851847
42.65337055701861,0.8064510858042209
42.661241634811006,1.8258054982802625
42.6691127126034,0.04482851974599275
42.6769837903958,0.4531994314768182
42.68485486818821,0.06750088622068524
42.692725945980605,0.7922651719826311
42.70059702377301,0.8534523438120464
42.70846810156541,6.6714767484595425
42.71633917935781,2.1041546945450653
42.724210257150204,1.6331367709276956
42.732081334942606,3.603146185354307
42.73995241273501,0.5087595853256758
42.74782349052741,0.13032585359138604
42.75569456831981,0.03474649349322745
42.76356564611221,0.568161609284906
42.77143672390461,3.13730244192271
42.77930780169701,0.8253265763934777
42.78717887948941,0.307277061018927
42.79504995728181,0.10565196406084401
42.80292103507421,0.25678748894927567
42.810792112866615,0.10349955612319768
42.81866319065902,0.12895756290380975
42.82653426845141,0.019465813015246015
42.83440534624381,0.14320467332040676
42.84227642403621,0.7447244619537638
42.850147501828616,2.2015220229084624
42.85801857962102,1.128522516970996
42.86588965741342,0.675990766888993
42.87376073520582,1.1153072964000459
42.881631812998215,1.0156489295762607
42.88950289079062,0.23352289345210267
42.89737396858302,1.9817726016515809
42.90524504637542,0.19026403495454694
42.91311612416782,0.03605189548578096
42.92098720196022,1.274786339674576
42.92885827975263,0.7019705882436271
42.93672935754502,2.201076208147489
42.94460043533742,0.13621665304320021
42.95247151312982,1.269169212346069
42.960342590922224,0.4384403099171202
42.96821366871463,1.3249782294121333
42.97608474650703,1.516013070268455
42.98395582429943,1.03067216317828
42.99182690209182,1.8653330375112613
42.99969797988423,1.722059255890683
43.00756905767663,1.047179291601571
43.01544013546903,0.1855938860009936
43.02331121326143,2.2102385284075172
43.03118229105383,3.707845369290749
43.03905336884623,6.056326762018751
43.04692444663863,1.2088724458441593
43.05479552443103,8.2216693013959
43.06266660222343,0.7404739836118951
43.07053768001583,0.6300658901331379
43.07840875780823,0.643795304250845
43.08627983560064,0.26347077437957095
43.09415091339303,0.163235830691963
43.10202199118543,0.033316459853740654
43.10989306897783,1.6893268684676979
43.11776414677024,1.5864714127277078
43.12563522456264,0.4809128962006007
43.13350630235504,1.8745724474365086
43.14137738014744,1.8973409137070336
43.14924845793984,0.34395508182591694
43.15711953573224,0.6442243529463186
43.16499061352464,0.256803241861355
43.17286169131704,0.6486193487829701
43.18073276910944,0.4590607534252685
43.18860384690184,0.08519799964589739
43.19647492469424,0.41498332769847873
43.20434600248664,0.39116829256702035
43.21221708027904,0.2370027782115544
43.22008815807144,3.425571701961006
43.22795923586384,0.5293487119098377
43.23583031365624,0.015217769138039423
43.243701391448646,0.13114092922987328
43.25157246924105,0.4680600822297049
43.25944354703344,0.15664274316212604
43.26731462482584,0.2933408840824419
43.275185702618245,0.866865156812026
43.28305678041065,1.007068411671289
43.29092785820305,1.5968264261584222
43.29879893599545,0.3156928045586982
43.30667001378785,0.02712287953742729
43.314541091580246,0.16121703215556474
43.32241216937265,0.05222105310900489
43.33028324716505,0.12052716664152206
43.33815432495745,0.7281079233722142
43.34602540274985,0.26164427819634706
43.353896480542254,0.5355794595535422
43.361767558334655,0.16844077206259922
43.36963863612705,0.053846689320546405
43.37750971391945,0.6211988657856854
43.38538079171185,1.9296100217535717
43.393251869504255,0.17124070595878602
43.401122947296656,0.8986708201100109
43.40899402508906,1.4956852399491787
43.41686510288145,0.017224727895021393
43.424736180673854,0.9353009785925079
43.432607258466255,0.19429256647331933
43.44047833625866,0.3275160651187666
43.44834941405106,0.71093808867007
43.45622049184346,2.6955851916764573
43.46409156963586,0.15113404901350946
43.471962647428256,0.1639080959738238
43.47983372522066,1.4047786567118652
43.48770480301306,2.481362686934911
43.49557588080546,0.9229480284973459
43.50344695859786,1.125390975439622
43.51131803639026,0.05314616098400663
43.519189114182666,1.5037781132087906
43.52706019197506,3.633875324532364
43.53493126976746,0.5400425628868961
43.54280234755986,2.3094662726752033
43.550673425352265,2.4077341317513543
43.55854450314467,1.309246211419256
43.56641558093707,0.7409991673661824
43.57428665872947,0.41192239284375676
43.58215773652186,0.5210423421090299
43.590028814314266,0.10157306917187295
43.59789989210667,0.18376267801920707
43.60577096989907,1.7485696155467756
43.61364204769147,5.4557893427869
43.62151312548387,0.337378579514639
43.629384203276274,1.561438876640624
43.63725528106867,0.2891060047106377
43.64512635886107,0.5926984632575979
43.65299743665347,0.5682926441155938
43.66086851444587,1.6863903201435515
43.66873959223828,0.5353827382125619
43.67661067003068,0.4026902031229631
43.68448174782308,0.6539629273903271
43.69235282561547,0.6110081393390767
43.700223903407874,0.050823564753658665
43.70809498120028,0.4436627110788391
43.71596605899268,1.1870445784489205
43.72383713678508,0.7622346312073296
43.73170821457748,0.096736724518872
43.73957929236988,1.2750636453609994
43.74745037016228,0.7623204132627596
43.75532144795468,0.8889183548013229
43.76319252574708,1.259588123921557
43.77106360353948,0.16347985205605553
43.77893468133188,0.48054993760912157
43.786805759124285,0.18210811004642782
43.79467683691668,0.6530427956527443
43.80254791470908,0.21059178549037
43.81041899250148,0.06141920163840469
43.81829007029389,0.22125758410168203
43.826161148086285,0.5977666745534036
43.83403222587869,0.5257903070796208
43.84190330367109,0.09076599269342504
43.84977438146348,0.20343594133140194
43.857645459255885,0.2283997296582461
43.865516537048286,0.1345759160232197
43.87338761484069,0.33002590121736564
43.88125869263309,0.18352870564738635
43.88912977042549,0.012928926655428984
43.89700084821789,0.7377539074530538
43.90487192601029,1.9082561856425762
43.91274300380269,0.7916693827035883
43.92061408159509,0.7104727239424119
43.92848515938749,0.40628424424618076
43.93635623717989,0.17003407445458774
43.944227314972295,2.920406125885257
43.9520983927647,0.0560142631314913
43.95996947055709,1.6327822471989264
43.96784054834949,0.36060042265820785
43.97571162614189,0.5298839648338868
43.983582703934296,0.3858973919648132
43.9914537817267,0.5319068354689052
43.9993248595191,0.9049473121511957
44.0071959373115,0.34639320405413143
44.015067015103895,0.181110705339135
44.0229380928963,1.2478185012134946
44.0308091706887,0.5967666387929276
44.0386802484811,0.45220629036283516
44.0465513262735,1.976258870068815
44.0544224040659,1.2770012016157235
44.0622934818583,0.40845939136737736
44.0701645596507,0.7862101582779285
44.0780356374431,0.5092111409223997
44.0859067152355,1.426640802594164
44.093777793027904,0.14267092872682705
44.10164887082031,0.05070100427903421
44.10951994861271,0.44025560379211065
44.1173910264051,3.2109443240385334
44.1252621041975,0.014576203546449543
44.13313318198991,1.5484204497490546
44.14100425978231,1.2634836047291103
44.14887533757471,0.02771413877551996
44.15674641536711,1.1472327036624546
44.16461749315951,0.3242572915885906
44.17248857095191,0.41388935768248225
44.18035964874431,1.3607265326006985
44.18823072653671,0.37862509244014764
44.19610180432911,4.077608236933344
44.20397288212151,0.7259654225405615
44.21184395991392,2.6785403235731917
44.21971503770632,1.1277510567970905
44.22758611549871,0.4282695209951745
44.23545719329111,0.12256311707139068
44.24332827108351,0.23929545971354266
44.25119934887592,1.6456417623430535
44.25907042666832,0.42229614768524837
44.26694150446072,2.1637882098603463
44.27481258225312,2.4278660068142512
44.28268366004552,0.3441960547645026
44.29055473783792,0.2700232597315747
44.29842581563032,0.2645311795291397
44.30629689342272,0.028915934107730676
44.31416797121512,0.26879281308588
44.32203904900752,0.09406220300097712
44.32991012679992,0.34003491539849606
44.33778120459232,0.10107254900716643
44.34565228238472,2.1475607073964667
44.35352336017712,2.9518854000225914
44.36139443796952,2.3064657218543787
44.36926551576192,1.254324768259247
44.377136593554326,1.739048370690043
44.38500767134672,1.9779181175155631
44.39287874913912,0.5951212211095622
44.40074982693152,0.1929309292930958
44.408620904723925,0.141900522749645
44.41649198251633,4.07902599507533
44.42436306030873,1.881515266787017
44.43223413810113,0.12620599364471438
44.44010521589352,0.06833492838895587
44.447976293685926,0.35732728620548687
44.45584737147833,0.395341159748706
44.46371844927073,0.7211662327439246
44.47158952706313,2.188490059502049
44.47946060485553,1.5307253509982242
44.487331682647934,3.7088644106020343
44.49520276044033,1.0115996919470949
44.50307383823273,0.2575045095777496
44.51094491602513,1.1975559534423603
44.51881599381753,0.07442265999548252
44.526687071609935,1.923733600817682
44.534558149402336,2.9702974004151734
44.54242922719474,3.2264782220979784
44.55030030498713,0.03241311754488475
44.558171382779534,4.115464692191877
44.566042460571936,2.1549074749340287
44.57391353836434,0.767988822458432
44.58178461615674,1.3757316493792981
44.58965569394914,2.124881405195887
44.59752677174154,1.808410317163625
44.60539784953394,1.965661554682995
44.61326892732634,0.011977327576734809
44.62114000511874,0.14560820698003948
44.62901108291114,2.9964040246812598
44.63688216070354,1.2314676693164994
44.64475323849594,0.25806554290707284
44.652624316288346,0.20263949738744585
44.66049539408074,0.3112949017394065
44.66836647187314,0.916216599133748
44.67623754966554,1.1363295869332424
44.684108627457945,0.1577268044692968
44.69197970525035,0.47990083088536534
44.69985078304275,0.8503194249299812
44.70772186083515,0.5285855749682753
44.715592938627545,0.3442339022525701
44.723464016419946,0.11105229834837443
44.73133509421235,0.24269170802292475
44.73920617200475,0.31877879060933995
44.74707724979715,0.9487635287321547
44.75494832758955,0.5184780755429262
44.76281940538195,0.6760678695905672
44.77069048317435,0.9279088110479066
44.77856156096675,0.24380055298985207
44.78643263875915,1.5437045795546154
44.79430371655155,0.5948866647360762
44.80217479434396,0.19819835699779975
44.81004587213636,1.2615986034331603
44.81791694992875,0.17598878286964212
44.82578802772115,1.1327705685471101
44.833659105513554,0.39949936954251464
44.84153018330596,0.4498297976026417
44.84940126109836,0.06898272738237754
44.85727233889076,0.5137214831694523
44.86514341668316,0.9232709813474174
44.87301449447556,2.1449273914553224
44.88088557226796,0.23657912838848213
44.88875665006036,0.794091976429995
44.89662772785276,0.1003196455344198
44.90449880564516,0.4636994508482948
44.91236988343756,2.221827800406056
44.920240961229965,0.22382780947738184
44.92811203902236,0.21440737053939865
44.93598311681476,0.3436893666461436
44.94385419460716,0.3068747384286468
44.95172527239957,2.5200080467152963
44.959596350191966,0.11435186383726159
44.96746742798437,1.0888979645814287
44.97533850577677,0.388796937186406
44.98320958356916,0.12203581922030186
44.991080661361565,1.8942801817259487
44.998951739153966,0.4366028696113749
45.00682281694637,0.6168839069142101
45.01469389473877,5.613258015678632
45.02256497253117,1.974836910328446
45.03043605032357,0.18100343947660852
45.03830712811597,0.6969679690798603
45.04617820590837,0.05105011092343345
45.05404928370077,0.32689165642675355
45.06192036149317,0.6751387933200815
45.06979143928557,1.1658987342046063
45.077662517077975,0.05729236668059176
45.08553359487037,0.489770522700524
45.09340467266277,1.9247927491405212
45.10127575045517,0.32201209558973803
45.10914682824757,0.018312629317471147
45.117017906039976,2.617929506890699
45.12488898383238,0.8419264806043263
45.13276006162478,0.38083664660737016
45.14063113941717,0.18165237727555103
45.148502217209575,0.5498473942333186
45.15637329500198,0.1681055510473247
45.16424437279438,0.3522755447993159
45.17211545058678,1.1789138006386926
45.17998652837918,1.6711235943496252
45.18785760617158,1.7744025448116016
45.19572868396398,1.751818191735186
45.20359976175638,0.25713240499947004
45.21147083954878,0.6750982822897884
45.21934191734118,0.9398259118873455
45.227212995133584,0.5480733790409225
45.23508407292599,0.030854396326236797
45.24295515071839,0.019076901065458274
45.25082622851078,0.9957100298455244
45.25869730630318,3.174184841455103
45.26656838409559,3.396337064954728
45.27443946188799,3.3478979396612574
45.28231053968039,0.7723694285056178
45.29018161747279,0.850306234139141
45.29805269526519,1.3922408655067835
45.30592377305759,0.8376181629208167
45.31379485084999,0.6791220261129709
45.32166592864239,0.11830457606150678
45.32953700643479,1.3984242716071031
45.33740808422719,0.8724407256642236
45.3452791620196,0.2668971329524996
45.353150239812,0.6898743900101633
45.36102131760439,1.004149058707932
45.36889239539679,0.05131507603114663
45.37676347318919,0.48506848811293085
45.3846345509816,0.0979308511387845
45.392505628774,1.025315983476875
45.4003767065664,0.10194132554298935
45.40824778435879,0.5401617145690395
45.4161188621512,0.345781798159876
45.4239899399436,0.04130584931769142
45.431861017736,0.7736861711131364
45.4397320955284,0.25629839050023695
45.4476031733208,2.1807175873277154
45.4554742511132,1.202969204648037
45.4633453289056,2.5569800531817033
45.471216406698,0.08325352574920257
45.4790874844904,0.06301933831192082
45.4869585622828,0.13602059863044286
45.4948296400752,1.7153632638580996
45.5027007178676,7.455480384745293
45.510571795660006,1.7457925877051546
45.5184428734524,2.9357287180271974
45.5263139512448,0.34975644365791914
45.5341850290372,0.21705267563190764
45.542056106829605,1.4962894796079371
45.54992718462201,0.9243703140564287
45.55779826241441,0.2257848657914592
45.56566934020681,0.029821612827602883
45.573540417999205,0.27429809555640194
45.581411495791606,0.38422298795585585
45.58928257358401,6.048886897833123
45.59715365137641,4.314004798471264
45.60502472916881,0.8204540191955508
45.61289580696121,0.8889059318065272
45.620766884753614,3.3025496924478035
45.62863796254601,1.2845869071073275
45.63650904033841,0.45767584091977254
45.64438011813081,2.406019609033965
45.65225119592321,0.11137026194613504
45.660122273715615,1.6500213383051403
45.66799335150802,1.0039645839513183
45.67586442930042,1.536938618482496
45.68373550709281,1.3468896688077536
45.691606584885214,0.48593254283287185
45.699477662677616,0.13704442063762318
45.70734874047002,2.9523246985570677
45.71521981826242,2.7903828145245453
45.72309089605482,2.457430838911303
45.730961973847215,0.10856149318355399
45.73883305163962,1.4495382562539447
45.74670412943202,0.2026809428521585
45.75457520722442,6.812160133358659
45.76244628501682,3.300649104872762
45.77031736280922,1.7709981522668956
45.778188440601625,0.545476252594284
45.78605951839402,3.05474387107707
45.79393059618642,0.13475320499298812
45.80180167397882,0.2503981236184789
45.80967275177122,0.05791710805601208
45.817543829563625,1.0861113226049464
45.82541490735603,0.6277443040422591
45.83328598514843,0.5573361042519125
45.84115706294082,0.32375720527012464
45.849028140733225,0.4108319181556055
45.856899218525626,1.1919022322993937
45.86477029631803,0.1496082611051625
45.87264137411043,0.28829419775762305
45.88051245190283,2.1860379959043366
45.88838352969523,0.5161285720960834
45.89625460748763,4.527624561987469
45.90412568528003,0.4084984395355881
45.91199676307243,0.9624891717828397
45.91986784086483,0.32658485623850964
45.927738918657234,1.2329544721746857
45.93560999644964,0.40847948110093135
45.94348107424204,3.292857448540727
45.95135215203443,0.690513543273283
45.95922322982683,0.03791965188865722
45.967094307619234,0.506511443376179
45.97496538541164,0.33400017272029525
45.98283646320404,0.5361557610570185
45.99070754099644,2.9454027579971713
45.99857861878884,0.061731475952941976
46.00644969658124,0.22373796971124194
46.01432077437364,0.1844638912030127
46.02219185216604,0.12194485530455085
46.03006292995844,0.8582968882434266
46.03793400775084,0.06849616335079733
46.04580508554324,0.31422762107935354
46.05367616333564,0.7545807755972496
46.06154724112804,0.14597382102245474
46.06941831892044,1.0657511245439433
46.07728939671284,1.9916494622634064
46.08516047450525,2.8825196773251416
46.093031552297646,0.6085966448696337
46.10090263009005,0.7009066677734676
46.10877370788244,0.1102370800911468
46.11664478567484,0.0029805448965799244
46.124515863467245,1.879032430180465
46.13238694125965,0.737311613595324
46.14025801905205,2.0270497452312983
46.14812909684445,1.114332782506283
46.15600017463685,1.5298034327421903
46.163871252429246,0.13384621428574758
46.17174233022165,3.832289366445766
46.17961340801405,0.03964727310908084
46.18748448580645,0.05746968686273023
46.19535556359885,1.1142528815029398
46.20322664139125,0.9841816685947441
46.211097719183655,0.4434751977716437
46.21896879697605,0.05915886113784001
46.22683987476845,0.17669762126105457
46.23471095256085,0.27346570978874
46.242582030353255,0.3431260224636674
46.250453108145656,1.0788951369621105
46.25832418593806,0.1567705041025553
46.26619526373046,1.0630991302075894
46.27406634152285,1.1780494835564566
46.281937419315256,0.6926029818118714
46.28980849710766,0.551535609064505
46.29767957490006,0.9189808613168945
46.30555065269246,1.3679149485632844
46.31342173048486,2.133448661436948
46.32129280827726,3.863626583075584
46.32916388606966,0.1491629205536475
46.33703496386206,3.3259956202159113
46.34490604165446,0.9999821690112137
46.35277711944686,1.412536585297478
46.360648197239264,9.466092668367848
46.36851927503167,0.1677724720293917
46.37639035282406,2.0969365814858567
46.38426143061646,1.9621021888094496
46.392132508408864,1.6891896775905026
46.40000358620127,2.9749205112368897
46.40787466399367,0.25211547000606227
46.41574574178607,0.46670544881369347
46.42361681957847,0.6852468560195937
46.431487897370864,0.03562951740665127
46.43935897516327,0.33974818260171114
46.44723005295567,0.1447252031994023
46.45510113074807,0.2481589214022242
46.46297220854047,1.123884742244447
46.47084328633287,0.17056880525387874
46.47871436412528,0.32271774960958466
46.48658544191767,0.4939680275447744
46.49445651971007,0.22081726251910752
46.50232759750247,1.4945103710797103
46.51019867529487,0.5548052998510494
46.51806975308728,1.4507542080037432
46.52594083087968,0.6729595343635011
46.53381190867208,1.0269131049472666
46.54168298646447,0.2823893198171904
46.54955406425688,3.857753613508812
46.55742514204928,0.9321449928113853
46.56529621984168,0.34726963873511707
46.57316729763408,0.5224768512366208
46.58103837542648,0.3313160933570466
46.58890945321888,0.009805829469763307
46.59678053101128,0.020684988094584886
46.60465160880368,0.013516464624866931
46.61252268659608,0.0007048743136183436
46.62039376438848,0.056856309011620844
46.62826484218088,0.038766204540021366
46.636135919973285,0.34594376794318543
46.644006997765686,0.48002285766780944
46.65187807555808,2.113127342443289
46.65974915335048,0.19628090953202884
46.66762023114288,0.391972645243071
46.675491308935285,1.7159426017780075
46.68336238672769,0.3789628492951552
46.69123346452009,1.9123506114432354
46.69910454231249,1.2268919721831013
46.706975620104885,4.075165920685091
46.714846697897286,1.873918622636465
46.72271777568969,1.0086761255809416
46.73058885348209,0.7789708790742247
46.73845993127449,2.4340365748106088
46.74633100906689,0.4627326927253929
46.75420208685929,1.533699807621821
46.76207316465169,0.7114912568031406
46.76994424244409,2.4770624184793237
46.77781532023649,0.7325094659717073
46.78568639802889,1.1423492402839193
46.793557475821295,0.143405314301661
46.8014285536137,0.24125263422563709
46.80929963140609,0.5569069274436061
46.81717070919849,1.1658263780601932
46.825041786990894,0.8502723637421932
46.832912864783296,1.3105195213809908
46.8407839425757,0.9409611485907198
46.8486550203681,2.1576488617568823
46.8565260981605,0.0022023359857726087
46.864397175952895,1.0780321840844556
46.8722682537453,0.5177722480307082
46.8801393315377,0.08129809670346055
46.8880104093301,1.639473714660823
46.8958814871225,0.24385032385076386
46.9037525649149,0.9309478628924495
46.911623642707305,1.3260583290875874
46.9194947204997,0.05512195145244926
46.9273657982921,1.3019418575864505
46.9352368760845,0.04012766448118629
46.9431079538769,1.4694787242453415
46.950979031669306,1.1576585330911757
46.95885010946171,0.5703673812800457
46.96672118725411,1.6024270081681837
46.9745922650465,0.24919129771304213
46.982463342838905,0.16295132110619387
46.99033442063131,0.08743896683062267
46.99820549842371,1.6774717115636228
47.00607657621611,1.2838695026246147
47.01394765400851,0.5529054310046538
47.02181873180091,1.541874940124129
47.02968980959331,0.8097645907903944
47.03756088738571,0.14156753454044205
47.04543196517811,0.7359721577637104
47.05330304297051,6.328141461402967
47.061174120762914,1.0569764979898486
47.06904519855532,0.09710435097397392
47.07691627634771,2.9042424424023836
47.08478735414011,0.29991485257233413
47.09265843193251,0.4649423787710163
47.10052950972492,2.623696175927458
47.10840058751732,2.270703494493307
47.11627166530972,1.7960222462575939
47.12414274310212,0.7684722374274724
47.132013820894514,0.4427482708547313
47.13988489868692,1.0914268567490724
47.14775597647932,0.5933712527277395
47.15562705427172,4.245840772308995
47.16349813206412,0.21081037452174692
47.17136920985652,1.8672192429406755
47.17924028764892,0.014799441614160759
47.18711136544132,3.2969721042398974
47.19498244323372,0.019302996406373583
47.20285352102612,0.18658921991340285
47.21072459881852,0.0038136674311422375
47.21859567661093,0.16393563202494205
47.226466754403326,2.93559617863603
47.23433783219573,0.2466073914763872
47.24220890998812,0.2423043643649263
47.25007998778052,1.6530838675598323
47.257951065572925,1.3026877097635818
47.26582214336533,2.4412484370354184
47.27369322115773,0.3072411514362132
47.28156429895013,2.554523526173027
47.28943537674253,1.6223119834273443
47.297306454534926,0.6165553225887866
47.30517753232733,1.5838986814252647
47.31304861011973,2.5431363073666264
47.32091968791213,0.006485934130326124
47.32879076570453,1.1185320760159065
47.33666184349693,1.4741534415038429
47.344532921289336,0.928976774441967
47.35240399908173,3.7946228154908175
47.36027507687413,0.32175794497289706
47.36814615466653,0.16537170015773114
47.376017232458935,0.1583443268110547
47.383888310251336,0.6229622786467194
47.39175938804374,0.4444102865472175
47.39963046583613,1.2176293013929815
47.40750154362853,0.35132894838227063
47.415372621420936,0.565178840355196
47.42324369921334,0.2622649315212248
47.43111477700574,2.9537360298535322
47.43898585479814,1.3945339326396282
47.44685693259054,0.4045318149016521
47.45472801038294,0.19406117323752806
47.46259908817534,0.21068729754762444
47.47047016596774,0.8067986404651766
47.47834124376014,0.4515005486429904
47.48621232155254,0.19202195918813156
47.494083399344944,3.2802326282652032
47.50195447713735,0.9962360134036795
47.50982555492974,0.7435081193114537
47.51769663272214,2.4128430342468077
47.525567710514544,0.9114888221463859
47.53343878830695,1.688499488070979
47.54130986609935,1.2215946774883273
47.54918094389175,0.37918801575882666
47.55705202168415,1.0228436134324634
47.56492309947655,0.13542497538724727
47.57279417726895,0.48134439706424725
47.58066525506135,0.39370534576474875
47.58853633285375,0.06225709461919357
47.59640741064615,0.32318666770190385
47.60427848843855,0.7675695089473348
47.61214956623096,0.5484232008534385
47.62002064402335,1.2572641644250193
47.62789172181575,1.239530985508087
47.63576279960815,0.29980434040404697
47.64363387740055,0.3936175800074118
47.65150495519296,1.915866527342278
47.65937603298536,1.6113230802096614
47.66724711077776,0.5057798740539156
47.67511818857015,0.8162768549495163
47.68298926636256,0.5045542357065985
47.69086034415496,0.1315971885616853
47.69873142194736,2.4882789220556827
47.70660249973976,1.4990113179412952
47.71447357753216,0.5766679239468553
47.72234465532456,1.1389673752538478
47.73021573311696,0.5758972717495143
47.73808681090936,0.7525555234959879
47.74595788870176,0.06705182181959743
47.75382896649416,0.7877689295760696
47.76170004428656,0.38386744249922977
47.769571122078965,1.0216691921082641
47.77744219987136,0.22755510137326665
47.78531327766376,1.6538134040839
47.79318435545616,1.6711660578888634
47.80105543324856,1.9545297270160071
47.808926511040966,1.8546426191323009
47.81679758883337,1.7805635188413782
47.82466866662577,0.7994033239954047
47.83253974441816,1.9153005053313132
47.840410822210565,0.02492458483307034
47.848281900002966,0.31125809492004564
47.85615297779537,0.01009824005370284
47.86402405558777,0.0966588203338844
47.87189513338017,1.1911042282237931
47.87976621117257,2.2390030153868214
47.88763728896497,1.2299261774906922
47.89550836675737,0.4310635447042544
47.90337944454977,0.9598357965682227
47.91125052234217,1.0052219611519484
47.919121600134574,0.25214751265954827
47.926992677926975,0.700065233416754
47.93486375571938,0.5364896028823101
47.94273483351177,0.0066822490080059626
47.95060591130417,2.0166641023328795
47.958476989096575,0.142627393152951
47.966348066888976,0.1823583387518189
47.97421914468138,4.16437332188867
47.98209022247378,1.7125002928173576
47.98996130026618,2.2579170113563967
47.997832378058575,0.10643508469196555
48.00570345585098,0.4974632219387222
48.01357453364338,0.2378663916640299
48.02144561143578,0.7291497311211137
48.02931668922818,0.051745922210178284
48.03718776702058,0.31962628094363443
48.04505884481298,0.0036761716162395804
48.05292992260538,0.2864838721062942
48.06080100039778,2.1290423411023105
48.06867207819018,0.34727819062851906
48.07654315598258,1.4159737879031413
48.084414233774986,0.23902133695257463
48.09228531156739,1.988893024410841
48.10015638935978,1.878550190599004
48.10802746715218,0.00903147851373921
48.115898544944585,0.673195322818104
48.12376962273699,0.06932340273613798
48.13164070052939,0.5202085402357691
48.13951177832179,2.5044540836533566
48.14738285611419,0.6477198098615715
48.155253933906586,0.669870506194111
48.16312501169899,0.5621210640432719
48.17099608949139,1.2322458096628979
48.17886716728379,0.5992459013447333
48.18673824507619,0.9856655284358664
48.194609322868594,0.6495928297724562
48.202480400661,3.4986200425874396
48.21035147845339,0.7766955165458195
48.21822255624579,0.5310044182137645
48.22609363403819,0.15443483632720056
48.2339647118306,0.5462194052655813
48.241835789623,0.4498972719892933
48.2497068674154,0.6732992470370773
48.2575779452078,0.3673349363502964
48.265449023000194,0.5009981164610823
48.2733201007926,0.9655081998760143
48.281191178585,0.14509341887340307
48.2890622563774,0.40505120925902566
48.2969333341698,2.0796040367364674
48.3048044119622,4.172748016808774
48.31267548975461,1.9281112286226263
48.320546567547,2.259012503235256
48.3284176453394,0.19679087018226513
48.3362887231318,0.06227437560898689
48.3441598009242,0.5944139091332195
48.35203087871661,0.4363546252450132
48.359901956509006,2.4069599909712376
48.36777303430141,0.002035736886678804
48.3756441120938,0.9388922622984233
48.38351518988621,0.021595449260267147
48.391386267678605,2.107585519500916
48.39925734547101,3.557007667980351
48.40712842326341,2.0977823920513443
48.41499950105581,0.9106109817076369
48.422870578848205,1.2394166411891223
48.430741656640606,0.0038882714279299983
48.43861273443301,1.4614069291281524
48.44648381222541,3.2205720897187513
48.45435489001781,1.132669602330911
48.46222596781021,4.862263113302937
48.47009704560261,0.720068380678955
48.47796812339501,3.0514749675087156
48.48583920118741,0.3862825666225123
48.49371027897981,0.561661306155997
48.50158135677221,0.4802903866327402
48.509452434564615,2.601266714143429
48.51732351235702,0.24080154228601874
48.52519459014942,1.491569380481628
48.53306566794181,1.7229157954716943
48.54093674573421,1.4626068849907026
48.548807823526616,0.4904337154348805
48.55667890131902,1.5081882449074349
48.56454997911142,0.49854469503634985
48.57242105690382,6.290738647975705
48.58029213469622,5.562010042567159
48.58816321248862,4.911734549548538
48.59603429028102,0.3948742503679039
48.60390536807342,4.601604082130677
48.61177644586582,1.2336262604026367
48.61964752365822,3.7596120940140096
48.62751860145063,0.9564823397625265
48.63538967924303,0.5118358361413653
48.64326075703542,0.11909757852939097
48.65113183482782,1.6574061542032592
48.659002912620224,0.4481269021902302
48.66687399041263,0.7480816930969874
48.67474506820503,0.25595437987462666
48.68261614599743,0.041259100526931144
48.69048722378983,3.0715688196738995
48.69835830158223,2.727892264909997
48.70622937937463,0.44052377804005305
48.71410045716703,0.3188751254697302
48.72197153495943,0.7429323671067304
48.72984261275183,2.1280922200127734
48.73771369054423,0.9582424369088377
48.74558476833663,0.9563343498932027
48.75345584612903,0.68104522448364
48.76132692392143,0.21013520962897272
48.76919800171383,0.6069111080836345
48.77706907950624,0.1211621775088983
48.78494015729864,1.2395259307211879
48.79281123509104,3.002585161426518
48.80068231288343,0.514364808954309
48.80855339067583,0.8449251955587708
48.81642446846824,0.9370869691927676
48.82429554626064,0.823718272069603
48.83216662405304,0.8580200702819867
48.84003770184544,0.4774253273643425
48.84790877963784,0.2147329116712994
48.85577985743024,0.4149534777439238
48.86365093522264,0.38499999219007974
48.87152201301504,0.029946692836304915
48.87939309080744,0.7842576646558841
48.88726416859984,0.49379740630719854
48.89513524639224,0.7042998784989754
48.903006324184645,1.0138983127988745
48.91087740197704,0.6515669782009599
48.91874847976944,0.7726703197642804
48.92661955756184,0.06164917510650735
48.93449063535424,0.9027336259073451
48.942361713146646,0.573965050783483
48.95023279093905,0.1410392082475782
48.95810386873145,0.3265290138564837
48.96597494652384,2.0568760077908577
48.973846024316245,0.16876153157905469
48.98171710210865,0.26188093496634124
48.98958817990105,0.05105455516773047
48.99745925769345,0.8530044377883687
49.00533033548585,0.345392233457309
49.01320141327825,0.4698865935756966
49.02107249107065,0.5750321499315146
49.02894356886305,0.1968987440032792
49.03681464665545,2.15547996819857
49.04468572444785,0.2933627338171421
49.052556802240254,0.6102392321906774
49.060427880032655,0.31404704966494057
49.06829895782505,0.7551181904275732
49.07617003561745,1.4232034613221674
49.08404111340985,0.8390625322554325
49.091912191202255,0.17509463514830387
49.099783268994656,0.3646850626081221
49.10765434678706,0.0003396598138478618
49.11552542457946,0.6389625367931129
49.123396502371854,1.2440115918078263
49.131267580164256,0.017687465768772993
49.13913865795666,3.272507749409274
49.14700973574906,0.03096995276578534
49.15488081354146,0.18620563319342373
49.16275189133386,0.20595730906468457
49.17062296912626,0.5449660710336615
49.17849404691866,1.1426499992774373
49.18636512471106,0.7645906050498059
49.19423620250346,0.5110731692477103
49.20210728029586,0.17138204622468192
49.20997835808826,1.2011071504763284
49.217849435880666,4.599542476381434
49.22572051367307,0.38713819820765066
49.23359159146546,1.1146424597896902
49.24146266925786,0.27079637191899597
49.249333747050265,1.8686318591570492
49.25720482484267,0.8996095095968512
49.26507590263507,2.209535983021309
49.27294698042747,0.39140995108375437
49.28081805821987,1.4906487366044583
49.288689136012266,2.5573105021795026
49.29656021380467,0.5503316172243263
49.30443129159707,0.288362793228254
49.31230236938947,0.3134151281376083
49.32017344718187,1.7086121421526557
49.328044524974274,2.089625121230503
49.33591560276668,1.3965901233009737
49.34378668055907,1.2551440435959709
49.35165775835147,0.1873414687566034
49.35952883614387,0.32217436027870133
49.36739991393628,3.3532660147384363
49.37527099172868,1.0756406903429525
49.38314206952108,0.6019983624328726
49.39101314731347,0.7377403193834988
49.398884225105874,0.15599557717943902
49.40675530289828,0.18508130467449924
49.41462638069068,0.3291943345133171
49.42249745848308,0.9761824291093396
49.43036853627548,0.48755273393539944
49.43823961406788,0.893646097439455
49.44611069186028,1.767088646255977
49.45398176965268,0.002942006099640679
49.46185284744508,0.6160671750651916
49.46972392523748,0.010120069863670976
49.47759500302988,0.6206054408466225
49.485466080822285,0.7220835851107288
49.493337158614686,0.3579550684139375
49.50120823640708,0.32159996658702816
49.50907931419948,0.2819586383475572
49.51695039199189,0.9101279090233275
49.524821469784285,0.7634430679426233
49.53269254757669,0.019974398790042848
49.54056362536909,0.24411824357178363
49.54843470316149,0.39483930707358833
49.556305780953885,0.8634324319601117
49.564176858746286,0.3240077085979478
49.57204793653869,0.8253117017692019
49.57991901433109,0.11361753815513857
49.58779009212349,1.570894480649531
49.59566116991589,0.19046854761929466
49.60353224770829,0.46302307149454885
49.61140332550069,0.0114430191988669
49.61927440329309,0.004119760440067999
49.62714548108549,0.09339771822132982
49.63501655887789,0.6773450621126967
49.642887636670295,1.3949709847528458
49.6507587144627,1.3273322626987814
49.6586297922551,0.36687526895419514
49.66650087004749,0.14600982831506776
49.67437194783989,2.5125612223252403
49.682243025632296,1.7321340640421903
49.6901141034247,0.2290701049744572
49.6979851812171,1.7463898001070108
49.7058562590095,1.5197406165077545
49.713727336801895,0.4307856991617212
49.7215984145943,1.0372049134515118
49.7294694923867,0.5774746524150046
49.7373405701791,0.3480209226564978
49.7452116479715,0.03468370728883458
49.7530827257639,0.14875151104401432
49.76095380355631,1.5191578179814573
49.7688248813487,0.1156654951972609
49.7766959591411,0.3990835627006106
49.7845670369335,2.0022532457393942
49.792438114725904,0.5558006787903917
49.80030919251831,2.5297595673336892
49.80818027031071,4.1659373024818525
49.81605134810311,0.3546614634700351
49.8239224258955,1.3720581630366562
49.83179350368791,0.1154014831784346
49.83966458148031,0.1253927154662136
49.84753565927271,1.9787469119746777
49.85540673706511,0.07540567967903801
49.86327781485751,1.0987219086295104
49.87114889264991,0.4973171268910087
49.87901997044231,0.05862140804341813
49.88689104823471,0.46645223506589006
49.89476212602711,0.4171341197833989
49.90263320381951,0.9562565584303673
49.91050428161192,1.5314949797675361
49.91837535940432,0.48057068112624507
49.92624643719672,0.8305847280407521
49.93411751498911,0.7392124938370287
49.94198859278151,2.8279660282903363
49.94985967057392,3.9479583139011187
49.95773074836632,0.5412454565627511
49.96560182615872,4.63081479038954
49.97347290395112,0.008022004126635153
49.98134398174352,0.29842374313660885
49.98921505953592,0.7967326759372735
49.99708613732832,1.3141490256391795
50.00495721512072,0.235108634928239
50.01282829291312,0.17177905396132634
50.02069937070552,0.19149002948590418
50.02857044849792,0.49601938335424317
50.03644152629032,1.0697872872947132
50.04431260408272,2.2913526102203847
50.05218368187512,0.35194780309996176
50.06005475966752,0.25879145578799845
50.06792583745992,2.2783132594547095
50.075796915252326,1.8288295159383483
50.08366799304473,0.7604835755278829
50.09153907083712,0.7974232524944987
50.09941014862952,2.3901069944530526
50.107281226421925,0.7324531682512747
50.11515230421433,0.0912362213431717
50.12302338200673,0.13100512898509983
50.13089445979913,1.1394444149055154
50.13876553759153,0.8976035340456042
50.146636615383926,0.28223052900587703
50.15450769317633,0.4156058832924938
50.16237877096873,0.10450856551381435
50.17024984876113,0.07316369233822345
50.17812092655353,0.9245706280005608
50.185992004345934,0.31563724883701333
50.193863082138336,2.9352836300997107
50.20173415993073,0.15192454354621646
50.20960523772313,0.553637074844752
50.21747631551553,0.3704738593981153
50.225347393307935,0.17565506941725081
50.233218471100336,0.1807619010118901
50.24108954889274,0.8964004470948816
50.24896062668514,0.5853670560292075
50.256831704477534,0.1009570438798682
50.264702782269936,0.4628070544070667
50.27257386006234,0.8688316928132385
50.28044493785474,0.08357811505712869
50.28831601564714,1.7757293440019941
50.29618709343954,3.1404304242058947
50.30405817123194,1.3662172138244706
50.31192924902434,0.864828853166683
50.31980032681674,0.36509239647768627
50.32767140460914,0.43636767350671285
50.33554248240154,0.40266826850513693
50.343413560193945,0.10523813303740026
50.351284637986346,1.9030127185141734
50.35915571577875,2.0757371853775783
50.36702679357114,0.6736709474500139
50.37489787136354,0.2417678881040448
50.382768949155945,0.3555209158347619
50.39064002694835,1.7197968161310662
50.39851110474075,1.1033017381042276
50.40638218253315,0.016028588885208642
50.414253260325545,0.24982023674039167
50.422124338117946,0.009468609551143444
50.42999541591035,0.7782438912379093
50.43786649370275,0.8134895397127336
50.44573757149515,0.5194544842951684
50.45360864928755,1.8007698764406188
50.461479727079954,0.9920056099343454
50.46935080487235,0.1892277081818897
50.47722188266475,0.8056881251941206
50.48509296045715,1.6467327750912943
50.49296403824955,3.243553208547275
50.50083511604196,1.308648737112606
50.50870619383436,1.4409140497043638
50.51657727162676,0.09203551957397113
50.52444834941915,1.9394696557504856
50.532319427211554,1.142490450692994
50.54019050500396,0.1947720244014553
50.54806158279636,1.118626100633674
50.55593266058876,0.705101830445103
50.56380373838116,0.5687009030254156
50.57167481617356,1.1846815874399024
50.57954589396596,0.3505598117599323
50.58741697175836,1.6278930657884
50.59528804955076,0.5124402920035845
50.60315912734316,0.9125752051865009
50.61103020513556,0.0690841671914788
50.618901282927965,0.7190656066978072
50.626772360720366,0.5138127859402162
50.63464343851276,0.6631471275711877
50.64251451630516,1.5637427457265338
50.65038559409757,0.1563062712173469
50.658256671889966,0.6911592395170402
50.66612774968237,0.8346962696145679
50.67399882747477,1.5321178951262944
50.68186990526717,0.35071623097358595
50.689740983059565,2.93869449307593
50.69761206085197,0.419867891450489
50.70548313864437,3.822214727850534
50.71335421643677,1.0361822909683593
50.72122529422917,0.7581556706318812
50.72909637202157,0.6756488377388146
50.73696744981397,1.796485398304986
50.74483852760637,1.1494150013221995
50.75270960539877,0.7243765214141009
50.76058068319117,0.4893811789071263
50.76845176098357,0.5536157751712744
50.776322838775975,0.750331536900365
50.78419391656838,0.03240670239975588
50.79206499436077,1.3998656783763535
50.79993607215317,1.4677719719690454
50.807807149945575,0.20453137466457183
50.815678227737976,1.381196292503785
50.82354930553038,1.9444031008404532
50.83142038332278,0.3183105605123869
50.83929146111518,0.607686156840255
50.847162538907575,0.2559579916095723
50.85503361669998,0.8654818736015377
50.86290469449238,1.4205990458411377
50.87077577228478,2.0165982917571093
50.87864685007718,1.683674914623469
50.88651792786958,0.09417521875810174
50.89438900566199,0.8798334356264687
50.90226008345438,0.27637030339462487
50.91013116124678,0.08766965920788661
50.91800223903918,0.4923373558838741
50.925873316831584,0.5852735111665603
50.93374439462399,0.346262495546959
50.94161547241639,0.8032134617801618
50.94948655020879,0.031160033729675848
50.95735762800118,0.24651847283102285
50.96522870579359,0.08835735193154405
50.97309978358599,0.35792972261568007
50.98097086137839,4.692766252404925
50.98884193917079,0.058913380665241814
50.99671301696319,0.5067213516645358
51.00458409475559,1.3568610816945013
51.01245517254799,1.0747310962373584
51.02032625034039,0.851210779019663
51.02819732813279,0.2846719777240968
51.03606840592519,1.0827568021619416
51.0439394837176,0.6582793971314251
51.05181056151,0.4474137741680758
51.05968163930239,0.6011388181632784
51.06755271709479,0.8633467888915701
51.07542379488719,0.2840765141398866
51.0832948726796,1.414778129809427
51.091165950472,0.600506075020918
51.0990370282644,1.8267351930238498
51.1069081060568,0.36383469081799913
51.1147791838492,1.1276228073602423
51.1226502616416,0.5442089734283363
51.130521339434,1.5386183917026426
51.1383924172264,2.0519277726229315
51.1462634950188,2.0118578893155905
51.1541345728112,1.5614131809735656
51.1620056506036,0.24454593468187938
51.169876728396,0.2661393560100336
51.1777478061884,0.012739482122945591
51.1856188839808,0.19801995757919674
51.1934899617732,0.05444167111439527
51.2013610395656,2.180100364252445
51.209232117358006,1.1883134576764862
51.21710319515041,1.0329426336257657
51.2249742729428,0.02823900075540924
51.2328453507352,0.35165523415812483
51.240716428527605,0.8461517159059778
51.24858750632001,0.658028979977998
51.25645858411241,0.7472146533458335
51.26432966190481,1.359883372860811
51.27220073969721,2.810940812274623
51.280071817489606,0.7470333813012776
51.28794289528201,0.22305170222402002
51.29581397307441,0.7524081267714529
51.30368505086681,1.0556726648282015
51.31155612865921,1.1969095823295417
51.319427206451614,0.10232189968911432
51.327298284244016,2.940887265194936
51.33516936203641,1.0593498161414021
51.34304043982881,2.100212173363436
51.35091151762121,0.2268499757792244
51.358782595413615,1.911943032342692
51.36665367320602,0.5421218755529266
51.37452475099842,0.3349642852648724
51.38239582879081,0.6613960255185918
51.390266906583214,0.38974189268633647
51.398137984375616,0.31386809854191555
51.40600906216802,0.47617154444521687
51.41388013996042,0.26750292517527713
51.42175121775282,1.0601547031294107
51.42962229554522,0.5194069712857139
51.43749337333762,0.20719301511706437
51.44536445113002,0.5942546135867545
51.45323552892242,0.19448116808090515
51.46110660671482,1.1955950361084433
51.46897768450722,1.3851052778019342
51.476848762299625,1.230261404781699
51.484719840092026,0.8690151965488822
51.49259091788442,2.291887771730288
51.50046199567682,0.953157189327457
51.50833307346922,0.11188107555944407
51.516204151261626,1.0904522400289332
51.52407522905403,2.6100332300328866
51.53194630684643,0.9309106259005677
51.53981738463883,0.5800849953529605
51.547688462431225,0.7575196703966609
51.555559540223626,0.08637981905370375
51.56343061801603,1.243563685961929
51.57130169580843,0.2607960566318673
51.57917277360083,2.002768758582348
51.58704385139323,0.22192299508153485
51.594914929185634,0.48530413693585195
51.60278600697803,0.05611442255170376
51.61065708477043,0.7615795203662709
51.61852816256283,0.33853782787421616
51.626399240355234,0.3198336934206254
51.63427031814764,0.25148563499969534
51.64214139594004,1.3223233919363595
51.65001247373244,0.15670110988647473
51.65788355152483,0.016591960430543562
51.66575462931724,0.7566252754060174
51.67362570710964,3.078193140067555
51.68149678490204,0.13804646588306219
51.68936786269444,0.09209916451825205
51.69723894048684,1.0991576317291754
51.70511001827924,0.93622649079809
51.71298109607164,0.8154296739409097
51.72085217386404,1.1760128394989249
51.72872325165644,0.7819377684995382
51.73659432944884,0.019348234070176856
51.74446540724124,0.7170091981735787
51.752336485033645,0.25950500441651847
51.76020756282604,0.05609980548459478
51.76807864061844,0.8925095788486636
51.77594971841084,0.49474769426964454
51.78382079620325,0.03799130370526502
51.791691873995646,0.32294347990377903
51.79956295178805,0.6807163395421432
51.80743402958045,0.19302919303816599
51.81530510737284,0.2051965567103633
51.823176185165245,1.2452426443967894
51.83104726295765,0.44097389464799536
51.83891834075005,1.098500528356447
51.84678941854245,1.9009689785327901
51.85466049633485,0.4620501279339929
51.86253157412725,1.2302622923018978
51.87040265191965,0.05306700700922853
51.87827372971205,5.787344043452792
51.88614480750445,0.4857305268334422
51.89401588529685,2.0738210832145803
51.90188696308925,1.4736522131537566
51.909758040881655,0.4643451985040778
51.91762911867406,2.7832286028849236
51.92550019646645,0.08339910090158176
51.93337127425885,0.20541778465612498
51.941242352051255,0.2065911360786288
51.949113429843656,0.41461704507632485
51.95698450763606,1.2467627920674722
51.96485558542846,0.02236976147507446
51.97272666322086,0.1049227058503134
51.980597741013256,0.1654512152811818
51.98846881880566,0.6641243830372917
51.99633989659806,0.6547581271040396
52.00421097439046,0.23543828216706542
52.01208205218286,0.025195430647066863
52.01995312997526,0.06813391858231835
52.02782420776766,0.054447555214682565
52.03569528556006,2.015291633086352
52.04356636335246,2.6532503813682315
52.05143744114486,1.4323902232459755
52.059308518937264,3.248095236994226
52.06717959672967,0.9100813508320489
52.07505067452207,1.2915972994387543
52.08292175231446,0.21984363116529163
52.090792830106864,1.1668867250271582
52.09866390789927,0.31228168173570436
52.10653498569167,2.4292496279256035
52.11440606348407,2.1339805503145124
52.12227714127647,1.4875098064477528
52.13014821906887,1.715053963443641
52.13801929686127,0.6751921270710277
52.14589037465367,1.9718327379320477
52.15376145244607,0.4975411396198228
52.16163253023847,0.14234404845970727
52.16950360803087,0.17596478962914353
52.17737468582328,0.6901717467433157
52.18524576361568,1.5893919365034725
52.19311684140807,0.16289327191447447
52.20098791920047,1.0025664715963178
52.20885899699287,0.027460326112296363
52.21673007478528,5.837213134374196
52.22460115257768,0.19796413253763132
52.23247223037008,0.3050804343488742
52.24034330816248,1.4282636206975392
52.24821438595488,1.6431307971962335
52.25608546374728,0.3738293333772802
52.26395654153968,1.9526782423709252
52.27182761933208,1.5211924449679055
52.27969869712448,0.02665679922846229
52.28756977491688,0.14833591322403428
52.29544085270928,1.6825297689818541
52.30331193050168,0.5954669130306625
52.31118300829408,0.8111825724995592
52.31905408608648,0.16444389618854208
52.32692516387888,0.1362307965148868
52.334796241671285,0.7006231135116944
52.342667319463686,0.49580899677425216
52.35053839725609,0.21454755504932382
52.35840947504848,2.2086169355972216
52.36628055284088,0.04551444724287515
52.374151630633285,0.6097014831303941
52.38202270842569,1.9759201144459446
52.38989378621809,0.21930409966444148
52.39776486401049,0.1485401655590659
52.405635941802885,0.6970566363032479
52.413507019595286,1.1266941201626446
52.42137809738769,0.7899616447461366
52.42924917518009,0.41761550606874126
52.43712025297249,0.3752971555960013
52.44499133076489,0.6550805238739328
52.452862408557294,0.8224360929918377
52.46073348634969,0.3141717089993193
52.46860456414209,1.2358098850067045
52.47647564193449,1.3765567798738814
52.484346719726894,1.542332302909199
52.492217797519295,3.4692412557574595
52.5000888753117,0.31736670853240195
52.5079599531041,0.9971569715738184
52.51583103089649,1.2644912630395728
52.523702108688894,0.04242691066294133
52.531573186481296,1.3261200602848031
52.5394442642737,0.825479756348905
52.5473153420661,0.4043905889171022
52.5551864198585,0.6619626188350619
52.5630574976509,0.9308307789831789
52.5709285754433,1.8902457830720232
52.5787996532357,6.369845450366342
52.5866707310281,0.6405163947746211
52.5945418088205,0.3142126166205737
52.6024128866129,0.46759152173797125
52.610283964405305,1.692795616849397
52.61815504219771,1.1775881862152318
52.6260261199901,1.4211553155298935
52.6338971977825,0.06373344886511356
52.6417682755749,0.3733365202763754
52.649639353367306,2.5488467939416224
52.65751043115971,0.7097239290136168
52.66538150895211,0.1636002241463118
52.67325258674451,0.11323661055326055
52.681123664536905,0.0946803763908274
52.68899474232931,0.8648501507676108
52.69686582012171,0.5624097243131468
52.70473689791411,1.5009943389377214
52.71260797570651,2.3983087849095734
52.72047905349891,0.13711603142380166
52.72835013129131,1.8873209961441977
52.73622120908371,1.5779289589148884
52.74409228687611,0.6662375198043449
52.75196336466851,4.639839284738662
52.759834442460914,0.3951616342644277
52.76770552025332,0.15867676301707795
52.77557659804572,2.008415379010595
52.78344767583811,0.746720619749404
52.79131875363051,0.7838008666319238
52.79918983142292,0.4527096984897036
52.80706090921532,0.23915860634297675
52.81493198700772,0.35042510638069296
52.82280306480012,0.49772021907086694
52.83067414259252,0.15531118128747626
52.83854522038492,0.5257623564227021
52.84641629817732,0.056566596089657424
52.85428737596972,2.8857274515438363
52.86215845376212,0.8191358684625978
52.87002953155452,0.7356550187887821
52.87790060934692,0.7687926736416003
52.885771687139325,0.11322960408087329
52.89364276493172,0.06265925274959201
52.90151384272412,2.447401221730076
52.90938492051652,0.10432603418599402
52.91725599830893,0.12263817858038145
52.925127076101326,0.6751640590478715
52.93299815389373,1.9597267974885375
52.94086923168613,0.6222406794713548
52.94874030947853,0.20412944240461073
52.956611387270925,1.908730951744693
52.96448246506333,0.20569733357230746
52.97235354285573,0.08091500323367204
52.98022462064813,2.455961537975333
52.98809569844053,0.7424153598060984
52.99596677623293,0.649740583072698
53.00383785402533,4.22766527386639
53.01170893181773,0.39767160808829677
53.01958000961013,1.343405583136936
53.02745108740253,2.2830980304972432
53.03532216519493,0.4817985523808021
53.043193242987336,0.09175121897290245
53.05106432077973,0.0655251742252767
53.05893539857213,0.49452911195804755
53.06680647636453,0.03670034956431303
53.074677554156935,0.8967145273833634
53.08254863194934,0.12238602550000216
53.09041970974174,1.1368921591986187
53.09829078753414,0.41313144256830125
53.10616186532653,0.47579213086417216
53.114032943118936,0.38748040962555513
53.12190402091134,0.20459410614874762
53.12977509870374,1.1512348322963595
53.13764617649614,0.5396796726637137
53.14551725428854,0.8009724175918412
53.153388332080944,1.3504048209468642
53.16125940987334,1.9885629680740935
53.16913048766574,0.7444092073643533
53.17700156545814,1.772154498485605
53.18487264325054,0.19032491047603423
53.19274372104295,0.18580075349337546
53.20061479883535,2.7723288825810086
53.20848587662775,1.195331929084929
53.21635695442014,1.3764042160511636
53.224228032212544,0.7219468629594576
53.23209911000495,0.10623056787275238
53.23997018779735,0.8300441153934504
53.24784126558975,1.9956677251579997
53.25571234338215,3.0426098062092586
53.26358342117455,0.3173637553721275
53.27145449896695,0.2107105911844343
53.27932557675935,3.5910968616457373
53.28719665455175,1.3121271646157857
53.29506773234415,1.5692405360865818
53.30293881013655,1.6299458097746196
53.31080988792896,1.0455372214922334
53.31868096572136,1.1039716442606604
53.32655204351375,3.136549192120378
53.33442312130615,0.10954739397063663
53.34229419909855,1.9562162481228837
53.35016527689096,1.4046707187129985
53.35803635468336,0.6914125654407806
53.36590743247576,0.3115920554423142
53.37377851026815,0.007977432140871295
53.38164958806056,0.9309780880238452
53.38952066585296,1.1990161458119708
53.39739174364536,0.05090998480001408
53.40526282143776,0.5116829371130727
53.41313389923016,0.20098207777085927
53.42100497702256,0.4038936860299713
53.42887605481496,1.5145083242846429
53.43674713260736,1.0807100732040678
53.44461821039976,0.49004460913273445
53.45248928819216,1.049042151155649
53.46036036598456,0.6326020019315248
53.468231443776965,0.9237474922206009
53.476102521569366,2.8041658324352814
53.48397359936176,0.7870454080516341
53.49184467715416,0.6136777136749493
53.49971575494656,2.267070818022574
53.507586832738966,0.7061687391582001
53.51545791053137,0.3101212796826727
53.52332898832377,2.662891499049641
53.53120006611617,5.141311700034049
53.539071143908565,0.1041530699548044
53.54694222170097,0.8811540081210095
53.55481329949337,0.4265954859198184
53.56268437728577,1.08284805926564
53.57055545507817,0.16886260076393655
53.57842653287057,0.45572183841229685
53.586297610662974,0.6862410930853159
53.59416868845537,0.46530725795002564
53.60203976624777,0.30827972733029585
53.60991084404017,0.9236693547445194
53.617781921832574,1.5882414372789395
53.625652999624975,1.9926463800723453
53.63352407741738,0.23020484493888627
53.64139515520978,1.6599726140971018
53.64926623300217,0.6455628823744978
53.657137310794575,0.4032022105145443
53.665008388586976,0.17049420803157758
53.67287946637938,0.27274948945206806
53.68075054417178,0.9088008043498855
53.68862162196418,0.15519382665336445
53.696492699756575,0.5733321966022715
53.70436377754898,0.40386232078740353
53.71223485534138,4.041302545598965
53.72010593313378,0.6977187799734065
53.72797701092618,0.026220000814799173
53.73584808871858,3.4209989101899096
53.743719166510985,1.2460903281383395
53.75159024430338,0.878027105260765
53.75946132209578,0.4436605786723835
53.76733239988818,0.12698761740445982
53.77520347768058,0.36658938367012034
53.783074555472986,0.10017801913338709
53.79094563326539,2.142967493152509
53.79881671105779,0.8459335884802944
53.80668778885018,1.7479671317826104
53.814558866642585,0.3875100049823624
53.82242994443499,0.3284675100423398
53.83030102222739,0.011941226619901203
53.83817210001979,0.13723830431141804
53.84604317781219,1.6045171478745726
53.85391425560459,0.8325874983420296
53.86178533339699,0.12768211461641832
53.86965641118939,2.7265614614800504
53.87752748898179,0.12070831161277766
53.88539856677419,0.08891568241326969
53.893269644566594,0.35411334559186747
53.901140722359,0.10940632600017927
53.9090118001514,0.8776802681289357
53.91688287794379,0.18461884487164762
53.92475395573619,1.0727944838652774
53.9326250335286,0.4977256918779565
53.940496111321,3.9501439916323853
53.9483671891134,0.3434097127290431
53.9562382669058,0.77830178315051
53.9641093446982,0.7609053111802536
53.9719804224906,1.6851141759406942
53.979851500283,1.3015638513402412
53.9877225780754,0.6340470194215457
53.9955936558678,0.7414868467302542
54.0034647336602,0.8235643906661825
54.01133581145261,1.369050229581233
54.019206889245,0.23582516236834894
54.0270779670374,1.915303558771864
54.0349490448298,0.06579787908151882
54.0428201226222,0.19507311166867264
54.050691200414605,0.12496766806732515
54.058562278207006,0.017899343144129127
54.06643335599941,1.1851011089760828
54.0743044337918,0.04599014565061874
54.08217551158421,0.17709344653530185
54.090046589376605,0.10509542066869051
54.09791766716901,0.8378874574757919
54.10578874496141,0.38291175997529614
54.11365982275381,0.004663814328988882
54.12153090054621,0.2450879614213882
54.129401978338606,1.121634425428328
54.13727305613101,0.8157633247802317
54.14514413392341,0.19597136614066896
54.15301521171581,0.4277393221370249
54.16088628950821,0.48432799632398604
54.16875736730061,0.9514274034667074
54.176628445093016,0.836534820276768
54.18449952288541,0.8358639784780999
54.19237060067781,0.8368155293856331
54.20024167847021,0.05685243047785674
54.208112756262615,0.6720545294249665
54.21598383405502,0.038224461562816094
54.22385491184742,0.033649080509911784
54.23172598963982,1.3691928036542134
54.23959706743221,0.38888109469869936
54.247468145224616,0.5727546718924335
54.25533922301702,0.18672066819378072
54.26321030080942,0.04529683749420323
54.27108137860182,0.26073293139575543
54.27895245639422,0.11982088671503502
54.286823534186624,2.2028955160893697
54.29469461197902,0.3589098262456936
54.30256568977142,0.6567429612435272
54.31043676756382,2.1765614563263487
54.31830784535622,0.3961750551052335
54.32617892314863,0.8785623990575006
54.33405000094103,0.254787371659936
54.34192107873343,2.153364712744642
54.34979215652582,0.42956383036642387
54.357663234318224,0.5997857129987736
54.36553431211063,1.030124243070793
54.37340538990303,0.8681857406390643
54.38127646769543,0.03074646466585725
54.38914754548783,1.080053270441775
54.39701862328023,0.21080142146473285
54.40488970107263,0.14889015006942716
54.41276077886503,0.5147327729438592
54.42063185665743,3.5000090137978233
54.42850293444983,0.2909146969552409
54.43637401224223,0.11856446329660322
54.44424509003464,0.8726313670074309
54.45211616782703,0.31233819377663324
54.45998724561943,0.5386711418597516
54.46785832341183,1.056152768180402
54.47572940120424,0.06991620000125437
54.48360047899664,1.5034015604078128
54.49147155678904,0.17509848476006878
54.49934263458144,0.03631445971901463
54.50721371237383,2.8331986996050764
54.51508479016624,0.17338825066313246
54.52295586795864,0.4884205945462155
54.53082694575104,1.0867240454851983
54.53869802354344,0.29690110053775015
54.54656910133584,1.9317344355924568
54.55444017912824,1.2793466714997115
54.56231125692064,1.90033844488206
54.57018233471304,0.3898368372882763
54.57805341250544,1.3435770376620757
54.58592449029784,1.386389558102632
54.59379556809024,0.6953324723661922
54.601666645882645,1.534667418233041
54.60953772367505,4.130572156462182
54.61740880146744,0.12182897661413418
54.62527987925984,1.7616858760173137
54.63315095705224,0.22383437897959216
54.641022034844646,1.0052418869403645
54.64889311263705,0.49218275247601917
54.65676419042945,0.7418877112027411
54.66463526822185,0.6734813160879896
54.672506346014245,0.8317093647254619
54.68037742380665,0.03068872022774265
54.68824850159905,0.04352024881523778
54.69611957939145,1.0553804994682277
54.70399065718385,0.4962362720968187
54.71186173497625,0.021600083365784343
54.71973281276865,0.3183214055925567
54.72760389056105,1.9642322095977902
54.73547496835345,0.05147733785567034
54.74334604614585,0.2904278447120088
54.751217123938254,1.0722611618251727
54.759088201730655,5.8087508551208895
54.76695927952306,0.8572979984889344
54.77483035731545,0.8583417556346022
54.78270143510785,1.0629247524403176
54.790572512900255,1.2682529640470535
54.798443590692656,2.537061306366537
54.80631466848506,0.5921567622097794
54.81418574627746,1.112828234236067
54.82205682406986,1.4802105956376825
54.829927901862256,0.8834655419701827
54.83779897965466,0.008618979366971492
54.84567005744706,0.21769655223798323
54.85354113523946,0.7364941112168584
54.86141221303186,0.35787297544604224
54.86928329082426,0.48962379874324063
54.877154368616665,0.6086476161415326
54.88502544640906,1.4506072408888488
54.89289652420146,0.12790507380865698
54.90076760199386,0.2394854846625204
54.90863867978626,0.2248095334699681
54.916509757578666,0.46168975818694447
54.92438083537107,0.4849968103645263
54.93225191316347,0.32362968625173866
54.94012299095586,3.763136560673951
54.947994068748265,0.6925566511398837
54.95586514654067,0.07877942806823476
54.96373622433307,0.09248755113026275
54.97160730212547,0.3213986816115391
54.97947837991787,0.2576815418054691
54.98734945771027,0.49177530145899545
54.99522053550267,0.7908359678188837
55.00309161329507,0.7299826808489965
55.01096269108747,0.6559170457793515
55.01883376887987,0.15641786667000587
55.026704846672274,0.8019842477405127
55.03457592446468,0.9337533720656945
55.04244700225707,0.590482365615527
55.05031808004947,1.276994849897226
55.05818915784187,0.9553797630624691
55.06606023563428,0.3001242185614606
55.07393131342668,0.6295882141773889
55.08180239121908,0.5981558122747797
55.08967346901148,0.06703649273201519
55.097544546803874,0.03249061049959115
55.10541562459628,0.017473690549913858
55.11328670238868,0.4449496232444703
55.12115778018108,1.27510855860375
55.12902885797348,0.08633482545352139
55.13689993576588,0.5060570418271408
55.14477101355829,0.32868023706771227
55.15264209135068,0.4028261585303829
55.16051316914308,0.5436021470532838
55.16838424693548,0.3125195577230825
55.17625532472788,0.9669142269510761
55.184126402520285,1.188400765814403
55.191997480312686,0.4518549656685504
55.19986855810509,0.5036344610739371
55.20773963589748,0.4559283709235539
55.21561071368989,0.4764865784739254
55.223481791482286,0.8033239070362449
55.23135286927469,0.15275941848221533
55.23922394706709,1.2804265568358422
55.24709502485949,0.4257218199947714
55.25496610265189,2.386601653502899
55.262837180444286,1.6241300765036895
55.27070825823669,0.4209719416737439
55.27857933602909,0.17972270017821898
55.28645041382149,0.22135773641710588
55.29432149161389,0.2665994848770083
55.30219256940629,0.2047709004600582
55.310063647198696,0.29529756758315145
55.31793472499109,0.1519176588872684
55.32580580278349,0.16203375666628067
55.33367688057589,0.6199368467832805
55.341547958368295,2.2307774410933385
55.3494190361607,0.8062771078550935
55.3572901139531,0.4196414332547624
55.36516119174549,0.20294533130376127
55.37303226953789,0.07188293437139068
55.380903347330296,0.5138157461683662
55.3887744251227,0.05025920074816936
55.3966455029151,3.9390318970146154
55.4045165807075,0.8937397015330566
55.4123876584999,1.691978464860047
55.4202587362923,1.5033531453533173
55.4281298140847,0.198424792298988
55.4360008918771,0.20578697793144848
55.4438719696695,1.9529152428455878
55.4517430474619,0.2604476755948602
55.45961412525431,0.5657057662157803
55.46748520304671,0.5156254112621044
55.4753562808391,1.2700756740032089
55.4832273586315,1.925081591933575
55.491098436423904,3.192450253493373
55.49896951421631,0.2725121757959393
55.50684059200871,0.02598340263644306
55.51471166980111,2.558990145699495
55.52258274759351,0.173519946558663
55.53045382538591,0.20038943248115323
55.53832490317831,0.779148838162936
55.54619598097071,0.5418011134554643
55.55406705876311,0.44072546745108915
55.56193813655551,0.5139673701053649
55.56980921434791,2.9079960884009406
55.57768029214032,0.3324114912109597
55.58555136993271,0.6299549767676694
55.59342244772511,0.08628089382263694
55.60129352551751,0.15741595557932037
55.60916460330992,0.8185828023065463
55.61703568110232,0.559574747164751
55.62490675889472,0.6382853099860052
55.63277783668712,0.3331691199048182
55.64064891447951,0.9664047249008896
55.64851999227192,3.759000338858687
55.65639107006432,1.118364966437291
55.66426214785672,0.0900439131291663
55.67213322564912,2.427183223179666
55.68000430344152,1.3832114005211391
55.68787538123392,3.728058113467243
55.69574645902632,0.49178433834557705
55.70361753681872,2.149390642832606
55.71148861461112,0.27071644140262807
55.71935969240352,0.01977977489503786
55.72723077019592,1.10293013170298
55.735101847988325,1.1424357226377064
55.74297292578072,0.38282697542490207
55.75084400357312,2.8283128403528126
55.75871508136552,0.6790890673611748
55.76658615915792,0.32128285104611404
55.774457236950326,1.3298413030594616
55.78232831474273,0.9469994126419367
55.79019939253513,0.5684054598583612
55.79807047032752,0.06298661949253209
55.805941548119925,7.329975232637364
55.81381262591233,1.0025833635766033
55.82168370370473,1.4808744279123693
55.82955478149713,1.3945939412658488
55.83742585928953,0.9915252703610342
55.84529693708193,0.29990128234755
55.85316801487433,2.6239557139442886
55.86103909266673,2.450288256824982
55.86891017045913,0.3209392341783633
55.87678124825153,0.0465696090998452
55.884652326043934,0.43173447538876225
55.892523403836336,2.5801163596250745
55.90039448162874,0.9667357968270238
55.90826555942113,0.8541829722562108
55.91613663721353,0.30389572408172966
55.924007715005935,0.6396486393550375
55.93187879279834,0.5942757117675461
55.93974987059074,0.6205186662814
55.94762094838314,2.5102319965147633
55.95549202617554,0.1754576772022975
55.963363103967936,0.7467361622380808
55.97123418176034,4.358644178468966
55.97910525955274,1.5992874689385375
55.98697633734514,0.39835517851786806
55.99484741513754,1.6716501732813402
56.00271849292994,2.188828722431609
56.010589570722345,1.8427338778280313
56.01846064851474,1.3349669929123655
56.02633172630714,0.6541109121328179
56.03420280409954,0.19888195234178857
56.042073881891945,0.7729579002663864
56.049944959684346,1.8417460699584083
56.05781603747675,2.365938035555962
56.06568711526914,0.61023654185499
56.07355819306154,0.8884927304266431
56.081429270853945,0.7313014390339452
56.08930034864635,0.8978647171176226
56.09717142643875,2.0090899021906314
56.10504250423115,1.2066853911652022
56.11291358202355,0.5686769286906052
56.120784659815946,1.737781036997329
56.12865573760835,2.564881907950639
56.13652681540075,0.5762176651331392
56.14439789319315,0.5733566516429146
56.15226897098555,2.2257921139541685
56.160140048777954,2.062775303203294
56.16801112657036,0.5236717675134333
56.17588220436275,1.0263470600582885
56.18375328215515,1.1319287411048622
56.191624359947554,1.481029336923916
56.19949543773996,0.5893068239689893
56.20736651553236,0.14757228677440673
56.21523759332476,0.10662908046620313
56.22310867111716,2.6198094821407283
56.230979748909554,0.9155972498133269
56.23885082670196,0.06982430526220665
56.24672190449436,2.2538013875665013
56.25459298228676,0.6718616127737556
56.26246406007916,0.4590594782179516
56.27033513787156,0.5064410478754462
56.27820621566397,0.5423803752846288
56.28607729345636,0.6102374102553266
56.29394837124876,0.44312996586808345
56.30181944904116,0.10951607393825065
56.30969052683356,0.5524067453630368
56.317561604625965,3.875413194292479
56.325432682418366,0.5426662518401779
56.33330376021077,0.9872793219528507
56.34117483800316,0.47532283928371066
56.34904591579557,0.08798697770206501
56.356916993587966,0.8596780565650223
56.36478807138037,0.684060613817988
56.37265914917277,0.2269079952038877
56.38053022696517,0.6055141563528157
56.388401304757565,0.931642872511778
56.39627238254997,0.03087104795401659
56.40414346034237,0.7427293322253796
56.41201453813477,0.8655331477175896
56.41988561592717,0.13852404654144632
56.42775669371957,1.5886846855325523
56.435627771511975,1.0693081002511877
56.44349884930437,0.526607202260796
56.45136992709677,0.699686072861354
56.45924100488917,0.6536147646864464
56.46711208268157,0.26110937874389484
56.474983160473975,1.8150629868896766
56.48285423826638,1.9411796171855669
56.49072531605878,1.070372240112506
56.49859639385117,0.9174452352930306
56.506467471643575,0.17029478084080774
56.514338549435976,1.4599854465525528
56.52220962722838,2.7763533870284696
56.53008070502078,0.9911891369614605
56.53795178281318,0.004389403405135312
56.54582286060558,1.803042552517255
56.55369393839798,0.43765659334304324
56.56156501619038,3.9728176511228606
56.56943609398278,3.50055081408924
56.57730717177518,3.270205726004573
56.58517824956758,3.5636830436494176
56.59304932735999,0.6733497625812344
56.60092040515239,1.9815409057252678
56.60879148294478,0.6804527152300479
56.61666256073718,0.7980415972644237
56.624533638529584,0.3628266773990866
56.63240471632199,1.8874242891690411
56.64027579411439,0.4014985637656416
56.64814687190679,1.7967714301174462
56.65601794969919,3.220314902446772
56.66388902749159,0.3028746989939729
56.67176010528399,0.5306594264131094
56.67963118307639,0.5812404129517171
56.68750226086879,0.7915819514703133
56.69537333866119,2.0980380758432737
56.70324441645359,0.536851218284181
56.71111549424599,0.7679809510348011
56.71898657203839,0.21133725389227936
56.72685764983079,0.9681677940146476
56.73472872762319,1.1465332712721392
56.7425998054156,1.9851036643107427
56.750470883208,0.5473904889452719
56.7583419610004,1.9377458248322126
56.76621303879279,1.8354561426962996
56.77408411658519,2.2867829505255415
56.7819551943776,0.7432533880764726
56.78982627217,0.660039928794446
56.7976973499624,1.4397657186575912
56.8055684277548,0.40210609696531274
56.8134395055472,0.30963510943260975
56.8213105833396,0.33385968792107723
56.829181661132,0.11664450522087688
56.8370527389244,0.4879912234170763
56.8449238167168,2.207802733327149
56.8527948945092,0.41430486807459055
56.8606659723016,0.7761348110081105
56.868537050094005,0.0002439888316146415
56.8764081278864,0.11125386342129362
56.8842792056788,0.09589007312991527
56.8921502834712,0.3203598885218252
56.900021361263605,0.42308596585479175
56.907892439056006,0.814872095921358
56.91576351684841,0.5987153688699123
56.92363459464081,0.4184936708951214
56.9315056724332,0.10509517908255248
56.939376750225605,1.4956134393670852
56.94724782801801,0.45527399732625823
56.95511890581041,0.8088479573301727
56.96298998360281,0.44489405337115256
56.97086106139521,1.9853893863530627
56.97873213918761,1.818611141459608
56.98660321698001,0.6635007741787116
56.99447429477241,0.37525182253417333
57.00234537256481,0.7427533641811461
57.01021645035721,0.21525388702317985
57.018087528149614,0.9059212714281608
57.025958605942016,0.11775810726710818
57.03382968373441,0.04052941764357316
57.04170076152681,0.278035660358665
57.04957183931921,0.4374255368230174
57.057442917111615,0.24801419475516476
57.06531399490402,0.5471469974375642
57.07318507269642,0.11276047158207286
57.08105615048882,0.7774077750174508
57.088927228281214,0.7178395753788858
57.096798306073616,0.33643432257103223
57.10466938386602,0.12093925382566942
57.11254046165842,0.08629552359484738
57.12041153945082,1.1855352258971354
57.12828261724322,0.25979654552393905
57.13615369503562,0.9431010742245629
57.14402477282802,0.052713960128353825
57.15189585062042,0.5687291622187802
57.15976692841282,0.17922202065600712
57.16763800620522,1.036812487029147
57.175509083997625,0.2124942413278475
57.183380161790026,1.0389359468367054
57.19125123958243,0.16416970593700042
57.19912231737482,1.134858221291452
57.20699339516722,1.0200200635141674
57.214864472959626,0.9337708903185091
57.22273555075203,0.36777839610242435
57.23060662854443,0.7274306048579465
57.23847770633683,0.5648128005474017
57.24634878412923,1.1153032515921921
57.25421986192163,1.1620771357856023
57.26209093971403,0.5940243327869437
57.26996201750643,1.598920919324655
57.27783309529883,0.8349467851384845
57.28570417309123,0.225097394984535
57.293575250883634,0.5089327374776504
57.30144632867604,2.425166088587367
57.30931740646843,3.0637884114428937
57.31718848426083,0.025211041274765228
57.325059562053234,1.4146726738977387
57.33293063984564,0.693489069625972
57.34080171763804,2.1487220580451685
57.34867279543044,4.27697451063492
57.35654387322283,0.2936765738941689
57.36441495101524,0.16948936320647925
57.37228602880764,0.1560853335559746
57.38015710660004,0.19764947651703538
57.38802818439244,0.8479384441900778
57.39589926218484,0.7026469674947815
57.40377033997724,1.2675687376657105
57.41164141776964,1.1520289796764884
57.41951249556204,1.6818899782296601
57.42738357335444,0.8053879667658138
57.43525465114684,1.1258409234095124
57.44312572893924,0.0039026024471718627
57.450996806731645,1.2808321392525583
57.45886788452405,0.23866390377259947
57.46673896231644,6.210267825898117
57.47461004010884,0.6589551271012495
57.48248111790125,0.29211985063828116
57.490352195693646,2.123652324803319
57.49822327348605,3.7789310910560783
57.50609435127845,0.7531705478083116
57.51396542907085,1.0346058935418807
57.521836506863245,1.8627686679908566
57.52970758465565,6.4120703510157036
57.53757866244805,1.2318854465467561
57.54544974024045,0.02712013635045829
57.55332081803285,1.248534653723504
57.56119189582525,1.0093403562876069
57.569062973617655,3.2816015521826833
57.57693405141005,1.0613123081686346
57.58480512920245,0.018002788970772763
57.59267620699485,0.46014403880730304
57.60054728478725,0.4397702864925333
57.608418362579656,0.2869478040232422
57.61628944037206,0.23108092707672812
57.62416051816446,0.6434369809982968
57.63203159595685,0.588085577141555
57.639902673749255,0.3274087885762098
57.647773751541656,0.35040505225769714
57.65564482933406,0.6173115417705756
57.66351590712646,0.0880715846668206
57.67138698491886,3.724099643946818
57.679258062711256,0.07071505565925253
57.68712914050366,0.49945577689495285
57.69500021829606,3.1631365729680723
57.70287129608846,0.0861613918728384
57.71074237388086,0.0839653309827126
57.718613451673264,0.7331530616009311
57.72648452946567,0.2776396810051027
57.73435560725806,0.2769839971440692
57.74222668505046,0.14582585874426787
57.75009776284286,1.2626958686685803
57.757968840635264,2.512504139370758
57.76583991842767,0.8482312214022614
57.77371099622007,1.3365924459395164
57.78158207401247,1.4405028987221957
57.789453151804864,2.527364704082883
57.79732422959727,0.281915246265269
57.80519530738967,0.7371606450603863
57.81306638518207,1.0250433739567506
57.82093746297447,1.0072467145618786
57.82880854076687,1.6409317216158006
57.83667961855927,1.7911713241071283
57.84455069635167,0.8842836175090756
57.85242177414407,2.2788156377481297
57.86029285193647,1.2497005169936752
57.86816392972887,1.6694032454135928
57.87603500752128,4.14559068346691
57.88390608531368,1.1628950233863884
57.89177716310608,1.1033292410758828
57.89964824089847,2.4681075979114393
57.90751931869087,0.024443003851753135
57.91539039648328,0.48111957457052773
57.92326147427568,0.16406816515820172
57.93113255206808,0.01278292727797909
57.93900362986048,0.6725407959938741
57.94687470765288,0.005780045472690506
57.95474578544528,2.759249716948678
57.96261686323768,0.29639781441783736
57.97048794103008,0.11882707728408072
57.97835901882248,0.3462483244493936
57.98623009661488,0.21677215405923878
57.99410117440728,0.25117082289751613
58.001972252199685,1.742890973471122
58.00984332999208,1.200685707529143
58.01771440778448,0.8428348158585474
58.02558548557688,1.3037973957524744
58.033456563369285,1.956043837207047
58.041327641161686,0.42772550808736765
58.04919871895409,0.16420263952617087
58.05706979674648,1.401823847658744
58.06494087453888,2.5805859094589225
58.072811952331286,0.17894385766876877
58.08068303012369,0.14192686959285017
58.08855410791609,5.324189770354669
58.09642518570849,0.6442529734316614
58.10429626350089,0.9815670317668839
58.112167341293286,1.5998591562545326
58.12003841908569,0.3541341960980671
58.12790949687809,0.13629148949996012
58.13578057467049,0.9667714476273381
58.14365165246289,0.8186144468670775
58.151522730255294,0.5948605066947464
58.159393808047696,0.6493889807620451
58.16726488584009,0.6878581717777632
58.17513596363249,2.0202805885505817
58.183007041424894,0.7543944710289051
58.190878119217295,2.6450564808457475
58.1987491970097,0.2594960629648701
58.2066202748021,1.65404583696099
58.2144913525945,1.479701238731463
58.222362430386895,1.5847811494706285
58.230233508179296,2.4860333913915715
58.2381045859717,0.26353078939545926
58.2459756637641,0.6525071961050856
58.2538467415565,0.9598414593463483
58.2617178193489,2.149723363524242
58.2695888971413,0.05141542539710256
58.2774599749337,0.08665503046432009
58.2853310527261,0.6550776966119172
58.2932021305185,0.423091698190928
58.3010732083109,0.022116838834431295
58.308944286103305,0.26365309888694993
58.31681536389571,0.2835309478213412
58.32468644168811,2.3379096171436977
58.3325575194805,2.429959503160685
58.3404285972729,0.42182374583783383
58.348299675065306,0.2740612202822129
58.35617075285771,0.7750701681246137
58.36404183065011,0.08957978678701192
58.37191290844251,2.05203602224704
58.379783986234905,1.0352247558183307
58.38765506402731,0.42534699094287404
58.39552614181971,0.011862969904410214
58.40339721961211,2.6395345942491577
58.41126829740451,0.23562243333217034
58.41913937519691,0.9164636037333839
58.42701045298932,2.0017584549268923
58.43488153078171,0.08581027405021462
58.44275260857411,0.27644128476910973
58.45062368636651,0.515254082830924
58.458494764158914,0.6344961268223663
58.46636584195132,1.8044600783753881
58.47423691974372,1.07529600905756
58.48210799753612,0.08648181154138289
58.48997907532851,4.486517851077203
58.49785015312092,0.7059723045393256
58.50572123091332,1.8431889422673347
58.51359230870572,0.7458536448422877
58.52146338649812,1.8289762538448486
58.52933446429052,0.9140590797342903
58.53720554208292,0.38217337450993655
58.54507661987532,0.21958084533592118
58.55294769766772,0.298582726294972
58.56081877546012,0.33788393141375905
58.56868985325252,0.15928350020893636
58.57656093104493,2.248828725405889
58.584432008837325,1.089057812980542
58.59230308662973,0.15916655881526973
58.60017416442212,0.9204921326295429
58.60804524221452,1.452261989592652
58.61591632000693,1.94014019664417
58.623787397799326,0.14488988587454588
58.63165847559173,0.13553802111028174
58.63952955338413,1.3002664865240228
58.64740063117653,0.006998819406064326
58.655271708968925,0.14609825440992066
58.66314278676133,0.9012409741950933
58.67101386455373,0.6419175404911723
58.67888494234613,0.07006605257604374
58.68675602013853,1.1237915720238025
58.69462709793093,0.23966776877774013
58.70249817572333,0.16033140085592468
58.71036925351573,0.1487380812194522
58.71824033130813,0.7118868906873782
58.72611140910053,0.06792260654944962
58.73398248689293,0.06468644763152742
58.741853564685336,0.6161072760352168
58.74972464247774,2.5700459267402462
58.75759572027013,0.14826212614907394
58.76546679806253,0.011932575638593146
58.773337875854935,2.0853000213983757
58.78120895364734,0.9454521625731699
58.78908003143974,1.236994101113984
58.79695110923214,1.6156592107123384
58.80482218702454,0.18565324480618026
58.812693264816936,0.5243228215485073
58.82056434260934,0.3492607810805048
58.82843542040174,0.17920501246775447
58.83630649819414,0.14182887201119254
58.84417757598654,0.7422021552666939
58.852048653778944,0.03604777885972293
58.85991973157135,0.5100712724617663
58.86779080936374,0.5370346992332969
58.87566188715614,0.20115479392738791
58.88353296494854,0.982526840940022
58.89140404274095,0.15786601680888668
58.89927512053335,0.40202813726794473
58.90714619832575,0.0002080425431637398
58.91501727611815,0.4776578174157184
58.922888353910544,1.9189978741817466
58.93075943170295,8.099863854129657
58.93863050949535,0.30509193815828
58.94650158728775,0.701233465040362
58.95437266508015,1.9629309445296594
58.96224374287255,2.240191293488789
58.97011482066495,1.2682635667170667
58.97798589845735,0.3392260429321069
58.98585697624975,0.07004135094336508
58.99372805404215,0.12354084324349561
59.00159913183455,0.10473822010617949
59.00947020962696,0.015557113769157253
59.01734128741936,0.5704344279987981
59.02521236521175,1.0130845128070352
59.03308344300415,0.14212126879197792
59.04095452079656,1.5478376131658638
59.04882559858896,0.34490250945331274
59.05669667638136,0.4869845866576324
59.06456775417376,2.031951759168218
59.07243883196616,0.014746764459162006
59.08030990975856,0.5486713068302149
59.08818098755096,5.31522983631511
59.09605206534336,1.2205456714568117
59.10392314313576,0.8975573929604955
59.11179422092816,0.23031029712209639
59.11966529872056,0.5147415339285425
59.12753637651296,1.016403966204935
59.13540745430536,0.1350788049273336
59.14327853209776,0.16506745602905448
59.15114960989016,0.7319121747933771
59.15902068768256,0.4803603232852003
59.166891765474965,0.5515097353505676
59.17476284326737,0.2581380897894598
59.18263392105977,0.8886193956433862
59.19050499885216,0.5060066740104412
59.19837607664456,0.37712272798431556
59.206247154436966,0.9604922721240828
59.21411823222937,1.7870229918385527
59.22198931002177,0.49825115721835633
59.22986038781417,0.19870085918740915
59.23773146560657,0.256406432462127
59.24560254339897,1.0252262010069448
59.25347362119137,2.2404159710114957
59.26134469898377,0.2836762955513262
59.26921577677617,2.256383120885891
59.27708685456857,0.22450393293910129
59.284957932360975,1.8345607787519989
59.292829010153376,0.638869898056498
59.30070008794577,2.830146965035588
59.30857116573817,0.8153948976680444
59.316442243530574,4.663036344622989
59.324313321322975,0.19732266906991972
59.33218439911538,0.6672893846885009
59.34005547690778,0.34798313322870744
59.34792655470017,0.8175629166528251
59.355797632492575,0.3453547641954495
59.363668710284976,0.6113544820234852
59.37153978807738,0.15904620654497223
59.37941086586978,0.9780518296185232
59.38728194366218,0.019282664472634357
59.39515302145458,2.195944687325953
59.40302409924698,1.71691209911712
59.41089517703938,0.0785515614532596
59.41876625483178,0.03101026113251707
59.42663733262418,0.43593770343191107
59.43450841041658,0.34226315850340766
59.442379488208985,0.11296907177353675
59.45025056600139,1.2944746973259136
59.45812164379378,0.31784945643336276
59.46599272158618,0.22221849641678124
59.47386379937858,0.28373493847721787
59.481734877170986,0.11230625753981098
59.48960595496339,0.950356311179825
59.49747703275579,0.4625203156338108
59.50534811054819,0.41163329061387904
59.513219188340585,1.3564780583435114
59.52109026613299,0.2505456755319911
59.52896134392539,0.6542564684944117
59.53683242171779,0.22675038782136483
59.54470349951019,0.7603306751120349
59.55257457730259,0.11093141610526382
59.560445655095,0.6815968085409145
59.56831673288739,3.5669952921841865
59.57618781067979,1.7949227154656064
59.58405888847219,2.698398049768963
59.591929966264594,1.4827177555931366
59.599801044057,0.5594352829022731
59.6076721218494,2.933172935096209
59.6155431996418,0.4112636615819555
59.62341427743419,0.5703968957486931
59.6312853552266,0.2315348863888787
59.639156433019,1.3392849940101925
59.6470275108114,1.6091599638584815
59.6548985886038,1.1053458558245761
59.6627696663962,1.7093007553818924
59.6706407441886,0.5616581105749375
59.678511821981,0.574967831486709
59.6863828997734,0.2442712963629358
59.6942539775658,0.15417370493847476
59.7021250553582,0.034233069984333425
59.70999613315061,0.9134645016263014
59.717867210943005,0.5892859021942589
59.7257382887354,0.04587700386100259
59.7336093665278,1.2791372164273682
59.7414804443202,0.5286423796099885
59.749351522112605,0.6522532856587069
59.757222599905006,1.8337448566099883
59.76509367769741,0.06797618187524243
59.77296475548981,0.9359101032784246
59.78083583328221,1.3978754018047792
59.788706911074605,2.6809800624507973
59.79657798886701,1.3099460186758383
59.80444906665941,0.03606580758825245
59.81232014445181,1.8427562406126328
59.82019122224421,2.244757071323143
59.82806230003661,0.2965993693673343
59.83593337782901,3.9255343772018425
59.84380445562141,0.014296784200539195
59.85167553341381,0.18428251054926095
59.85954661120621,1.9374239977532322
59.86741768899861,0.2640716212893458
59.875288766791016,0.026615017793948308
59.88315984458342,0.34395847667998347
59.89103092237581,0.06529217940531597
59.89890200016821,0.33629385568696085
59.906773077960615,0.12400483928022984
59.91464415575302,0.20449694720163886
59.92251523354542,0.06615135159774568
59.93038631133782,1.0909396516734047
59.93825738913022,1.3173467139521577
59.946128466922616,2.411385872134127
59.95399954471502,3.4099938379362813
59.96187062250742,1.7347689571008011
59.96974170029982,0.008055755465278078
59.97761277809222,0.49391956436188267
59.985483855884624,0.4563339503266337
59.99335493367703,0.036828789132869286
60.00122601146942,2.0937435142818925
60.00909708926182,1.1857231083499973
60.01696816705422,0.3856698784024878
60.02483924484663,0.5789394135918948
60.03271032263903,1.013469578415402
60.04058140043143,0.05166418245383267
60.04845247822382,0.6966054301062303
60.056323556016224,0.33817430226681644
60.06419463380863,2.310730004820074
60.07206571160103,1.646249622033215
60.07993678939343,1.1731749040816983
60.08780786718583,1.2340259194868004
60.09567894497823,0.06783702867782662
60.10355002277063,0.6062111110781359
60.11142110056303,2.040109258202261
60.11929217835543,0.24021848815811306
60.12716325614783,0.5637756849275777
60.13503433394023,1.7530468431303623
60.14290541173264,0.14392996120257598
60.15077648952504,0.6033532248918587
60.15864756731743,0.01849691860828192
60.16651864510983,0.47559916362446075
60.17438972290224,1.3646326632825732
60.18226080069464,3.329028257124992
60.19013187848704,0.10352590940496684
60.19800295627944,0.24340566652628162
60.20587403407184,0.31286369028230193
60.21374511186424,0.8257139213604676
60.22161618965664,1.1891399063313228
60.22948726744904,0.023350699917272733
60.23735834524144,1.3290958384984088
60.24522942303384,1.5680362783405735
60.25310050082624,0.06553837828012424
60.26097157861864,0.13263862297611625
60.26884265641104,0.5931990469891157
60.27671373420344,1.4272450526322957
60.28458481199584,4.632918281617419
60.29245588978824,0.5485603218264541
60.300326967580645,0.2984146367734729
60.30819804537305,0.28871671026648094
60.31606912316545,0.09691206151976113
60.32394020095784,1.5136406219275143
60.33181127875024,0.17774190465033377
60.339682356542646,2.6427223559242985
60.34755343433505,1.5953685762563585
60.35542451212745,0.05763798845906818
60.36329558991985,3.3532094933175283
60.371166667712245,3.1275318050624183
60.37903774550465,2.2903817194629306
60.38690882329705,3.9403336308877095
60.39477990108945,0.7621802319592719
60.40265097888185,0.5240999833312434
60.41052205667425,1.231212251858386
60.418393134466655,3.7034273275106417
60.42626421225905,0.26793739925122556
60.43413529005145,0.06282433386898519
60.44200636784385,1.2609970455176414
60.449877445636254,1.620554146959717
60.457748523428656,1.7134354187706946
60.46561960122106,0.6506655717901118
60.47349067901346,0.046311047280448436
60.48136175680585,0.7199411404060168
60.489232834598255,1.4252968924074314
60.497103912390656,3.1233837925453183
60.50497499018306,0.7671151912738121
60.51284606797546,0.14654184358107006
60.52071714576786,0.024394045391006494
60.52858822356026,2.03214088991355
60.53645930135266,1.3193607438533186
60.54433037914506,0.3964866168268853
60.55220145693746,2.2888346355735902
60.56007253472986,0.05277091281695216
60.56794361252226,1.6490210972583406
60.575814690314665,0.15606449467280906
60.58368576810707,1.980554569758341
60.59155684589946,2.2733564778375124
60.59942792369186,0.29072083143571276
60.607299001484265,0.7491669498245466
60.615170079276666,0.4329095386438035
60.62304115706907,0.14899828994019096
60.63091223486147,0.017667166960875363
60.63878331265387,1.9926414728565984
60.646654390446265,1.4478748172497649
60.65452546823867,0.35997504493636395
60.66239654603107,0.17632485570984416
60.67026762382347,0.9736363930356888
60.67813870161587,0.5282127018454451
60.68600977940827,1.6795180755254489
60.69388085720067,0.9653040882905746
60.70175193499307,0.04791532595749495
60.70962301278547,0.870697583826848
60.71749409057787,0.7020654168054237
60.725365168370274,0.021919688430996107
60.73323624616268,1.8928759796263743
60.74110732395508,0.8180604076938959
60.74897840174747,0.5558022945940546
60.75684947953987,0.8290684755858062
60.76472055733228,0.7270054558177967
60.77259163512468,1.166949218470143
60.78046271291708,0.8836156924265454
60.78833379070948,1.0782593836938188
60.79620486850188,1.077426759786864
60.80407594629428,1.3310229037165442
60.81194702408668,0.028595352765799945
60.81981810187908,0.39158950209869003
60.82768917967148,0.8983670694026377
60.83556025746388,1.4321328761348409
60.84343133525629,0.4940739412642829
60.851302413048685,1.2853357921544728
60.85917349084108,1.1972116129866512
60.86704456863348,1.5794432785267494
60.87491564642588,1.3385277962441793
60.882786724218285,0.08595499398048372
60.890657802010686,0.012974027206465007
60.89852887980309,2.698093985322519
60.90639995759549,1.1968832275053047
60.91427103538789,0.14825929527087328
60.922142113180286,0.11009184513519461
60.93001319097269,0.2744796158016605
60.93788426876509,0.14736993918088684
60.94575534655749,0.1540025092279751
60.95362642434989,0.49529605365263313
60.96149750214229,0.15556289678155008
60.96936857993469,0.12702634679859343
60.97723965772709,0.6891994837249228
60.98511073551949,2.785953267177857
60.99298181331189,1.613052401068719
61.00085289110429,0.016568289404722172
61.008723968896696,5.5887483615776015
61.01659504668909,2.1313344522637476
61.02446612448149,2.5353535022263434
61.03233720227389,0.45283647913220937
61.040208280066295,3.5690285853720054e-05
61.0480793578587,0.4627702385265599
61.0559504356511,0.25627266845126745
61.0638215134435,0.43789663663005113
61.071692591235895,0.9996741374144786
61.079563669028296,0.10206468695666124
61.0874347468207,3.4844671308767143
61.0953058246131,0.1476645087007576
61.1031769024055,0.08875950306481607
61.1110479801979,0.6768540941458496
61.118919057990304,1.0514012009217744
61.1267901357827,0.8659975322642655
61.1346612135751,0.7406898484487728
61.1425322913675,0.0823893098932446
61.1504033691599,1.4245137004642703
61.15827444695231,0.31886532069492846
61.16614552474471,0.4200740928904899
61.17401660253711,2.7073231598634018
61.1818876803295,0.20290536213074675
61.189758758121904,3.9873296431079543
61.19762983591431,0.2745817960027121
61.20550091370671,2.958015036878552
61.21337199149911,1.0371737725985046
61.22124306929151,2.4208158390993524
61.22911414708391,1.69853286566518
61.23698522487631,0.8174189566813893
61.24485630266871,0.5728904627252713
61.25272738046111,1.1808887378826964
61.26059845825351,0.24872966860231177
61.26846953604591,0.18550641401627915
61.27634061383832,0.5888651590714985
61.28421169163072,0.19168165095845333
61.29208276942311,0.13204721267264646
61.29995384721551,1.1310145700004106
61.30782492500792,1.269556009039777
61.31569600280032,0.24690673663423157
61.32356708059272,0.31517646202562255
61.33143815838512,0.45967594008137763
61.33930923617751,0.3294887617541285
61.34718031396992,0.6775344711439354
61.35505139176232,0.28379637893079485
61.36292246955472,0.29875071292471317
61.37079354734712,1.3944738905160392
61.37866462513952,0.648860392890675
61.38653570293192,0.56365512982915
61.39440678072432,0.6653481710788058
61.40227785851672,0.07089448395711846
61.41014893630912,0.58939735171677
61.41802001410152,1.2216802889112335
61.42589109189392,2.730621766365087
61.433762169686325,0.21560813680983623
61.44163324747873,0.9824914858058236
61.44950432527112,1.403123786672567
61.45737540306352,0.039379188773046594
61.46524648085592,0.27713585074984504
61.473117558648326,0.9141529259744858
61.48098863644073,2.6098381397345904
61.48885971423313,0.3990884162441321
61.49673079202553,0.37694077037800783
61.504601869817925,0.16546327152548906
61.51247294761033,1.1652602707153181
61.52034402540273,1.1051047834460386
61.52821510319513,0.07237536179070662
61.53608618098753,2.9016723474409223
61.54395725877993,0.12696119639956097
61.551828336572335,0.17448116196878666
61.55969941436473,4.37097482580347
61.56757049215713,0.5427407824585387
61.57544156994953,0.06508500764722638
61.583312647741934,0.13568649879647532
61.591183725534336,0.5358342324909627
61.59905480332674,0.4913886860036086
61.60692588111914,0.001097275315350381
61.61479695891153,1.7982957296284436
61.622668036703935,0.07811445547774655
61.63053911449634,0.27758800120257365
61.63841019228874,1.4301922511126943
61.64628127008114,0.12199815446383781
61.65415234787354,0.781182648754037
61.66202342566594,0.40563922533937186
61.66989450345834,0.8537134093595156
61.67776558125074,0.677771738907778
61.68563665904314,0.5982733159196864
61.69350773683554,0.38746208623724654
61.70137881462794,0.4988064722355588
61.709249892420345,1.4875253654541514
61.71712097021274,0.6572471055442562
61.72499204800514,0.11301575185557661
61.73286312579754,0.8081348838021347
61.740734203589945,0.2796736767592658
61.748605281382346,2.5042997289142095
61.75647635917475,0.4053274284693644
61.76434743696715,0.014969626759326308
61.77221851475954,0.645455090843723
61.780089592551946,6.697007737179147
61.78796067034435,1.0377892320572304
61.79583174813675,0.24656554578594123
61.80370282592915,2.672506622754067
61.81157390372155,0.09992706479992006
61.81944498151395,1.0138101094714662
61.82731605930635,0.8608298310369529
61.83518713709875,0.3775769698372914
61.84305821489115,0.9066867719443822
61.85092929268355,0.33454747039510724
61.858800370475954,0.3602007225812633
61.86667144826836,0.02825943244118896
61.87454252606076,0.4078993149220325
61.88241360385315,0.880922643700885
61.890284681645554,0.0021909311871987653
61.89815575943796,3.68100286456746
61.90602683723036,0.22734126475690258
61.91389791502276,0.36305103279683715
61.92176899281516,1.5077075819069286
61.92964007060756,2.049384504629322
61.93751114839996,1.0249661148728002
61.94538222619236,0.39465755391756663
61.95325330398476,2.48671213128421
61.96112438177716,0.7129822353521997
61.96899545956956,0.9294107808349912
61.97686653736197,1.9582319758128777
61.984737615154366,0.9918273094130293
61.99260869294676,1.264880755865873
62.00047977073916,3.1634227596628572
62.00835084853156,2.209632516101901
62.016221926323965,1.1904091883625607
62.02409300411637,1.2511499052028505
62.03196408190877,0.08787846942898683
62.03983515970116,0.1631153584065379
62.04770623749357,0.3840581998389461
62.055577315285966,1.5340877940252262
62.06344839307837,0.08769187800515679
62.07131947087077,0.14096741284850983
62.07919054866317,1.5946746477643836
62.08706162645557,0.6790433055514039
62.09493270424797,0.41829269251907114
62.10280378204037,0.5174611241558986
62.11067485983277,0.3923987874678785
62.11854593762517,0.05589273457395412
62.12641701541757,2.5109015297786073
62.134288093209975,0.9367472110562507
62.142159171002376,0.1182969799528199
62.15003024879477,0.032759473876292494
62.15790132658717,0.2795424707586785
62.16577240437957,1.5258576969359936
62.173643482171975,1.2784175068828239
62.18151455996438,0.2696241296144698
62.18938563775678,0.3294116511611208
62.19725671554918,0.7358314568821053
62.205127793341575,0.182236935342826
62.212998871133976,4.131989375889121
62.22086994892638,2.994112433638247
62.22874102671878,0.70723338368763
62.23661210451118,4.668618568312287
62.24448318230358,0.7429709621308834
62.252354260095984,1.403638819086719
62.26022533788838,0.1287603229083323
62.26809641568078,1.0459141491647306
62.27596749347318,3.8854926428479657
62.28383857126558,0.3153128139492887
62.29170964905799,0.16098136713809252
62.29958072685039,0.3806343400314036
62.30745180464279,0.04648053498738541
62.31532288243518,0.015304660498689822
62.323193960227584,0.8846118577850638
62.33106503801999,0.1299675541212241
62.33893611581239,1.1475842539962982
62.34680719360479,1.118695330453057
62.35467827139719,3.4244932528068652
62.36254934918959,0.8036565829181731
62.37042042698199,0.25785874649222873
62.37829150477439,3.2332179374211925
62.38616258256679,0.47295826136133057
62.39403366035919,0.7176231988769373
62.40190473815159,1.8048298610877
62.409775815944,0.16697141705889315
62.41764689373639,0.7192054799789662
62.42551797152879,0.7048899713051289
62.43338904932119,1.2162656034382542
62.4412601271136,0.12679788542962614
62.449131204906,0.7557752797081245
62.4570022826984,0.7814447810622026
62.4648733604908,3.6428234589596857
62.47274443828319,0.8002939177823454
62.4806155160756,0.13524679111354543
62.488486593868,0.561070277364452
62.4963576716604,1.194859796457058
62.5042287494528,1.7648466311061666
62.5120998272452,1.7778322716162538
62.5199709050376,1.7360409770714755
62.52784198283,0.3543407833065985
62.5357130606224,1.293191783769332
62.5435841384148,3.6928389229070833
62.5514552162072,0.9175970499853942
62.5593262939996,0.9858685097118148
62.567197371792005,4.3102718974314085
62.57506844958441,0.1749340924550151
62.5829395273768,1.7975578047624683
62.5908106051692,4.018363886745149
62.598681682961605,0.033449047898251726
62.606552760754006,0.783635570580667
62.61442383854641,1.6677670236639777
62.62229491633881,0.719899062337462
62.63016599413121,1.3531561963976593
62.638037071923605,0.12056268800231934
62.64590814971601,0.050096618507509
62.65377922750841,0.9658784045757836
62.66165030530081,0.9588823739165994
62.66952138309321,0.5467080568204306
62.67739246088561,0.06765520439802458
62.68526353867801,0.8379867756225465
62.69313461647041,0.9739944778655986
62.70100569426281,0.2665549518610308
62.70887677205521,0.05776349850096293
62.716747849847614,0.47409217045863083
62.724618927640016,1.4030101712750884
62.73249000543242,0.7992100518841181
62.74036108322481,0.1122457252016796
62.748232161017214,0.13963982338508185
62.756103238809615,0.13329429019731134
62.76397431660202,0.4174588001858706
62.77184539439442,0.8431333027316332
62.77971647218682,0.16382842278432597
62.78758754997922,1.0897017668159936
62.795458627771616,1.5079413274478972
62.80332970556402,0.0394130341274386
62.81120078335642,0.3932881830019128
62.81907186114882,0.48322812118795005
62.82694293894122,1.3720336904420884
62.83481401673362,1.8684597478659561
62.842685094526026,0.8249731628483296
62.85055617231842,0.41484654550154115
62.85842725011082,1.3369567054248317
62.86629832790322,0.8074063937490187
62.874169405695625,0.06075843997552658
62.882040483488026,0.18765459690511055
62.88991156128043,1.4364124240083322
62.89778263907283,1.1246829080015182
62.90565371686522,0.3292368173913419
62.913524794657626,1.39165064186965
62.92139587245003,1.174895602386877
62.92926695024243,0.6006302964835253
62.93713802803483,1.0116233079156252
62.94500910582723,1.1314589309478023
62.952880183619634,1.7113173599055023
62.96075126141203,0.3424333770289905
62.96862233920443,0.22204084951151978
62.97649341699683,0.7281511504311861
62.98436449478923,2.2998481029620392
62.99223557258164,0.6138624934498054
63.00010665037404,0.476319575847994
63.00797772816643,3.0297280258715817
63.01584880595883,2.4632440613822872
63.023719883751234,1.7456728994794226
63.03159096154364,1.48198209114619
63.03946203933604,1.6872416708152884
63.04733311712844,1.0426406563762132
63.05520419492084,0.05297918064127009
63.06307527271324,1.4971676777752223
63.07094635050564,0.8809093931368458
63.07881742829804,0.15225034118778735
63.08668850609044,0.21387842440821817
63.09455958388284,0.46805626259945887
63.10243066167524,1.3399915259600448
63.11030173946765,0.47586542666378945
63.11817281726004,0.5801899976762968
63.12604389505244,0.5113022896138871
63.13391497284484,0.4806043093307654
63.14178605063724,0.7651388235230961
63.149657128429645,0.0470186680832173
63.15752820622205,0.13237959819209275
63.16539928401445,2.380480741472849
63.17327036180684,0.28589660353312557
63.18114143959925,0.837167795300747
63.189012517391646,3.4819603171507088
63.19688359518405,0.028388715926112546
63.20475467297645,4.584710180873949
63.21262575076885,0.831262579821761
63.22049682856125,2.118898082442486
63.22836790635365,1.2276432602314435
63.23623898414605,0.38858642187354603
63.24411006193845,0.9109707226684258
63.25198113973085,4.295724067651591
63.25985221752325,2.202955688222033
63.267723295315655,0.05515319088465254
63.275594373108056,0.9594165618580629
63.28346545090045,2.5261933803240106
63.29133652869285,0.35263664106718573
63.29920760648525,0.20294301991511626
63.307078684277656,3.2120858727937605
63.31494976207006,0.367734951164539
63.32282083986246,0.07581104203847995
63.33069191765485,0.5431745110201117
63.338562995447255,1.5864152581150248
63.34643407323966,1.2476018721445703
63.35430515103206,1.0868285010514718
63.36217622882446,1.63339246246842
63.37004730661686,2.9284987369271667
63.37791838440926,0.8135469526884105
63.38578946220166,0.4926850254106241
63.39366053999406,0.12282100233527982
63.40153161778646,1.5059404252419097
63.40940269557886,0.6175243387490806
63.417273773371264,0.33558149444865243
63.42514485116367,0.6474479810424492
63.43301592895607,1.3723716293587658
63.44088700674846,4.585543062659086
63.44875808454086,0.5698042341163844
63.45662916233327,0.3064330318254494
63.46450024012567,0.12431184892065648
63.47237131791807,0.2872737636780989
63.48024239571047,0.18134261006079294
63.48811347350287,0.7456956089862924
63.49598455129527,0.42397138340212276
63.50385562908767,0.3238936730979123
63.51172670688007,1.938186315617097
63.51959778467247,0.5099948927278275
63.52746886246487,0.7962268883687246
63.53533994025727,1.2047986591773894
63.54321101804968,0.07307271959700641
63.55108209584207,0.7836802777822303
63.55895317363447,0.7849226793098716
63.56682425142687,0.7830149187259515
63.57469532921928,0.6842897815987059
63.58256640701168,1.4852019355654444
63.59043748480408,0.11698951985575617
63.59830856259648,0.29344865235407663
63.60617964038887,2.7633617012320455
63.61405071818128,0.6803796880837584
63.62192179597368,0.45010083508372123
63.62979287376608,0.1133741927142123
63.63766395155848,2.5013063419543196
63.64553502935088,0.9026533403994614
63.65340610714328,0.4911645875260671
63.66127718493568,0.07713198309160382
63.66914826272808,3.5385862508284958
63.67701934052048,1.9587037287493028
63.68489041831288,2.2854823199859746
63.69276149610528,0.5186748058530363
63.700632573897686,0.1571391916715567
63.70850365169008,0.5234406760663582
63.71637472948248,0.38573357261312324
63.72424580727488,0.8662926982912529
63.732116885067285,0.1252582770637109
63.739987962859686,0.08879969346111193
63.74785904065209,0.6759887658597338
63.75573011844449,1.3978003520771531
63.76360119623688,1.7297670364510767
63.771472274029286,1.6438726013002118
63.77934335182169,0.9692338760346974
63.78721442961409,0.6744855109441705
63.79508550740649,3.7566801234148515
63.80295658519889,2.132072043140261
63.810827662991294,0.4088508138540811
63.81869874078369,0.8567702892536416
63.82656981857609,0.5492647012323885
63.83444089636849,1.306267476241909
63.84231197416089,1.6523589870473254
63.850183051953294,1.731554395428656
63.858054129745696,1.1165257246064864
63.8659252075381,2.579211409581104
63.87379628533049,0.4895485096438804
63.881667363122894,2.6997595539331676
63.889538440915295,0.7800639961517162
63.8974095187077,0.5138093105948425
63.9052805965001,0.25554972448313396
63.9131516742925,0.9644553891179334
63.9210227520849,0.28760140969671777
63.928893829877296,0.9954356941458192
63.9367649076697,0.29626322853073817
63.9446359854621,1.0105119669608926
63.9525070632545,1.2500133625260952
63.9603781410469,0.7522792461628036
63.9682492188393,0.7232335408088987
63.976120296631706,1.6909475963872003
63.9839913744241,1.49179382597094
63.9918624522165,0.13343401661365378
63.9997335300089,0.21119428754611103
64.0076046078013,0.27863414179109935
64.0154756855937,0.06134356849635764
64.0233467633861,0.9302411979710398
64.0312178411785,1.5889020168639931
64.0390889189709,1.5932936229180303
64.0469599967633,1.1838695037122315
64.05483107455571,1.0928683493371651
64.06270215234811,2.0542253866108195
64.07057323014051,2.1933882831564957
64.07844430793291,5.444705668536673
64.08631538572531,0.8833699228843556
64.09418646351772,1.5647609638610178
64.10205754131012,2.4767253506483526
64.10992861910252,0.6590059254896738
64.1177996968949,0.26479077889210345
64.12567077468731,0.7146797200994691
64.13354185247971,0.8350090186528263
64.14141293027211,1.8451876625102903
64.14928400806451,1.323936536484435
64.15715508585691,0.5626669828963526
64.16502616364932,0.9793791615235938
64.17289724144172,0.9987883920909667
64.18076831923412,2.719128527883147
64.18863939702652,2.3706527206723313
64.19651047481892,1.4906004123152592
64.20438155261132,0.36777693744965806
64.21225263040373,1.2581787749859459
64.22012370819611,0.751183074388456
64.22799478598851,0.4243698284249932
64.23586586378092,1.4280148951885787
64.24373694157332,0.2771678912832178
64.25160801936572,0.44611534285505533
64.25947909715812,1.8686871863111978
64.26735017495052,1.6698658747318644
64.27522125274292,0.40170051184577255
64.28309233053533,1.5052450927958385
64.29096340832773,2.523723224401019
64.29883448612013,1.4655995878780483
64.30670556391253,0.17863923517108043
64.31457664170493,0.7809293903073263
64.32244771949733,0.04793221369796751
64.33031879728972,0.18991530568841242
64.33818987508212,0.12389167837234599
64.34606095287452,0.10314843830692953
64.35393203066693,0.026963638076108142
64.36180310845933,0.05757444228849549
64.36967418625173,0.28892398239851347
64.37754526404413,0.7296029671251779
64.38541634183653,1.068670719284264
64.39328741962893,0.181743504322149
64.40115849742133,2.8020908050774485
64.40902957521374,0.564813397745908
64.41690065300614,0.07169836133970084
64.42477173079854,1.0793524989309777
64.43264280859094,1.597178076139137
64.44051388638333,0.8137481067938044
64.44838496417573,0.7512321109979521
64.45625604196813,0.13438054304498162
64.46412711976053,2.1151461955857855
64.47199819755294,2.05576784791119
64.47986927534534,0.37974449838994595
64.48774035313774,0.7565740742548819
64.49561143093014,0.5793945724597775
64.50348250872254,0.32200872674701997
64.51135358651494,1.2578585628903847
64.51922466430734,0.08194821309571412
64.52709574209975,0.2845292636335014
64.53496681989215,2.4428884829656
64.54283789768454,0.24056654356950793
64.55070897547694,0.031907139999364245
64.55858005326934,1.0365281777640936
64.56645113106174,2.4234333591803985
64.57432220885414,1.6784150167296392
64.58219328664654,0.42051380049280285
64.59006436443894,1.4750548571737836
64.59793544223135,2.075719021266856
64.60580652002375,0.7015375278653354
64.61367759781615,0.3296329341546794
64.62154867560855,0.11561673639202089
64.62941975340095,0.10770912643873158
64.63729083119335,0.41354150390013483
64.64516190898576,0.15383319816841348
64.65303298677814,2.0313296978416524
64.66090406457054,0.6905976519155347
64.66877514236295,0.6511548985700855
64.67664622015535,0.45097054807568054
64.68451729794775,1.565588677300505
64.69238837574015,1.3100134586241494
64.70025945353255,3.521736943852961
64.70813053132495,0.1651515213706106
64.71600160911736,0.6121846074286311
64.72387268690976,0.5753052462506347
64.73174376470216,0.9427523736787176
64.73961484249456,1.3255966271758346
64.74748592028696,0.4720414463229615
64.75535699807936,1.662075166274051
64.76322807587175,0.27688471191517594
64.77109915366415,0.47458140286495093
64.77897023145655,1.3475157433673963
64.78684130924896,1.0860251875686457
64.79471238704136,0.30585818017606886
64.80258346483376,0.11116237008285401
64.81045454262616,0.10459207734631151
64.81832562041856,0.10211219065035838
64.82619669821096,0.27545375202770717
64.83406777600337,0.2510388212967588
64.84193885379577,0.6852576064140038
64.84980993158817,0.9486280525184522
64.85768100938057,0.07389724994197314
64.86555208717296,2.0450166410848896
64.87342316496536,0.5426214382352459
64.88129424275776,1.0555243756890362
64.88916532055016,1.1526785989380208
64.89703639834256,0.17422174246759672
64.90490747613497,0.3548459654842152
64.91277855392737,1.714904132034631
64.92064963171977,1.48943703885136
64.92852070951217,1.7710447418567874
64.93639178730457,0.21754690051141537
64.94426286509697,0.026543063215633537
64.95213394288938,2.8380984579128334
64.96000502068178,2.402425954577994
64.96787609847418,0.691391994694495
64.97574717626657,0.5941835298017778
64.98361825405897,1.7816576315478718
64.99148933185137,0.27489775898607105
64.99936040964377,0.6243793237867981
65.00723148743617,0.06961736652622828
65.01510256522857,3.379607875046375
65.02297364302098,1.5803838230331224
65.03084472081338,0.6350573160854388
65.03871579860578,0.2988222400038482
65.04658687639818,0.2739367755372341
65.05445795419058,0.19838457660079506
65.06232903198298,2.9810704731189723
65.07020010977539,0.4382216584698867
65.07807118756779,0.04745397689955385
65.08594226536017,0.7809761165510277
65.09381334315258,0.21614916936430636
65.10168442094498,0.33731441057873524
65.10955549873738,0.714484131502164
65.11742657652978,0.622275347938062
65.12529765432218,0.9849565975265345
65.13316873211458,0.17543355727783158
65.14103980990699,1.186992892243871
65.14891088769939,0.048815216711566176
65.15678196549179,0.8392577602396594
65.16465304328419,0.1806580929034933
65.17252412107659,0.38808259796262523
65.180395198869,0.16378400436452092
65.18826627666138,0.06729882732918656
65.19613735445378,1.168029903778477
65.20400843224618,0.13024189729085073
65.21187951003859,0.40025770948893913
65.21975058783099,2.0318893631585553
65.22762166562339,0.10867403911434499
65.23549274341579,0.343046432647371
65.24336382120819,0.17641951930179786
65.2512348990006,0.2645276178812353
65.259105976793,0.8915770962108513
65.2669770545854,0.6138102627263536
65.2748481323778,0.18246737469593513
65.2827192101702,0.07370264142682469
65.2905902879626,0.09253314787250308
65.29846136575499,1.7347457472349423
65.30633244354739,0.07090478355800908
65.31420352133979,0.7548747495851207
65.3220745991322,0.36654067919115924
65.3299456769246,1.4625894286021686
65.337816754717,0.039424510374959386
65.3456878325094,0.08900197902876693
65.3535589103018,1.0467966415385974
65.3614299880942,0.041236612534254286
65.3693010658866,0.25002339749413816
65.377172143679,0.8259452911828826
65.3850432214714,3.9160968012130355
65.39291429926381,1.1287818760698916
65.40078537705621,0.4238517202576597
65.4086564548486,1.7347126312147543
65.416527532641,1.6911411391023672
65.4243986104334,0.750071882471208
65.4322696882258,0.04607962548939903
65.4401407660182,0.6280958374719944
65.4480118438106,3.8142194981566955
65.455882921603,0.031473024410506374
65.46375399939541,1.9945926012782071
65.47162507718781,0.388004774143813
65.47949615498021,0.46582795808397975
65.48736723277261,0.2374937232082511
65.49523831056501,0.030736632707450362
65.50310938835742,4.222352360073681
65.5109804661498,0.5745088140023799
65.5188515439422,0.8969864703154714
65.5267226217346,8.084095844117373
65.53459369952701,0.17151790316792068
65.54246477731941,0.34954569691192083
65.55033585511181,2.1829985433086363
65.55820693290421,3.6227325723183026
65.56607801069661,0.3390776989994791
65.57394908848902,0.1270462505308585
65.58182016628142,1.5791321996621528
65.58969124407382,0.343099771318543
65.59756232186622,1.154819072383834
65.60543339965862,0.4748142984183816
65.61330447745102,0.3560957689903924
65.62117555524341,0.6274122012215828
65.62904663303581,0.822228897992878
65.63691771082821,0.5778808321720785
65.64478878862062,0.46205765582810776
65.65265986641302,0.39505372634873653
65.66053094420542,0.6468487994282387
65.66840202199782,0.2056784888383154
65.67627309979022,0.060150774447037564
65.68414417758262,0.4398151966514045
65.69201525537503,0.04357792139114577
65.69988633316743,0.6514043004771851
65.70775741095983,0.013691915668294202
65.71562848875223,0.40705751011077707
65.72349956654463,0.35980520630916196
65.73137064433702,0.6866756249505482
65.73924172212942,1.3286814579791886
65.74711279992182,0.234720263475907
65.75498387771422,0.4040411041687474
65.76285495550663,0.005435911077098871
65.77072603329903,1.3403136748913327
65.77859711109143,2.186642640605316
65.78646818888383,0.2751912755670345
65.79433926667623,0.5577432274002531
65.80221034446863,2.1635578240925004
65.81008142226104,0.9354590771817936
65.81795250005344,1.3511007875214591
65.82582357784584,1.2861945986045475
65.83369465563823,0.23512439737610927
65.84156573343063,0.8365834956333369
65.84943681122303,0.28993630239631696
65.85730788901543,0.6691313564667867
65.86517896680783,0.321578802043224
65.87305004460023,0.027029766251785766
65.88092112239264,0.940935978259392
65.88879220018504,2.004308318897165
65.89666327797744,1.135125040592724
65.90453435576984,0.9545346109067797
65.91240543356224,0.8104954551588699
65.92027651135464,0.7178824995763834
65.92814758914704,0.017034139658146798
65.93601866693945,0.1266773348090822
65.94388974473183,0.31355691495008675
65.95176082252424,2.8082682470569273
65.95963190031664,0.38126370990766484
65.96750297810904,3.3355189300360983
65.97537405590144,0.754641630083844
65.98324513369384,0.3099020456376467
65.99111621148624,0.1414701425692362
65.99898728927865,0.402723560001356
66.00685836707105,0.8702614716883859
66.01472944486345,2.3906986065481735
66.02260052265585,0.21359798129454313
66.03047160044825,0.5915095594321991
66.03834267824065,0.6719669151023606
66.04621375603305,0.03453132577221265
66.05408483382544,0.9645338240364572
66.06195591161784,0.6112396712925207
66.06982698941025,0.2690497497365458
66.07769806720265,3.5116111473581477
66.08556914499505,0.20905764257436935
66.09344022278745,0.5908730230623948
66.10131130057985,0.7937138514227523
66.10918237837225,0.5716138787380313
66.11705345616465,0.8446856189270867
66.12492453395706,2.1579966395939727
66.13279561174946,0.14395361772464993
66.14066668954186,0.8292882917219755
66.14853776733426,1.9444380546461724
66.15640884512665,2.4837728659357063
66.16427992291905,4.344307997295972
66.17215100071145,0.5343185190631474
66.18002207850385,0.49587741045092004
66.18789315629625,2.561318892810321
66.19576423408866,0.01856041399619555
66.20363531188106,0.06086825949376696
66.21150638967346,0.3350236872119104
66.21937746746586,0.19254170106960106
66.22724854525826,0.21104656755260792
66.23511962305066,1.2472350302270956
66.24299070084307,1.849844003144859
66.25086177863547,0.8043464554887055
66.25873285642787,0.8395818746638612
66.26660393422026,0.9735227898989591
66.27447501201266,0.9485606225637945
66.28234608980506,0.43338834359812733
66.29021716759746,0.016470750733773777
66.29808824538986,3.3058000489588704
66.30595932318226,0.15361444840263597
66.31383040097467,0.6438795799847731
66.32170147876707,0.07278058501355673
66.32957255655947,0.5294817472382685
66.33744363435187,2.074448822715953
66.34531471214427,0.04650061635795282
66.35318578993667,0.11899103992880178
66.36105686772908,0.09604036188823147
66.36892794552148,0.5557217729641353
66.37679902331386,1.9417313353669674
66.38467010110627,0.14167543112343775
66.39254117889867,1.5595746974213853
66.40041225669107,0.6595626642875972
66.40828333448347,0.46863572448801355
66.41615441227587,3.344864091465675
66.42402549006827,4.132742058019708
66.43189656786068,0.13839792592484804
66.43976764565308,0.44843931186018166
66.44763872344548,0.2633124005079227
66.45550980123788,3.2727980095353253
66.46338087903028,2.435249392057553
66.47125195682268,0.6002690485755453
66.47912303461509,1.9748940510909316
66.48699411240747,0.11794272712930726
66.49486519019987,0.034510103808993345
66.50273626799228,0.7931371339547174
66.51060734578468,0.43060920124993196
66.51847842357708,0.9128420621885904
66.52634950136948,0.15591152060647953
66.53422057916188,0.23357785679904622
66.54209165695428,0.11382164369504448
66.54996273474669,0.5964618670243996
66.55783381253909,1.837472029342177
66.56570489033149,0.30977960278564615
66.57357596812389,0.3595288035293657
66.58144704591629,1.8833849755993122
66.58931812370868,1.8688496812879856
66.59718920150108,1.0498920913039063
66.60506027929348,0.7149845561844214
66.61293135708588,0.7008450873074921
66.62080243487829,0.05687632026872794
66.62867351267069,0.48268959366525205
66.63654459046309,0.12260574080098194
66.64441566825549,1.1682755199020978
66.65228674604789,1.8141473327297046
66.6601578238403,0.05206146443137161
66.6680289016327,0.5976113453195805
66.6758999794251,0.18676703742518896
66.6837710572175,0.7056086304082033
66.6916421350099,0.049904751748821155
66.69951321280229,0.28778146657711334
66.70738429059469,1.857467294294488
66.71525536838709,0.7125440822810913
66.72312644617949,2.2757526699914767
66.7309975239719,0.2677377035987326
66.7388686017643,0.26217675558466386
66.7467396795567,0.31386953512154486
66.7546107573491,0.9961985915758266
66.7624818351415,0.3105586411627754
66.7703529129339,0.8819188204139042
66.7782239907263,0.3884703205923986
66.7860950685187,0.7129005303156185
66.7939661463111,0.08414203095699356
66.80183722410351,0.13250147460874878
66.8097083018959,0.09250328044414215
66.8175793796883,0.3357114018229883
66.8254504574807,1.0032883523216942
66.8333215352731,0.009890135921331328
66.8411926130655,0.22822187676409394
66.8490636908579,0.02472627379734764
66.8569347686503,0.5498294708345851
66.8648058464427,0.5168144626252085
66.87267692423511,0.34864573952962985
66.88054800202751,0.3253606050579709
66.88841907981991,0.5904251525249574
66.89629015761231,1.0080938319404953
66.90416123540471,0.1890291696121903
66.9120323131971,0.09731108045363461
66.9199033909895,0.05590017628670511
66.9277744687819,1.0569383263149223
66.9356455465743,5.523454737364367
66.94351662436671,2.3059160553031344
66.95138770215911,1.530991735178183
66.95925877995151,1.025158801196024
66.96712985774391,0.8435914354164353
66.97500093553631,0.44072436469436693
66.98287201332872,0.4158521272399741
66.99074309112112,0.5210306161640775
66.99861416891352,0.5035808598144657
67.00648524670592,0.22189055254732917
67.01435632449832,0.6848862432964392
67.02222740229071,0.504117140008915
67.03009848008311,0.8161802092921424
67.03796955787551,0.14122377973315892
67.04584063566791,0.6184141164629386
67.05371171346032,1.1052736264356091
67.06158279125272,0.12137215006769121
67.06945386904512,0.13233938302852924
67.07732494683752,1.3643697964782155
67.08519602462992,1.7038558730800815
67.09306710242232,1.3060773709156197
67.10093818021473,4.03912146667524
67.10880925800713,0.905065510730336
67.11668033579953,0.15349013693937927
67.12455141359193,0.8014301524617929
67.13242249138432,3.477431307748204
67.14029356917672,0.6191856121331687
67.14816464696912,0.9419406272278302
67.15603572476152,3.412054499844391
67.16390680255392,5.444039851032649
67.17177788034633,0.2186133175588967
67.17964895813873,0.7626675311750929
67.18752003593113,0.7616276872571898
67.19539111372353,0.29295119750682896
67.20326219151593,0.11490507051260675
67.21113326930833,0.20900913435013738
67.21900434710074,0.1640864950793043
67.22687542489314,0.12823241914900482
67.23474650268552,0.23964615700058634
67.24261758047793,0.22578051875754807
67.25048865827033,0.18650844962154306
67.25835973606273,0.1487565146500121
67.26623081385513,0.07161591118003663
67.27410189164753,0.4265473272667186
67.28197296943993,0.6608337785103414
67.28984404723234,0.606730814919384
67.29771512502474,1.8829516729937843
67.30558620281714,1.2601984566508373
67.31345728060954,2.033525314515638
67.32132835840194,0.10480871997532361
67.32919943619434,3.5949526762261192
67.33707051398675,0.4535892642562319
67.34494159177913,0.5145998250211002
67.35281266957153,0.03589626230822545
67.36068374736394,0.4391889001756962
67.36855482515634,0.2980288967841502
67.37642590294874,0.0334864814000965
67.38429698074114,0.8002351336189333
67.39216805853354,0.8344783519073046
67.40003913632594,1.9303290784707812
67.40791021411835,0.2502309079789588
67.41578129191075,4.267177791770594
67.42365236970315,1.4379978590483908
67.43152344749555,3.539661872847577
67.43939452528795,1.773741473705229
67.44726560308035,2.2430797090274983
67.45513668087274,0.06001315669861745
67.46300775866514,0.16670539880764415
67.47087883645754,1.2920407995196528
67.47874991424995,0.15688870874238786
67.48662099204235,0.010369152023708262
67.49449206983475,1.0945873331955032
67.50236314762715,0.041492413671637626
67.51023422541955,0.12824915957076308
67.51810530321195,0.3248904361146152
67.52597638100436,0.15560166826286054
67.53384745879676,0.15689058494134347
67.54171853658916,0.4335197140221058
67.54958961438156,0.38440337237322314
67.55746069217395,0.5633207572752473
67.56533176996635,2.037641875495778
67.57320284775875,0.6971521150170916
67.58107392555115,1.4679528049304147
67.58894500334355,4.511813900086145
67.59681608113596,1.4286100104025221
67.60468715892836,0.03483361974662946
67.61255823672076,2.95924094552432
67.62042931451316,2.4517909241684523
67.62830039230556,0.1288444919597945
67.63617147009796,3.4716775533121167
67.64404254789036,2.1953140958437265
67.65191362568277,2.3129389121763007
67.65978470347517,0.6796761406599479
67.66765578126756,0.9791835144406761
67.67552685905996,0.6865587690378995
67.68339793685236,1.5570460549631222
67.69126901464476,0.052837359206669716
67.69914009243716,1.5963243109980405
67.70701117022956,2.3277622434977676
67.71488224802196,0.5612172474579833
67.72275332581437,0.3770909953905989
67.73062440360677,0.164050700553022
67.73849548139917,0.28514106188961097
67.74636655919157,0.07436708477695952
67.75423763698397,2.1955009012534052
67.76210871477637,1.7730766408603509
67.76997979256878,2.524650922285478
67.77785087036116,0.7443682810746164
67.78572194815357,0.1162260723347936
67.79359302594597,0.8167183166034648
67.80146410373837,5.352953471835406
67.80933518153077,2.1364378577170178
67.81720625932317,1.4251510206741829
67.82507733711557,1.4010478666039627
67.83294841490797,2.189555280278969
67.84081949270038,2.2555947610925378
67.84869057049278,1.2778206270518948
67.85656164828518,0.27925730892672546
67.86443272607758,2.104586706591694
67.87230380386998,0.9746117889746614
67.88017488166237,0.06622739579840041
67.88804595945477,0.235289443156431
67.89591703724717,1.9530848474132503
67.90378811503957,0.8927186217973273
67.91165919283198,1.1567236377707182
67.91953027062438,0.1975796273242465
67.92740134841678,0.0909568700871653
67.93527242620918,3.1695938897596223
67.94314350400158,3.002561488981408
67.95101458179398,0.20284575175900027
67.95888565958639,0.006464451309999447
67.96675673737879,0.415595831611141
67.97462781517119,0.4617327564016557
67.98249889296359,0.009811271397047992
67.99036997075598,0.656250097733908
67.99824104854838,0.42368875775170506
68.00611212634078,0.7060353825077279
68.01398320413318,0.3392593001004736
68.02185428192558,0.06198510598678927
68.02972535971799,0.040063560438699596
68.03759643751039,0.2625562921721174
68.04546751530279,2.4037154848300712
68.05333859309519,0.33224073008691446
68.06120967088759,0.09358244139184646
68.06908074868,0.09881649639489792
68.0769518264724,0.06665777688966508
68.0848229042648,0.9638967079850185
68.0926939820572,0.5937596062019094
68.10056505984959,0.7313030949169286
68.10843613764199,1.2374981572138928
68.11630721543439,1.8837185889079353
68.12417829322679,0.14661103232186906
68.13204937101919,0.22099245136643356
68.1399204488116,0.1715623608363663
68.147791526604,0.8323776133578764
68.1556626043964,0.09129103464435218
68.1635336821888,0.5463339410680907
68.1714047599812,0.47536643719264576
68.1792758377736,2.727875096285212
68.187146915566,0.017524773491436735
68.1950179933584,0.9808549585575218
68.20288907115079,0.04533284332042965
68.2107601489432,0.4343564195902208
68.2186312267356,0.5836653593745292
68.226502304528,0.7664240177402308
68.2343733823204,0.6546863231329663
68.2422444601128,0.4242826899894275
68.2501155379052,0.5112305226721313
68.2579866156976,0.3138567421251298
68.26585769349,1.5398375282076646
68.2737287712824,0.17018810382179242
68.28159984907481,0.12767940889982826
68.28947092686721,0.6506121580704619
68.29734200465961,0.43711008831750264
68.30521308245201,0.2587058998462472
68.3130841602444,0.8790019588303177
68.3209552380368,0.5277762367996599
68.3288263158292,0.38461088129487686
68.3366973936216,0.21914725345645472
68.34456847141401,1.4031563995094911
68.35243954920641,0.7543211306687123
68.36031062699881,0.1636221699895903
68.36818170479121,0.7477989686999813
68.37605278258361,0.28348115950124025
68.38392386037602,3.0248555688151892
68.39179493816842,2.302112280841803
68.39966601596082,0.26102136120197933
68.40753709375322,3.69814306521235
68.41540817154562,0.2061188319400941
68.42327924933801,1.6584544895674946
68.43115032713041,0.6112555785489258
68.43902140492281,0.8172598063897332
68.44689248271521,0.28171400410764585
68.45476356050762,1.1216967962707949
68.46263463830002,0.03020260220723831
68.47050571609242,0.3233567165725696
68.47837679388482,1.3745194392050684
68.48624787167722,0.8560900365584234
68.49411894946962,1.0809265151997942
68.50199002726202,0.4267039085016025
68.50986110505443,0.5039143922367106
68.51773218284683,0.4694214235361768
68.52560326063922,0.8789664305668635
68.53347433843162,0.2979657050678927
68.54134541622402,0.11246346516050881
68.54921649401642,0.0645037341267649
68.55708757180882,0.3824914471300581
68.56495864960122,1.110739584217803
68.57282972739362,3.0066943054282205
68.58070080518603,0.6253031208950498
68.58857188297843,1.8333304333737728
68.59644296077083,0.2367384472421304
68.60431403856323,0.17729702837647082
68.61218511635563,0.8656326689802545
68.62005619414803,0.524174637605918
68.62792727194044,1.3965323241885357
68.63579834973282,0.13125277127266877
68.64366942752523,0.14453651409561105
68.65154050531763,0.004880941257120987
68.65941158311003,0.19210541216505927
68.66728266090243,0.06669135955776243
68.67515373869483,0.6039984361282688
68.68302481648723,1.466114254327517
68.69089589427963,1.0402430201107176
68.69876697207204,1.6114769318460174
68.70663804986444,0.27341533128959067
68.71450912765684,0.3537449258789702
68.72238020544924,2.084019898973144
68.73025128324164,1.3644167885370393
68.73812236103404,1.569153161666853
68.74599343882643,1.0549556494953005
68.75386451661883,0.5427428439982213
68.76173559441123,1.724738195134308
68.76960667220364,0.582530654948936
68.77747774999604,0.6136030272754314
68.78534882778844,1.121943255394305
68.79321990558084,0.5272330230883728
68.80109098337324,2.843446892916186
68.80896206116564,0.9525819712011636
68.81683313895805,0.08777514623010359
68.82470421675045,0.774028637517091
68.83257529454285,0.5457245145009392
68.84044637233525,0.8123291976786225
68.84831745012764,0.2847809522726992
68.85618852792004,0.020918791992705268
68.86405960571244,1.7645639156466177
68.87193068350484,0.29486937130233215
68.87980176129724,2.8648278969132726
68.88767283908965,0.6263389441195937
68.89554391688205,0.07164681906353873
68.90341499467445,0.09369915760792183
68.91128607246685,0.12256830393523309
68.91915715025925,0.15116659962389764
68.92702822805165,0.03760334032195969
68.93489930584406,0.16443664184384896
68.94277038363646,0.5445282585247443
68.95064146142886,0.005270438910736906
68.95851253922125,1.2947990684281296
68.96638361701365,0.2721581767867303
68.97425469480605,1.2819172031523982
68.98212577259845,1.103138533067652
68.98999685039085,0.3245322348264745
68.99786792818325,0.22297322248762544
69.00573900597566,2.3619800416399004
69.01361008376806,1.1426579242100299
69.02148116156046,0.7492270427527183
69.02935223935286,0.019500685762489072
69.03722331714526,0.08015976916882364
69.04509439493766,0.22510369171645198
69.05296547273007,1.370694575708583
69.06083655052247,0.2103763508086955
69.06870762831485,0.6721191324907364
69.07657870610726,0.7068958849315343
69.08444978389966,0.5684982520729228
69.09232086169206,1.1352614573072326
69.10019193948446,0.1959758712268567
69.10806301727686,1.7831413688836824
69.11593409506926,0.3505649895630314
69.12380517286167,0.8280974057050023
69.13167625065407,0.5634429937642179
69.13954732844647,1.0573245047376925
69.14741840623887,1.2646824023088108
69.15528948403127,0.27593711091235645
69.16316056182367,0.22033532010818488
69.17103163961606,1.524246833294352
69.17890271740846,2.6543475443754363
69.18677379520086,0.3491250203044404
69.19464487299327,0.5941441922405442
69.20251595078567,1.0980385617342165
69.21038702857807,0.14447216426491863
69.21825810637047,0.484075372951683
69.22612918416287,0.2428988903635982
69.23400026195527,0.05056933011736566
69.24187133974768,1.95403953903777
69.24974241754008,1.9881429268524233
69.25761349533248,0.8205502526374935
69.26548457312488,0.42306437237854905
69.27335565091728,0.4928132666061975
69.28122672870967,0.11035465516574167
69.28909780650207,0.33953798319222384
69.29696888429447,2.218199904883718
69.30483996208687,0.6841320200135498
69.31271103987928,0.13859067409347728
69.32058211767168,0.4916731465730187
69.32845319546408,1.350143178053321
69.33632427325648,0.25588333073755126
69.34419535104888,2.513898544898868
69.35206642884128,1.0752893963475687
69.35993750663368,4.6742200689009765
69.36780858442609,2.1029788519993207
69.37567966221849,0.14747224487789373
69.38355074001089,1.7271932145161768
69.39142181780328,0.22809326349723755
69.39929289559568,4.3952548647051914
69.40716397338808,2.9890817362990783
69.41503505118048,0.8292556014977068
69.42290612897288,1.886722151212334
69.43077720676528,1.2486294322096412
69.43864828455769,7.757971452282018
69.44651936235009,3.1713002819593994
69.45439044014249,1.6635690992610093
69.46226151793489,0.1929449437123521
69.47013259572729,1.010664808141667
69.4780036735197,0.16859254821572092
69.4858747513121,1.1783317123887282
69.49374582910448,0.05593390157329485
69.50161690689688,2.3558398543759735
69.50948798468929,1.1944646058758304
69.51735906248169,0.18246666464584435
69.52523014027409,0.2399549750075551
69.53310121806649,1.166155479318828
69.5409722958589,2.5368914291628992
69.5488433736513,1.9163268063009662
69.5567144514437,0.2302301253211559
69.5645855292361,0.4442934718358474
69.5724566070285,0.9778061231445603
69.5803276848209,0.7155565972553632
69.5881987626133,0.03657526295310543
69.5960698404057,0.728942763356027
69.60394091819809,0.35374586579117984
69.6118119959905,0.10665884894874515
69.6196830737829,0.45525881987604055
69.6275541515753,1.2321526228703443
69.6354252293677,0.5082023004601821
69.6432963071601,1.5977871902026552
69.6511673849525,1.5999866238933453
69.6590384627449,0.08372734437101945
69.6669095405373,0.4591671921061895
69.6747806183297,1.0658272081871878
69.68265169612211,1.1669504136711026
69.69052277391451,1.3745698913261726
69.69839385170691,0.23892511178011103
69.70626492949931,0.33904068110200763
69.7141360072917,1.6631267126728835
69.7220070850841,0.053124142404266675
69.7298781628765,4.532479247831946
69.7377492406689,0.30510377994272553
69.7456203184613,0.721491042736748
69.75349139625371,0.8078083223994026
69.76136247404611,0.099224694450994
69.76923355183851,0.6127212434275815
69.77710462963091,1.707550526124718
69.78497570742331,2.4393824378710107
69.79284678521572,0.7119397174544664
69.80071786300812,1.0250840481626164
69.80858894080052,2.1441867152095244
69.8164600185929,0.15821846489143337
69.82433109638531,0.35116791049178403
69.83220217417771,0.5341221837401511
69.84007325197011,0.2021659760838431
69.84794432976251,0.1179319434605165
69.85581540755491,1.3226889941790472
69.86368648534732,0.28761959793232633
69.87155756313972,0.8157963877927438
69.87942864093212,3.3356033424713845
69.88729971872452,0.10294146382786803
69.89517079651692,0.08416225765576227
69.90304187430932,0.46727367296132627
69.91091295210173,0.26858821343908995
69.91878402989413,0.375001889833984
69.92665510768651,1.5182685051677278
69.93452618547892,2.6221761777618684
69.94239726327132,0.480700390024832
69.95026834106372,2.680396995350814
69.95813941885612,0.2619877311521163
69.96601049664852,1.1657680132100332
69.97388157444092,1.4374401900158624
69.98175265223333,2.6318233560043
69.98962373002573,0.19737074073574376
69.99749480781813,0.5827895834088567
70.00536588561053,1.559148279851268
70.01323696340293,0.2147915424281778
70.02110804119533,4.6506040246680636
70.02897911898773,0.38042194387130446
70.03685019678012,2.473593029182077
70.04472127457252,0.3130637349423428
70.05259235236493,1.2819062685560083
70.06046343015733,0.7245372762682907
70.06833450794973,2.325473172823099
70.07620558574213,1.5270407787848688
70.08407666353453,0.1519437937609365
70.09194774132693,0.07406899522482614
70.09981881911933,4.282101229028261
70.10768989691174,0.5058700746649747
70.11556097470414,0.612879900747588
70.12343205249654,0.3429102733660284
70.13130313028894,0.17279652072508073
70.13917420808133,2.745626831492602
70.14704528587373,1.2445601398408637
70.15491636366613,0.5827055568289307
70.16278744145853,1.437491690608177
70.17065851925094,0.9717361855663493
70.17852959704334,0.0438079112428555
70.18640067483574,0.44165980729440707
70.19427175262814,0.465749856152526
70.20214283042054,1.2968437822435277
70.21001390821294,0.15164670821733922
70.21788498600534,0.06998647635274069
70.22575606379775,2.8106725740152747
70.23362714159015,1.4430139367373476
70.24149821938255,0.641255823895016
70.24936929717494,0.32389158157320846
70.25724037496734,0.7103966012314694
70.26511145275974,0.2969546212760621
70.27298253055214,0.4740296947581847
70.28085360834454,5.189714916012971
70.28872468613694,2.6728213147386857
70.29659576392935,3.3404436301580698
70.30446684172175,0.5536199124623491
70.31233791951415,0.28764235826904055
70.32020899730655,0.3826034075944048
70.32808007509895,0.456386910029303
70.33595115289135,1.950918796516822
70.34382223068376,0.3543808819297979
70.35169330847616,2.885465644435595
70.35956438626854,0.1757451800460856
70.36743546406095,2.5756539014520947
70.37530654185335,3.823344747352671
70.38317761964575,0.5856483861570949
70.39104869743815,0.2307739736824003
70.39891977523055,0.0731577407348795
70.40679085302295,0.982816329558941
70.41466193081536,2.6544503984361913
70.42253300860776,2.147533130031931
70.43040408640016,0.06303560593869319
70.43827516419256,5.389884165558262
70.44614624198496,2.780904440736365
70.45401731977736,0.19798369033738325
70.46188839756977,1.8983530650206641
70.46975947536215,6.089667969009752
70.47763055315455,2.8007698810865564
70.48550163094696,0.7740259026495744
70.49337270873936,1.6479955738947456
70.50124378653176,0.14953481837731075
70.50911486432416,0.4906480778873263
70.51698594211656,0.2957118562910899
70.52485701990896,0.4337530330295095
70.53272809770137,0.8668712397281074
70.54059917549377,0.0747223174190389
70.54847025328617,0.02569380216863483
70.55634133107857,1.7336339079587424
70.56421240887097,0.3048241408510783
70.57208348666336,0.3677178336408065
70.57995456445576,0.05827288197933945
70.58782564224816,0.5546210654634078
70.59569672004056,0.21432214966107435
70.60356779783297,0.2359423903800658
70.61143887562537,0.22891680473905632
70.61930995341777,2.9663062707621846
70.62718103121017,0.24376749363921088
70.63505210900257,0.33934031006142307
70.64292318679497,0.0009287699800258429
70.65079426458738,0.4732231393667028
70.65866534237978,1.095692782806984
70.66653642017218,1.5582793560393928
70.67440749796458,0.5744006984925186
70.68227857575697,0.2807365920043246
70.69014965354937,1.982216100105475
70.69802073134177,0.41173239685786933
70.70589180913417,0.47282161580518217
70.71376288692657,2.0112583617766777
70.72163396471898,0.40957432602171223
70.72950504251138,1.2743610001612906
70.73737612030378,0.45495478275506424
70.74524719809618,0.1746877812060766
70.75311827588858,0.7298542717560491
70.76098935368098,1.707735144964928
70.76886043147339,4.699518854419084
70.77673150926579,4.119163245257811
70.78460258705819,2.1812106882067335
70.79247366485058,2.1130421385819953
70.80034474264298,1.8713117313765215
70.80821582043538,0.21567501237979553
70.81608689822778,0.8706668718742616
70.82395797602018,0.1743726848772415
70.83182905381258,1.3618260873277435
70.83970013160499,1.1668613382511324
70.84757120939739,0.9896647064729072
70.85544228718979,1.0063862828149042
70.86331336498219,0.8304208913003138
70.87118444277459,2.145006126083179
70.879055520567,0.2925817393438433
70.8869265983594,2.494547973658753
70.89479767615178,1.0487324973061558
70.90266875394418,0.002032560662511693
70.91053983173659,0.777161471146742
70.91841090952899,0.5199161689994377
70.92628198732139,0.4319279969485601
70.93415306511379,0.2679874956735895
70.94202414290619,0.2934088536857924
70.9498952206986,0.15996839827574866
70.957766298491,0.6612597098832222
70.9656373762834,1.7835446821105736
70.9735084540758,0.41663388886940245
70.9813795318682,0.35879795622861377
70.9892506096606,2.612297205802335
70.997121687453,0.06012233018280332
71.00499276524539,2.27599310253367
71.01286384303779,0.24934543631199946
71.0207349208302,0.40719514151912073
71.0286059986226,1.9121103900390635
71.036477076415,0.9842849804536019
71.0443481542074,0.5393919065291022
71.0522192319998,1.0315055953958068
71.0600903097922,0.31343647546387193
71.0679613875846,0.9541415285910442
71.075832465377,2.522278083295339
71.0837035431694,1.5854614391674402
71.09157462096181,2.503725537761111
71.09944569875421,0.934512444466308
71.10731677654661,7.095809925533939
71.115187854339,1.9586606487724736
71.1230589321314,0.4603478226276773
71.1309300099238,1.2348761739147165
71.1388010877162,0.12957329728875613
71.1466721655086,1.5609608210791592
71.154543243301,2.228587437471763
71.16241432109341,0.7197610248739901
71.17028539888581,1.1209245256931628
71.17815647667821,0.2517951052253309
71.18602755447061,0.8617781253757276
71.19389863226301,0.17661026011092046
71.20176971005542,1.3962669953289855
71.20964078784782,0.782925258899868
71.2175118656402,1.1124421149899688
71.2253829434326,0.38174469793611837
71.23325402122501,0.3074560966536712
71.24112509901741,0.14482721016952593
71.24899617680981,1.08861663007531
71.25686725460221,0.45374843131424425
71.26473833239461,0.34521058290437456
71.27260941018702,0.5028882865176185
71.28048048797942,0.47647971476290446
71.28835156577182,0.09496257204178188
71.29622264356422,1.8606939426010032
71.30409372135662,0.6980774033616054
71.31196479914902,0.9637293276000088
71.31983587694143,0.22538940365077184
71.32770695473381,2.1207294337185867
71.33557803252621,0.19548302299335632
71.34344911031862,0.9355001213106114
71.35132018811102,0.006250356749538519
71.35919126590342,0.2754039989848761
71.36706234369582,1.5600736274894618
71.37493342148822,1.6043348525389418
71.38280449928062,2.257353259760128
71.39067557707303,1.5624183279890531
71.39854665486543,0.4282317401074894
71.40641773265783,1.7901109937602155
71.41428881045023,0.7228530615667322
71.42215988824263,0.9302128016771535
71.43003096603503,0.15748234082603327
71.43790204382742,1.1241613096331091
71.44577312161982,1.068909273967304
71.45364419941222,0.18581128327316052
71.46151527720463,1.4548777596843863
71.46938635499703,1.241045671164551
71.47725743278943,0.5502712030619201
71.48512851058183,1.3153861103906568
71.49299958837423,0.012397972843570198
71.50087066616663,0.19871214443934337
71.50874174395904,0.20116966037472822
71.51661282175144,0.26370859809336705
71.52448389954384,1.1542402580966429
71.53235497733624,1.2041380523315304
71.54022605512863,1.4630574461184243
71.54809713292103,0.8586837526975171
71.55596821071343,1.491683967186986
71.56383928850583,0.11801137783160595
71.57171036629823,0.10482090123756546
71.57958144409064,1.250870404317525
71.58745252188304,0.0307821816924756
71.59532359967544,2.743778712162578
71.60319467746784,0.23029630487092298
71.61106575526024,0.0020249553014729284
71.61893683305264,0.21407169570546264
71.62680791084505,0.36869938906544225
71.63467898863745,0.6519148524995145
71.64255006642985,0.2685623281525935
71.65042114422224,0.914920977805323
71.65829222201464,0.6983771874557015
71.66616329980704,0.3115763816627066
71.67403437759944,0.8250636493101409
71.68190545539184,4.24805556584369
71.68977653318424,2.4378960034441373
71.69764761097665,0.09552328967268114
71.70551868876905,5.425818501222889
71.71338976656145,2.4270415543840214
71.72126084435385,1.1053168624486174
71.72913192214625,3.8852781481048733
71.73700299993865,4.9530397636503185
71.74487407773105,2.7544106117031775
71.75274515552346,3.235205671211095
71.76061623331584,0.0424606272665032
71.76848731110825,0.3944326529730927
71.77635838890065,0.20980112458470115
71.78422946669305,0.44963510576383253
71.79210054448545,0.7890739817531731
71.79997162227785,2.069853904839497
71.80784270007025,0.21311937302756626
71.81571377786265,0.804521436345083
71.82358485565506,1.0160242889808344
71.83145593344746,3.4269496806659436
71.83932701123986,0.06035110755774985
71.84719808903226,1.171095647696367
71.85506916682466,0.18153404803814097
71.86294024461705,0.2674425221433532
71.87081132240945,1.7278561387877356
71.87868240020185,0.23728939038626146
71.88655347799425,0.6009791296563353
71.89442455578666,0.3171199721418085
71.90229563357906,0.8400373831306427
71.91016671137146,0.3174321165954187
71.91803778916386,0.10218882070687495
71.92590886695626,0.5074095775905915
71.93377994474866,0.7792519321922468
71.94165102254107,0.2744010424184391
71.94952210033347,1.4389236128967346
71.95739317812587,0.5459514182162344
71.96526425591827,3.091766365946216
71.97313533371066,1.3313078172771433
71.98100641150306,2.287983042016633
71.98887748929546,0.22194676916477576
71.99674856708786,0.1557251030434206
72.00461964488026,0.9812176260046942
72.01249072267267,1.230154317826963
72.02036180046507,1.0206996669218926
72.02823287825747,0.22778492797415806
72.03610395604987,0.9508168022295677
72.04397503384227,3.665177212068882
72.05184611163467,0.7318063077242116
72.05971718942708,2.3780857109778286
72.06758826721948,1.728683122114238
72.07545934501188,4.44179892742724
72.08333042280427,3.43138547148078
72.09120150059667,0.3439218123264559
72.09907257838907,1.413770474121786
72.10694365618147,1.3481514346845784
72.11481473397387,1.7093926832673119
72.12268581176627,0.38324573780664867
72.13055688955868,1.6138162639011397
72.13842796735108,2.415828502310428
72.14629904514348,0.28582984183756666
72.15417012293588,6.782394699724367
72.16204120072828,0.4858159480060723
72.16991227852068,0.07664000967426944
72.17778335631309,3.5259267742471634
72.18565443410547,0.12551781478263588
72.19352551189787,0.02587249332282313
72.20139658969028,2.961596071211058
72.20926766748268,1.2624686216566692
72.21713874527508,0.0915413654187565
72.22500982306748,1.7405324942762643
72.23288090085988,0.10397807010772223
72.24075197865228,0.7611459290069497
72.24862305644469,0.4516220336925193
72.25649413423709,3.9205948464777354
72.26436521202949,1.171144020624625
72.27223628982189,0.9265211222162162
72.28010736761429,0.13258956436040614
72.2879784454067,0.0521864911340617
72.29584952319908,1.6297039914743368
72.30372060099148,1.1896441499592003
72.31159167878388,0.5483114538224175
72.31946275657629,0.06660265824628489
72.32733383436869,0.5175346659271756
72.33520491216109,0.3314657522541749
72.34307598995349,0.1688105732455716
72.35094706774589,0.6017506695212871
72.3588181455383,0.3832711010796078
72.3666892233307,0.03827188021052941
72.3745603011231,2.980137002405201
72.3824313789155,0.8030051859254874
72.3903024567079,0.7037042568680612
72.3981735345003,1.1717147033648123
72.40604461229269,0.30296035782360864
72.41391569008509,0.2094312069206811
72.42178676787749,2.079536844870293
72.4296578456699,0.12831654685899865
72.4375289234623,3.270210507244343
72.4454000012547,1.8610233793158197
72.4532710790471,1.6622681944446673
72.4611421568395,0.4327747402608168
72.4690132346319,1.6255003851204373
72.4768843124243,3.5358694356977223
72.4847553902167,0.1602530298489412
72.4926264680091,1.4610258951084045
72.50049754580151,0.5180906568125865
72.5083686235939,0.514547200318434
72.5162397013863,0.4900887300715936
72.5241107791787,0.8654011990345807
72.5319818569711,3.0355800827131976
72.5398529347635,0.6535552575111646
72.5477240125559,2.0230845010265854
72.5555950903483,1.1669979511843438
72.5634661681407,0.42838737700841306
72.57133724593311,0.9074448061178751
72.57920832372551,0.5688143555196608
72.58707940151791,0.812728495457852
72.59495047931031,1.0542231998282596
72.60282155710271,0.26777052185877914
72.61069263489512,1.2030575968395223
72.6185637126875,1.8572465987210514
72.6264347904799,1.5224754396284623
72.6343058682723,0.42760406692208547
72.64217694606471,0.27076190739740613
72.65004802385711,0.23774121635846968
72.65791910164951,1.1739532515355051
72.66579017944191,2.0567218228129254
72.67366125723431,0.33046923667722666
72.68153233502672,0.307959333170046
72.68940341281912,0.3326120837497554
72.69727449061152,0.07825701801239167
72.70514556840392,0.4163718854782079
72.71301664619632,1.8948486888145888
72.72088772398872,0.22453891040486307
72.72875880178111,0.6736663361589645
72.73662987957351,1.3179773140559947
72.74450095736591,0.4623371784280577
72.75237203515832,1.1019423733555196
72.76024311295072,0.29806521419951665
72.76811419074312,0.8339855193363158
72.77598526853552,3.1682468920660445
72.78385634632792,0.6068856729335811
72.79172742412032,2.5427200893869792
72.79959850191273,0.7086461519323264
72.80746957970513,0.3639302109796883
72.81534065749753,0.6086006289240095
72.82321173528993,0.23495783897008768
72.83108281308232,0.7388257610148714
72.83895389087472,0.45018402629540355
72.84682496866712,0.4600876057514617
72.85469604645952,0.4883444852008689
72.86256712425192,0.588227355214424
72.87043820204433,0.06865019032638188
72.87830927983673,1.2337302553725613
72.88618035762913,1.9785569447237037
72.89405143542153,1.2733301325175417
72.90192251321393,1.65737883615609
72.90979359100633,0.35294183996432077
72.91766466879874,1.3574027728236966
72.92553574659114,3.346599439363325
72.93340682438354,4.071184841685676
72.94127790217593,0.787258604046958
72.94914897996833,1.0170372448817708
72.95702005776073,8.318322034004845
72.96489113555313,3.1756610654695674
72.97276221334553,0.6294354805270105
72.98063329113793,0.7937435663724424
72.98850436893034,0.8756514385437395
72.99637544672274,0.604909499792578
73.00424652451514,0.12042111356803684
73.01211760230754,0.6798391400121316
73.01998868009994,0.6110835657469975
73.02785975789234,1.3099397595345121
73.03573083568475,1.214220851994332
73.04360191347715,0.8981953769047398
73.05147299126953,2.3722278494809927
73.05934406906194,5.215217194186955
73.06721514685434,2.2423803547750376
73.07508622464674,1.1111105418508238
73.08295730243914,0.4497422500769
73.09082838023154,0.17361750546938745
73.09869945802394,1.9361263485741043
73.10657053581635,1.3115232750383972
73.11444161360875,1.6145958798968005
73.12231269140115,1.9331635772212716
73.13018376919355,2.898884150706233
73.13805484698595,0.7097766456497373
73.14592592477835,0.33360705521259976
73.15379700257074,1.269128936917556
73.16166808036314,0.3732735039795555
73.16953915815554,0.4664355558299941
73.17741023594795,0.29315234711382904
73.18528131374035,0.3992412913579853
73.19315239153275,1.3386465883420366
73.20102346932515,0.7725956599805934
73.20889454711755,0.45975202129244047
73.21676562490995,0.3301600831120222
73.22463670270236,0.7965681188381898
73.23250778049476,0.5678878061252698
73.24037885828716,1.4034809314269987
73.24824993607956,0.5406504867941876
73.25612101387196,0.1172647287812087
73.26399209166435,0.09649502768842906
73.27186316945675,0.032065678546222325
73.27973424724915,0.2821906003928251
73.28760532504155,0.29071308147558345
73.29547640283396,0.5009497003946792
73.30334748062636,1.3088966088635625
73.31121855841876,1.862277476844559
73.31908963621116,0.7827396383558674
73.32696071400356,0.09438039655097642
73.33483179179596,0.8810870116485473
73.34270286958836,0.4753396314618962
73.35057394738077,0.5778363157863162
73.35844502517317,1.4721886030625124
73.36631610296557,0.718501656346933
73.37418718075796,1.623887871344368
73.38205825855036,0.08470312451880216
73.38992933634276,0.5794649205225151
73.39780041413516,0.3642959796698616
73.40567149192756,1.3454904589993808
73.41354256971997,1.2109907379945932
73.42141364751237,0.8193630966458989
73.42928472530477,1.245053596344845
73.43715580309717,0.2446475474231954
73.44502688088957,0.16400047962993738
73.45289795868197,0.46965569174363
73.46076903647437,1.5117084872433184
73.46864011426678,0.9963053699828797
73.47651119205916,0.3355907437463735
73.48438226985157,0.03539451028484237
73.49225334764397,0.31366511211143966
73.50012442543637,0.4128724948221442
73.50799550322877,0.06699352770172234
73.51586658102117,0.26305917010514984
73.52373765881357,3.8240136321921288
73.53160873660597,1.9350281951864032
73.53947981439838,1.0513461487101181
73.54735089219078,2.5121144255285137
73.55522196998318,0.2820812375982678
73.56309304777558,0.1986764176674479
73.57096412556798,1.1808257528256028
73.57883520336038,1.4858552707727273
73.58670628115277,0.2621010742080723
73.59457735894517,1.2891996046861998
73.60244843673757,0.20942475581047232
73.61031951452998,0.9047773799096603
73.61819059232238,0.6521499935520153
73.62606167011478,0.9701400678200823
73.63393274790718,1.273494212771528
73.64180382569958,2.4620820538514363
73.64967490349198,0.7503150228196838
73.65754598128439,0.508282582846655
73.66541705907679,5.40971945157931
73.67328813686919,0.7084351722685741
73.68115921466159,1.680597211995254
73.68903029245399,0.05615053996408531
73.69690137024638,1.823267934458612
73.70477244803878,0.612596804064815
73.71264352583118,1.1441242774257936
73.72051460362358,0.09749579633671963
73.72838568141599,0.33840005631264564
73.73625675920839,0.032090019662382854
73.74412783700079,0.41353355595011765
73.75199891479319,0.8210049790576811
73.75986999258559,1.3432764152709253
73.767741070378,2.1544377132922086
73.7756121481704,1.257354881869999
73.7834832259628,1.4882100534221379
73.7913543037552,0.4260165790869723
73.79922538154759,0.10550555275794161
73.80709645933999,0.5416392417860959
73.81496753713239,0.6199908783735714
73.82283861492479,0.12592178491541386
73.83070969271719,0.4432101597606631
73.8385807705096,0.13164648705622778
73.846451848302,0.5233550214783022
73.8543229260944,0.23081531717609238
73.8621940038868,0.42951600659988287
73.8700650816792,0.8388206224730362
73.8779361594716,2.4408484920143763
73.885807237264,2.2422928032612144
73.8936783150564,0.5498767311095248
73.9015493928488,1.3856498484270479
73.9094204706412,1.3891680542838665
73.9172915484336,0.14217956820270772
73.925162626226,2.303954938603364
73.9330337040184,0.7932594139740896
73.9409047818108,1.8849938484724005
73.9487758596032,0.21641342088323606
73.9566469373956,1.0508692124192405
73.964518015188,0.0007733963884158017
73.9723890929804,0.08503289582917546
73.98026017077281,0.2870265643212033
73.98813124856521,0.9111614817741353
73.99600232635761,0.9686861370753002
74.00387340415001,0.8296582000829327
74.01174448194242,1.6105911229137395
74.0196155597348,0.3368744354259217
74.0274866375272,1.6433097660236589
74.0353577153196,0.0790133040876486
74.04322879311201,1.6644559260035086
74.05109987090441,4.619329819491425
74.05897094869681,0.22449844340870714
74.06684202648921,0.48025998533773717
74.07471310428161,0.9685869958564921
74.08258418207402,5.058187466018823
74.09045525986642,2.527117767713054
74.09832633765882,1.6737394567502157
74.10619741545122,1.202397196026036
74.11406849324362,1.103362928951751
74.12193957103602,0.3190215225439641
74.12981064882841,0.5290103432613408
74.13768172662081,0.08960568237566437
74.14555280441321,0.4591215140127859
74.15342388220562,1.7522728522999542
74.16129495999802,0.7161220906470077
74.16916603779042,0.26013157076478444
74.17703711558282,0.3988022264728593
74.18490819337522,0.5471061500269737
74.19277927116762,1.1213187748544875
74.20065034896002,1.1997543796786625
74.20852142675243,0.23388706524077538
74.21639250454483,0.7563167739351806
74.22426358233723,1.1549851880470683
74.23213466012962,2.416946601887974
74.24000573792202,0.18311240469230552
74.24787681571442,1.8535128890895376
74.25574789350682,0.04327062135896932
74.26361897129922,1.1670728554952592
74.27149004909162,0.3061255111582616
74.27936112688403,3.2012153941803403
74.28723220467643,0.04764795085014884
74.29510328246883,0.24092998326072285
74.30297436026123,0.787711913208196
74.31084543805363,0.3731044945298524
74.31871651584603,3.591731570813649
74.32658759363844,1.878941839647565
74.33445867143084,2.274840992850053
74.34232974922323,0.7488200003559446
74.35020082701563,0.2867844416149855
74.35807190480803,0.41997231493677883
74.36594298260043,0.2903646950043172
74.37381406039283,3.64800018618829
74.38168513818523,1.2954319104149015
74.38955621597763,0.06109637541235217
74.39742729377004,0.010388995632145348
74.40529837156244,7.070481068421759
74.41316944935484,3.207442971333992
74.42104052714724,0.21247072245946344
74.42891160493964,0.18513556190628408
74.43678268273204,5.05558251953635
74.44465376052445,0.05961090506411575
74.45252483831683,2.135126233690227
74.46039591610923,0.5526574820940809
74.46826699390164,0.35271163159676155
74.47613807169404,2.7965876987893465
74.48400914948644,0.8970677544186895
74.49188022727884,0.0895049091533024
74.49975130507124,1.8206695750470723
74.50762238286364,0.28760423730989026
74.51549346065605,0.8306573159163217
74.52336453844845,1.123710209688957
74.53123561624085,1.8778947082115345
74.53910669403325,3.368903115442094
74.54697777182565,1.5612091632268954
74.55484884961804,0.6956330012775496
74.56271992741044,1.5808374531922351
74.57059100520284,2.6232914936207816
74.57846208299524,1.5748435295170857
74.58633316078765,0.262915313637736
74.59420423858005,0.30307020759301584
74.60207531637245,2.8760959798563426
74.60994639416485,1.5819632736014866
74.61781747195725,1.583290534150177
74.62568854974965,0.16561177687112896
74.63355962754206,2.7722328098787137
74.64143070533446,0.9542442156023339
74.64930178312686,1.6095419757919611
74.65717286091926,1.163973943497053
74.66504393871165,0.13470800264924307
74.67291501650405,0.7172691339847017
74.68078609429645,0.29095757438656633
74.68865717208885,0.13119933203254314
74.69652824988125,0.2317674394057712
74.70439932767366,0.004672860869244049
74.71227040546606,0.1208583245791889
74.72014148325846,0.24334222657361088
74.72801256105086,0.25025023235286015
74.73588363884326,0.5410502915542671
74.74375471663566,0.5229915079857015
74.75162579442807,0.4995514828006552
74.75949687222047,0.4894710265088368
74.76736795001287,0.9943859451843591
74.77523902780526,0.2238309137990896
74.78311010559766,1.308899313875968
74.79098118339006,0.329688645400004
74.79885226118246,1.102495362574229
74.80672333897486,0.09771127395645904
74.81459441676726,1.723912276797378
74.82246549455967,1.011315028846033
74.83033657235207,1.2538700923359227
74.83820765014447,0.5482267952186654
74.84607872793687,0.9068906151166807
74.85394980572927,0.4910884196329793
74.86182088352167,0.5500804960254255
74.86969196131408,1.4077432288479053
74.87756303910646,0.26727237713424845
74.88543411689886,0.25148796373164556
74.89330519469127,6.37271110290646
74.90117627248367,1.603297414693845
74.90904735027607,0.056075752390647146
74.91691842806847,1.1096862033614314
74.92478950586087,2.4852627112999945
74.93266058365327,0.01981596580179865
74.94053166144568,1.5611976820490683
74.94840273923808,0.7618787087498883
74.95627381703048,1.2208819460909446
74.96414489482288,2.192839331194621
74.97201597261528,3.3850501730542275
74.97988705040768,1.5315870246939909
74.98775812820007,1.3369868983444224
74.99562920599247,0.9404130454303052
75.00350028378487,0.9119315089967618
75.01137136157728,0.26973524511931046
75.01924243936968,1.5892141987855941
75.02711351716208,0.9868810286879182
75.03498459495448,1.0585457395879452
75.04285567274688,4.327998530626765
75.05072675053928,0.5815471767390478
75.05859782833168,0.13582996827236715
75.06646890612409,0.5019896216909908
75.07433998391649,0.06207494440011369
75.08221106170889,0.8684724738892028
75.09008213950129,1.8574481331761565
75.09795321729368,0.9887225867808683
75.10582429508608,0.3602475520433536
75.11369537287848,0.19990213688993566
75.12156645067088,1.699571621927678
75.12943752846328,1.0743021051090085
75.13730860625569,0.1606558918837145
75.14517968404809,2.6828819950695855
75.15305076184049,1.4621071539494737
75.16092183963289,0.29564823988165145
75.1687929174253,0.9037783968330113
75.1766639952177,0.11568078330987118
75.1845350730101,2.676703044909129
75.1924061508025,1.1864599227954544
75.20027722859489,0.6782695820613343
75.20814830638729,0.2581375136594268
75.21601938417969,0.03622591119154627
75.22389046197209,1.2216785527280758
75.23176153976449,0.3340725913085436
75.2396326175569,0.08010640140656287
75.2475036953493,1.9449526484723063
75.2553747731417,0.9249215280946296
75.2632458509341,0.9128252186977596
75.2711169287265,0.8581353927230353
75.2789880065189,0.4727068158600913
75.2868590843113,1.7590426889493045
75.2947301621037,0.2782511474201109
75.3026012398961,4.324851781333817
75.3104723176885,1.200635607653472
75.3183433954809,0.049871494952162275
75.3262144732733,0.6908885447774507
75.3340855510657,0.08666004682990915
75.3419566288581,0.10839072387758523
75.3498277066505,0.09021225880857332
75.3576987844429,1.027746749232346
75.3655698622353,0.13404439470343704
75.3734409400277,0.1446790256584058
75.38131201782011,0.13583722467350712
75.38918309561251,0.03700884672853192
75.39705417340491,2.1154107520138914
75.40492525119731,0.09490256266187447
75.41279632898971,3.949097403684519
75.4206674067821,0.2975662500839886
75.4285384845745,0.463850602151308
75.4364095623669,0.7917913190361138
75.4442806401593,2.684792256984593
75.45215171795171,0.5011239402696089
75.46002279574411,0.06991516181378067
75.46789387353651,0.5184760380988598
75.47576495132891,0.7770682391981314
75.48363602912131,0.4297123685241457
75.49150710691372,0.6276249511365494
75.49937818470612,1.1066531264647372
75.50724926249852,2.768064587385086
75.51512034029092,2.091215591390102
75.52299141808331,0.05346970609492691
75.53086249587571,1.2931878972793382
75.53873357366811,2.294148581807469
75.54660465146051,1.828237085830212
75.55447572925291,0.9719027435225823
75.56234680704532,0.6618386999590661
75.57021788483772,1.0558581214001777
75.57808896263012,0.5710614654093951
75.58596004042252,0.09417476147378458
75.59383111821492,0.07985579122858802
75.60170219600732,1.1220291028103695
75.60957327379973,0.5673350644462816
75.61744435159213,0.5580133460728499
75.62531542938453,1.7735755942801412
75.63318650717692,1.5601007389779713
75.64105758496932,0.6721165069894349
75.64892866276172,0.53015442577323
75.65679974055412,3.6339493616715455
75.66467081834652,0.7973136047072797
75.67254189613892,0.15571666275326632
75.68041297393133,0.22581277613611417
75.68828405172373,0.012948000441959729
75.69615512951613,0.24233000113270375
75.70402620730853,0.09256080358957851
75.71189728510093,0.2302794520500152
75.71976836289333,1.297931977098647
75.72763944068573,0.0780116544776581
75.73551051847814,0.09482303520729217
75.74338159627052,0.8145200777214793
75.75125267406293,0.12344073952650692
75.75912375185533,0.1864651528860026
75.76699482964773,0.23328935457193695
75.77486590744013,0.6194126325506296
75.78273698523253,0.49100963608810716
75.79060806302493,2.519875406220038
75.79847914081734,0.3037756201142328
75.80635021860974,1.4889801527028137
75.81422129640214,0.4426295554926302
75.82209237419454,1.1638787611955712
75.82996345198694,0.9982007588976094
75.83783452977934,1.0446009575475363
75.84570560757173,1.0354453780222515
75.85357668536413,4.56590633690923
75.86144776315653,0.4117724576649891
75.86931884094894,1.8963547879301468
75.87718991874134,0.9527559082195597
75.88506099653374,0.33130154729577604
75.89293207432614,0.14396412402816888
75.90080315211854,0.19769544627958802
75.90867422991094,0.32759177694560465
75.91654530770334,0.5444683194066064
75.92441638549575,0.04495068434256121
75.93228746328815,0.6491389033683654
75.94015854108055,0.20690110640510706
75.94802961887295,0.3389255570466379
75.95590069666534,1.1145298203369218
75.96377177445774,1.9285572205726333
75.97164285225014,4.1783263109003785
75.97951393004254,0.6324172246479663
75.98738500783494,0.14309465243066763
75.99525608562735,0.38408782700974464
76.00312716341975,0.30824036027999513
76.01099824121215,1.5444119365036062
76.01886931900455,0.475349091854818
76.02674039679695,0.5931984106645275
76.03461147458935,0.20284177578544577
76.04248255238176,3.1986170606579516
76.05035363017416,0.47794254489398047
76.05822470796656,0.4587777070246581
76.06609578575895,0.8077883349318113
76.07396686355135,0.1163513272839142
76.08183794134375,1.6777220887478281
76.08970901913615,0.9458902145435932
76.09758009692855,1.0295917711697413
76.10545117472095,0.9073609840324672
76.11332225251336,0.5626847615247881
76.12119333030576,5.035742036054908
76.12906440809816,0.16556523513389174
76.13693548589056,0.8152963070075441
76.14480656368296,0.18790669927093054
76.15267764147536,0.7858813443716638
76.16054871926777,0.7286635909236547
76.16841979706015,3.4558296557966863
76.17629087485255,0.5864756881900535
76.18416195264496,0.21534924376200598
76.19203303043736,2.2658318485087934
76.19990410822976,0.25652367081586597
76.20777518602216,0.339151427158497
76.21564626381456,0.767417223718112
76.22351734160696,0.49158908304200977
76.23138841939937,0.8377249971442732
76.23925949719177,1.0398893613981224
76.24713057498417,1.7066936341079542
76.25500165277657,0.8527919987384585
76.26287273056897,9.949815658663303
76.27074380836137,0.7337595559664851
76.27861488615376,3.7181222035440396
76.28648596394616,1.1854478982830285
76.29435704173856,0.6189871618891674
76.30222811953097,0.5376408295303952
76.31009919732337,0.4695373704986286
76.31797027511577,0.08614527320377552
76.32584135290817,0.7947134299060087
76.33371243070057,0.1355147547857839
76.34158350849297,0.45753668279518794
76.34945458628538,0.5250199222959568
76.35732566407778,0.3487275174801922
76.36519674187018,0.20909755231696958
76.37306781966258,0.5259664535475082
76.38093889745498,0.7248954777536645
76.38880997524737,0.03035649827326641
76.39668105303977,0.3169437058781039
76.40455213083217,0.18817943100018972
76.41242320862457,0.2892347892085244
76.42029428641698,0.5427507279400783
76.42816536420938,0.5331607998689811
76.43603644200178,0.4751568285321548
76.44390751979418,0.30291251945469266
76.45177859758658,0.8811202978325255
76.45964967537898,1.514153658167969
76.46752075317139,0.9740301945834704
76.47539183096379,1.8291519805279075
76.48326290875619,0.7926439634046577
76.49113398654858,0.08686132598682442
76.49900506434098,1.0843747659712872
76.50687614213338,1.3293001368444042
76.51474721992578,1.801367684531304
76.52261829771818,0.04401224568874725
76.53048937551058,0.8426013658458643
76.53836045330299,0.020116943968256324
76.54623153109539,0.4860942652663615
76.55410260888779,0.6302463817386932
76.56197368668019,0.04855216066453351
76.56984476447259,0.43480494332739666
76.577715842265,0.7591831512413506
76.5855869200574,1.0842949581308503
76.5934579978498,0.30866958852204585
76.60132907564218,1.2487471025378325
76.60920015343459,0.5356753448394819
76.61707123122699,6.654293472535506
76.62494230901939,0.7288767414428048
76.63281338681179,0.8750166740404047
76.64068446460419,0.043126324469336445
76.6485555423966,0.7985289231546931
76.656426620189,0.6227764096450044
76.6642976979814,2.0221834813959125
76.6721687757738,0.37591508150110237
76.6800398535662,0.200760590958723
76.6879109313586,0.5656762704921346
76.695782009151,3.2044438586235264
76.7036530869434,0.6508745090553656
76.71152416473579,0.050519883511342116
76.7193952425282,0.5504135036163698
76.7272663203206,0.3583787100620303
76.735137398113,0.37231879189193395
76.7430084759054,1.4717477945219442
76.7508795536978,1.8662861542538571
76.7587506314902,2.1381822611130987
76.7666217092826,1.5023389906396811
76.774492787075,0.805082786444471
76.7823638648674,0.6551252185555592
76.79023494265981,1.0419706121629881
76.79810602045221,1.0218370721047036
76.80597709824461,0.02751254205964897
76.813848176037,0.554846554496305
76.8217192538294,0.05763133659584833
76.8295903316218,0.5981924625837057
76.8374614094142,1.0255631669681655
76.8453324872066,1.0834360018130025
76.853203564999,0.049518610923819546
76.86107464279141,0.5818669656629593
76.86894572058381,2.1914763583096164
76.87681679837621,1.4244523273766143
76.88468787616861,1.6810223955050023
76.89255895396101,0.9150251203393719
76.90043003175342,2.9477765526213715
76.90830110954582,0.4351412626836279
76.91617218733822,0.8800179850081524
76.9240432651306,0.5170439614679282
76.93191434292301,0.9752534527156482
76.93978542071541,1.299661362294169
76.94765649850781,0.8599721927545857
76.95552757630021,0.1363259212312269
76.96339865409261,0.07448288154972363
76.97126973188502,4.777537314295066
76.97914080967742,6.812643488190638
76.98701188746982,1.7939436824463195
76.99488296526222,2.050544468842847
77.00275404305462,2.005046346549963
77.01062512084702,0.6814010695169711
77.01849619863943,1.6644269068936386
77.02636727643183,0.023181158177009286
77.03423835422421,0.5280552254230948
77.04210943201662,0.645979881501675
77.04998050980902,0.08779463199455238
77.05785158760142,0.5431426579168549
77.06572266539382,0.31042858023072956
77.07359374318622,0.8169052615000145
77.08146482097862,0.6399759696166666
77.08933589877103,0.19645302182145202
77.09720697656343,0.6797378657558304
77.10507805435583,1.0759443131088187
77.11294913214823,0.7584725515108254
77.12082020994063,0.7476936930687468
77.12869128773303,0.18749574872919128
77.13656236552542,1.564246958602117
77.14443344331782,1.0295058676009157
77.15230452111022,0.608886256735145
77.16017559890263,1.1127351336806175
77.16804667669503,0.13575843055052317
77.17591775448743,1.0143032719792529
77.18378883227983,0.9828707718521864
77.19165991007223,0.38065762382961
77.19953098786463,0.21381581380138615
77.20740206565704,1.314778912056162
77.21527314344944,0.8743619277138458
77.22314422124184,0.7255533271509129
77.23101529903424,0.8130586916139151
77.23888637682664,0.09674753768704068
77.24675745461903,0.10428681086463036
77.25462853241143,0.1959269206635063
77.26249961020383,0.6927804545460272
77.27037068799623,1.5918466508452631
77.27824176578864,1.052903161543124
77.28611284358104,0.0725956110685336
77.29398392137344,0.054170373656434165
77.30185499916584,1.9771049386501574
77.30972607695824,0.021455723873011034
77.31759715475064,0.4375830808679337
77.32546823254305,0.813682739676683
77.33333931033545,0.5734071363356106
77.34121038812785,0.4051657264949811
77.34908146592025,0.9011429442749952
77.35695254371264,1.1544942901576398
77.36482362150504,0.7039614877061859
77.37269469929744,1.1865060624921586
77.38056577708984,0.01690088520043051
77.38843685488224,1.245720388367392
77.39630793267465,1.014363003644648
77.40417901046705,1.7950632198604637
77.41205008825945,2.956778205209058
77.41992116605185,0.8338305055485001
77.42779224384425,0.46927620859956637
77.43566332163665,0.9559243150617738
77.44353439942905,4.022953082187387
77.45140547722146,2.6745626883120974
77.45927655501384,0.15945643158829517
77.46714763280625,2.2172663034676225
77.47501871059865,0.38599815387652836
77.48288978839105,0.009649791860125495
77.49076086618345,2.62926487629703
77.49863194397585,0.03597679093945512
77.50650302176825,0.5386377663792996
77.51437409956065,0.9357652994555388
77.52224517735306,0.15953523494344984
77.53011625514546,0.07707344764155788
77.53798733293786,0.40675814089330536
77.54585841073026,0.5369778163502077
77.55372948852266,0.37378767550168485
77.56160056631506,2.2916344645360107
77.56947164410745,0.4768180893474911
77.57734272189985,0.41993664502131656
77.58521379969226,0.31709840424063407
77.59308487748466,1.3199710773951143
77.60095595527706,2.1856740414277405
77.60882703306946,4.028088774935749
77.61669811086186,0.7083074390888727
77.62456918865426,0.0014829831755757408
77.63244026644666,0.596395332880443
77.64031134423907,0.4581316162625352
77.64818242203147,0.6324901832247348
77.65605349982387,0.35382171304022303
77.66392457761627,2.114800848801954
77.67179565540867,1.0489372094919762
77.67966673320106,0.6318299407462221
77.68753781099346,1.0086018103527827
77.69540888878586,1.5214927707328791
77.70327996657826,0.5825682651594455
77.71115104437067,3.5451627238146184
77.71902212216307,3.2254121986049187
77.72689319995547,0.5016780187121791
77.73476427774787,0.9860150667525277
77.74263535554027,0.5940221838731521
77.75050643333267,0.3456393535979978
77.75837751112508,1.3901544554242427
77.76624858891748,0.40304810276630687
77.77411966670988,0.9139795705393009
77.78199074450228,0.6983116352532284
77.78986182229467,1.5443996038685295
77.79773290008707,0.6068689043584597
77.80560397787947,2.7591435701178213
77.81347505567187,1.9280565798490203
77.82134613346427,4.339681782263151
77.82921721125668,1.2450685618099209
77.83708828904908,0.6836492966043055
77.84495936684148,1.2208015250254645
77.85283044463388,0.7498001216493829
77.86070152242628,0.8572371243610788
77.86857260021868,0.20438325661035053
77.87644367801109,1.289527640376388
77.88431475580349,0.012128229052597781
77.89218583359587,0.15798135989607798
77.90005691138828,1.3781984221855657
77.90792798918068,0.10032591946603726
77.91579906697308,0.633727844759541
77.92367014476548,0.2456788088905145
77.93154122255788,0.28585981485806383
77.93941230035028,0.040357259529926054
77.94728337814269,1.6841857591004297
77.95515445593509,6.708769801088493
77.96302553372749,2.1666060197700836
77.97089661151989,0.6148787995071517
77.97876768931229,1.2980634017687973
77.9866387671047,0.052486662208139544
77.9945098448971,2.086658051932512
78.00238092268948,0.10487533897336833
78.01025200048188,2.4704613994310334
78.01812307827429,0.23001689872082481
78.02599415606669,4.63444356521251
78.03386523385909,0.5510854919886775
78.04173631165149,1.1038460641802403
78.04960738944389,0.3179394530354705
78.0574784672363,1.7110374447851324
78.0653495450287,0.3231985588740503
78.0732206228211,1.5945598745596683
78.0810917006135,1.9765220832503543
78.0889627784059,0.033138357341298434
78.0968338561983,0.7290243864996847
78.1047049339907,2.540296743994041
78.11257601178309,4.140224448014992
78.12044708957549,2.1381954795559754
78.1283181673679,1.653074972929996
78.1361892451603,0.16840108417174182
78.1440603229527,0.8063075790670521
78.1519314007451,0.7508970507440043
78.1598024785375,0.008370544953699792
78.1676735563299,0.9659073178953735
78.1755446341223,0.44015215841945626
78.1834157119147,0.6742555134361529
78.1912867897071,2.6209438111625216
78.19915786749951,0.38035476290157977
78.20702894529191,0.7210239513714068
78.2149000230843,4.123187341218231
78.2227711008767,0.656529033970405
78.2306421786691,1.663693578123873
78.2385132564615,0.22444401431977076
78.2463843342539,0.5830433523908682
78.2542554120463,1.1617955662848538
78.2621264898387,0.3363128637476866
78.26999756763111,1.4454195038444955
78.27786864542351,0.8995739781181515
78.28573972321591,0.8209191602611196
78.29361080100831,0.41383763923589223
78.30148187880071,0.7358901200283435
78.30935295659312,0.17226420645293775
78.31722403438552,0.3674766272370534
78.3250951121779,1.5857423379643196
78.3329661899703,1.9541586828786488
78.34083726776271,2.5059475420086637
78.34870834555511,1.4066931875963935
78.35657942334751,1.667704950218369
78.36445050113991,0.41151987128164447
78.37232157893231,0.8057265881468763
78.38019265672472,0.2653584169933051
78.38806373451712,2.2813350801455954
78.39593481230952,2.1789414664803273
78.40380589010192,1.7485095840500366
78.41167696789432,0.8168092843327756
78.41954804568672,0.42024537389140887
78.42741912347913,0.15484613223288765
78.43529020127151,0.1223664518425419
78.44316127906392,0.05451883911241251
78.45103235685632,0.07752861419142007
78.45890343464872,0.0637405749643193
78.46677451244112,0.6050040977637854
78.47464559023352,0.1720427331494341
78.48251666802592,0.10360669111768873
78.49038774581832,0.1960609191901553
78.49825882361073,0.5066983706402511
78.50612990140313,0.42497144964330663
78.51400097919553,0.13000770662697234
78.52187205698793,0.0026315731608366442
78.52974313478033,0.36721483966025226
78.53761421257272,0.009465745980962417
78.54548529036512,1.0534623436173307
78.55335636815752,3.53664428972127
78.56122744594992,0.09889276491592233
78.56909852374233,1.0054244875763299
78.57696960153473,2.1402474244035314
78.58484067932713,1.1074749561701283
78.59271175711953,1.6333387621740334
78.60058283491193,0.019499005924882788
78.60845391270433,0.9515099506012107
78.61632499049674,0.31005026908737776
78.62419606828914,0.6733916437029616
78.63206714608154,1.2805190194999911
78.63993822387394,1.029183230181623
78.64780930166633,2.2840309693420484
78.65568037945873,0.27940113206689865
78.66355145725113,1.730197152420186
78.67142253504353,0.7839373704545873
78.67929361283593,0.386838730108534
78.68716469062834,0.43397295167795563
78.69503576842074,6.368848125532014
78.70290684621314,0.7843447382852434
78.71077792400554,0.2359532993018412
78.71864900179794,2.083642598230616
78.72652007959034,0.49468605754547806
78.73439115738275,1.0304753348660758
78.74226223517515,0.6356340731852235
78.75013331296755,0.4247172032945924
78.75800439075994,1.7595038125930387
78.76587546855234,1.6575483061978804
78.77374654634474,0.00708597017429138
78.78161762413714,1.1773508769475036
78.78948870192954,0.3125444430272261
78.79735977972194,0.20561721090416574
78.80523085751435,0.5900280191853575
78.81310193530675,0.3539392315424033
78.82097301309915,1.0030564168820941
78.82884409089155,0.07891581550444718
78.83671516868395,0.1476655451782866
78.84458624647635,1.533813631309003
78.85245732426876,0.027831722380890545
78.86032840206114,0.24045177727475545
78.86819947985354,0.551808578885843
78.87607055764595,1.6184931099472677
78.88394163543835,0.013452729803485948
78.89181271323075,0.9003602765199943
78.89968379102315,0.5733340358965991
78.90755486881555,0.7487064402467991
78.91542594660795,0.34264741098739626
78.92329702440036,1.0179326826059238
78.93116810219276,2.8372021181965335
78.93903917998516,0.3524270042241673
78.94691025777756,0.5160441659801228
78.95478133556996,0.27362792820098814
78.96265241336236,2.4335173343111705
78.97052349115475,0.3194196479987002
78.97839456894715,0.49631993272798236
78.98626564673955,0.2840261869663027
78.99413672453196,0.2526063776123541
79.00200780232436,0.1718478433346066
79.00987888011676,0.2251613376435772
79.01774995790916,1.80724975569628
79.02562103570156,1.5683996490668801
79.03349211349396,1.2422672922363784
79.04136319128637,1.229231955025348
79.04923426907877,0.09244884065520481
79.05710534687117,0.07032995138105085
79.06497642466357,0.4051112258444715
79.07284750245597,0.5320623208576302
79.08071858024836,1.2614050988293097
79.08858965804076,0.5000734667768182
79.09646073583316,0.6974842480686635
79.10433181362556,0.14289656488382815
79.11220289141797,0.7753662082231684
79.12007396921037,0.42662254925148396
79.12794504700277,0.09415207512106023
79.13581612479517,0.12211975241723971
79.14368720258757,0.4694280987678633
79.15155828037997,0.23785224196539223
79.15942935817237,0.17947353211278277
79.16730043596478,1.1764992650430086
79.17517151375718,2.3727056489352054
79.18304259154957,0.4264679904473429
79.19091366934197,0.05640699373540912
79.19878474713437,0.4825987674744733
79.20665582492677,0.35597687892442254
79.21452690271917,0.8148098448472305
79.22239798051157,1.3345716090089732
79.23026905830397,2.832151037715878
79.23814013609638,1.1979025302727098
79.24601121388878,0.026512567857918272
79.25388229168118,2.504465189636286
79.26175336947358,2.844946876402585
79.26962444726598,0.7379007181516167
79.27749552505838,2.766573432154485
79.28536660285079,0.4953250550450124
79.29323768064317,0.973642276747699
79.30110875843557,2.0259195406251433
79.30897983622798,0.9564295937518366
79.31685091402038,0.49923591819093227
79.32472199181278,2.0390168184942365
79.33259306960518,0.15774077685031404
79.34046414739758,0.3641418465334333
79.34833522518998,0.5460478191222568
79.35620630298239,0.07521011758030038
79.36407738077479,1.081462925845447
79.37194845856719,1.0642180896242694
79.37981953635959,0.8621197618607233
79.38769061415199,0.06429010146002741
79.3955616919444,0.2006043532317362
79.40343276973678,0.630043913324492
79.41130384752918,1.0649707874437282
79.41917492532158,0.22418104664707364
79.42704600311399,2.641873533127857
79.43491708090639,2.538278589702323
79.44278815869879,0.04326827552692567
79.45065923649119,2.1729690310352963
79.45853031428359,0.024811170552146707
79.466401392076,1.3680684045002927
79.4742724698684,0.9321933508833093
79.4821435476608,0.2457556545688283
79.4900146254532,1.1152314444389633
79.4978857032456,0.9900219501636693
79.50575678103799,3.6677538489992907
79.51362785883039,1.4845449179034707
79.52149893662279,0.9279295936800281
79.52937001441519,0.04087585412500419
79.5372410922076,0.04181443847457582
79.54511217,0.6477079474290991
79.5529832477924,0.8034278998822781
79.5608543255848,0.8833627171553443
79.5687254033772,0.10680706879185421
79.5765964811696,0.25519139405750374
79.584467558962,1.2441576399554595
79.5923386367544,0.16379325483534968
79.6002097145468,0.34804562642826564
79.60808079233921,0.7530530234130176
79.6159518701316,1.8675509973133786
79.623822947924,0.2583973845819027
79.6316940257164,2.22869152874497
79.6395651035088,1.5733359467112715
79.6474361813012,2.4881872549078294
79.6553072590936,3.6322837677686017
79.663178336886,0.04068714813029618
79.67104941467841,0.7651855015506542
79.67892049247081,2.723394960256216
79.68679157026321,0.16762476200602885
79.69466264805561,0.27510879170121344
79.70253372584801,1.7697466164553417
79.71040480364042,3.284196795001368
79.71827588143282,0.02360228498827177
79.7261469592252,0.04298883500481598
79.7340180370176,0.26407306708907985
79.74188911481001,0.9789848123829218
79.74976019260241,0.6472025144321806
79.75763127039481,0.4769134347456395
79.76550234818721,2.4832494329263737
79.77337342597961,1.9559760842422957
79.78124450377202,2.6470536780992027
79.78911558156442,1.4160113604759683
79.79698665935682,0.2891456921756521
79.80485773714922,0.2738700939176451
79.81272881494162,0.4937127477804628
79.82059989273402,0.41964111278604593
79.82847097052641,4.748629300019162
79.83634204831881,0.1770605432900961
79.84421312611121,0.3376024294426673
79.85208420390362,1.2688972215249783
79.85995528169602,0.8352007299941917
79.86782635948842,0.20040781802473565
79.87569743728082,0.46229381814629883
79.88356851507322,1.119350999512854
79.89143959286562,1.2912346540628612
79.89931067065802,0.04029906928348341
79.90718174845043,0.2854578043586933
79.91505282624283,1.1036312900471332
79.92292390403523,0.5241544117479949
79.93079498182763,1.258501956413849
79.93866605962002,0.7440748977804545
79.94653713741242,0.5769758611327199
79.95440821520482,4.588798679672477
79.96227929299722,1.936756078442576
79.97015037078963,0.25699196970612775
79.97802144858203,0.6659969255715463
79.98589252637443,0.37697462579299246
79.99376360416683,0.8242054514388285
80.00163468195923,0.04851365998920482
80.00950575975163,0.02220323570033247
80.01737683754403,1.386433073232564
80.02524791533644,1.1905801370265177
80.03311899312884,0.9000514720525834
80.04099007092124,0.28541785277651616
80.04886114871363,0.3210003414822556
80.05673222650603,0.9467231921513181
80.06460330429843,0.3901241676657977
80.07247438209083,0.3245905198240205
80.08034545988323,0.8462391305853362
80.08821653767563,1.1722737180895382
80.09608761546804,0.49985640354880456
80.10395869326044,0.8731234242822817
80.11182977105284,1.0014178065648256
80.11970084884524,0.6151524085485188
80.12757192663764,2.750426193009564
80.13544300443004,0.13310557367366627
80.14331408222245,2.123290732605391
80.15118516001483,1.5876309613428454
80.15905623780723,0.6015010569028971
80.16692731559964,0.5518864688916599
80.17479839339204,0.8518973902945238
80.18266947118444,2.299780245381348
80.19054054897684,0.7936436201692902
80.19841162676924,0.22306106407690862
80.20628270456164,2.180096601300648
80.21415378235405,0.4258153509357706
80.22202486014645,0.5084489012627493
80.22989593793885,0.8049742353079355
80.23776701573125,0.31577298990219094
80.24563809352365,0.12021596023346448
80.25350917131605,0.15159492832915855
80.26138024910844,0.11666624531532106
80.26925132690084,0.12651723378344026
80.27712240469324,0.7641124890263884
80.28499348248565,0.7538215464418475
80.29286456027805,0.5900276005708255
80.30073563807045,0.1854837902828483
80.30860671586285,0.47148339888315993
80.31647779365525,0.5748660046331665
80.32434887144765,0.010792357257921678
80.33221994924006,0.0832805509518849
80.34009102703246,0.5306767917868079
80.34796210482486,0.12269042563811475
80.35583318261726,1.9933558094432204
80.36370426040966,1.19735846068598
80.37157533820205,1.3128955592210918
80.37944641599445,1.2185459155108949
80.38731749378685,0.14636067787048515
80.39518857157925,0.45664815765694194
80.40305964937166,1.922598808121083
80.41093072716406,2.2662268138556936
80.41880180495646,0.402442153303609
80.42667288274886,2.075383858146347
80.43454396054126,0.15744687866973517
80.44241503833366,2.3489637928544083
80.45028611612607,1.3855328033512821
80.45815719391847,1.213998160289005
80.46602827171087,0.5558160711195866
80.47389934950326,0.47827741115193495
80.48177042729566,0.30857532018549705
80.48964150508806,0.6876561972066969
80.49751258288046,1.020197220018826
80.50538366067286,0.024264983061660816
80.51325473846526,0.2053020972666867
80.52112581625767,2.950598490943432
80.52899689405007,0.4702262196774586
80.53686797184247,0.2970520213742544
80.54473904963487,0.3679134142192957
80.55261012742727,1.0374748031695498
80.56048120521967,0.995719920251583
80.56835228301208,0.20813295670930254
80.57622336080448,0.008592008803556076
80.58409443859686,0.548355060708809
80.59196551638927,0.3583524382098225
80.59983659418167,0.9512992785652427
80.60770767197407,0.16740291497053122
80.61557874976647,0.20824950265005546
80.62344982755887,2.1814626274938242
80.63132090535127,1.4113987336065978
80.63919198314368,1.0718114621605541
80.64706306093608,0.3363874482572873
80.65493413872848,0.042097470251431846
80.66280521652088,1.6603094070594158
80.67067629431328,1.938608031751009
80.67854737210568,6.5169963977517416
80.68641844989808,0.17197065970937989
80.69428952769047,0.011570396686765991
80.70216060548287,0.18890011577024848
80.71003168327528,1.8371674494415546
80.71790276106768,1.3662204631152304
80.72577383886008,0.06217026102204137
80.73364491665248,2.679554747912931
80.74151599444488,0.6867627808657224
80.74938707223728,2.633207538104348
80.75725815002968,0.7127814845197761
80.76512922782209,1.0639824402702813
80.77300030561449,0.7892339531328516
80.78087138340689,0.44144392112775477
80.78874246119929,1.4162601278677096
80.79661353899168,0.5404564164938688
80.80448461678408,0.04466025706984276
80.81235569457648,0.7718339759488336
80.82022677236888,0.244206889946999
80.82809785016129,1.2160120991449062
80.83596892795369,2.7663054175306674
80.84384000574609,2.091717479795829
80.85171108353849,1.2301093906822087
80.85958216133089,0.236364964541103
80.8674532391233,0.4848746769018715
80.8753243169157,0.16510867767390106
80.8831953947081,0.020136266652228927
80.8910664725005,0.6746677573663105
80.8989375502929,0.1859907803847591
80.90680862808529,0.3470387924750567
80.91467970587769,0.33876523589157814
80.92255078367009,0.10343815494965863
80.93042186146249,1.0458718570926115
80.9382929392549,0.20566649480468613
80.9461640170473,1.3291157792923551
80.9540350948397,2.3511608565109587
80.9619061726321,0.02901669143671771
80.9697772504245,0.12852455363636253
80.9776483282169,0.24543288846735073
80.9855194060093,0.6856897173828039
80.9933904838017,2.996021154581276
81.0012615615941,2.4030950176945236
81.00913263938651,0.3280197444223265
81.0170037171789,0.549223314876543
81.0248747949713,2.024081806781364
81.0327458727637,0.240753955712787
81.0406169505561,0.05659726885815256
81.0484880283485,0.13503309543450748
81.0563591061409,0.9145921369165095
81.0642301839333,0.26217567515178264
81.0721012617257,0.6370648999439669
81.07997233951811,1.472371909258847
81.08784341731051,2.146709263556278
81.09571449510291,0.7673287213439349
81.10358557289531,2.906358848086577
81.11145665068771,0.804187843096087
81.1193277284801,6.520298653787146
81.1271988062725,1.2955036104368491
81.1350698840649,1.0767787796480286
81.1429409618573,0.25834765745094895
81.15081203964971,0.9378337821129914
81.15868311744211,0.28413489640194867
81.16655419523451,0.20779562688219866
81.17442527302691,0.4582138164496345
81.18229635081931,0.15840632605119126
81.19016742861172,0.16620751212565665
81.19803850640412,0.7396243123735312
81.20590958419652,2.533018964795111
81.21378066198892,2.816106881273761
81.22165173978132,0.209104189175681
81.22952281757371,0.4896696746679832
81.23739389536611,0.19205552695013053
81.24526497315851,0.2745888339091765
81.25313605095091,0.42207260958020126
81.26100712874332,1.8275836351273784
81.26887820653572,1.1595758528733802
81.27674928432812,1.139196379143714
81.28462036212052,0.4072420519663171
81.29249143991292,1.7955271011048777
81.30036251770532,0.2499149046474237
81.30823359549773,0.04842487684425344
81.31610467329013,0.6810191292147341
81.32397575108253,0.8087375364546293
81.33184682887493,0.35572719758118554
81.33971790666732,0.7353557384943177
81.34758898445972,1.4648198026850743
81.35546006225212,1.1701367019854125
81.36333114004452,0.9779733343137511
81.37120221783692,0.7389412560959228
81.37907329562933,2.351462845215252
81.38694437342173,3.632109651933114
81.39481545121413,1.1797820741056304
81.40268652900653,0.976570579379624
81.41055760679893,0.7015989330459874
81.41842868459133,0.3998222806411467
81.42629976238374,2.6592348444450424
81.43417084017614,0.3859750122015003
81.44204191796852,0.8373933990343925
81.44991299576093,0.2696510757526635
81.45778407355333,0.2484147581861499
81.46565515134573,1.1332690652863084
81.47352622913813,1.785255042808336
81.48139730693053,1.0636100534750585
81.48926838472293,0.49586396666665294
81.49713946251534,1.0047870400364263
81.50501054030774,2.6600238187734826
81.51288161810014,0.24818400398510954
81.52075269589254,0.04285215195921078
81.52862377368494,4.105203362434777
81.53649485147734,3.0163327927023458
81.54436592926974,1.0121684438018392
81.55223700706213,0.8869928414562536
81.56010808485453,0.27451036335704365
81.56797916264694,2.924400213606736
81.57585024043934,1.0362181420064054
81.58372131823174,0.22214035085122152
81.59159239602414,1.0710324535092857
81.59946347381654,0.5286876124747026
81.60733455160894,3.223596776457637
81.61520562940134,0.019932559373120388
81.62307670719375,0.4470890213028601
81.63094778498615,1.6416942339411127
81.63881886277855,1.2538669156395472
81.64668994057095,0.1420354667253591
81.65456101836335,0.24087533593969412
81.66243209615574,0.49093499449386924
81.67030317394814,0.20027654108757384
81.67817425174054,0.07218502214230446
81.68604532953294,0.10862100136952585
81.69391640732535,0.15458130178067794
81.70178748511775,0.17460289891647715
81.70965856291015,1.2505554454932948
81.71752964070255,0.3990902146245351
81.72540071849495,1.4022328851890566
81.73327179628735,0.7533633596113619
81.74114287407976,0.3949696824492472
81.74901395187216,3.694777744607851
81.75688502966456,1.8641425955762023
81.76475610745696,1.08635343728917
81.77262718524935,0.11138021874170284
81.78049826304175,0.5058631083726086
81.78836934083415,1.3708841621537113
81.79624041862655,0.3324798757556055
81.80411149641895,0.10392477709586297
81.81198257421136,0.535391071782935
81.81985365200376,0.2588889179594056
81.82772472979616,0.09631371332849861
81.83559580758856,1.6794536470961077
81.84346688538096,0.581041376971324
81.85133796317336,3.538735948851193
81.85920904096577,1.542581321661799
81.86708011875817,5.03170808808701
81.87495119655055,0.10935377698936068
81.88282227434296,0.45502785823702324
81.89069335213536,1.914711940170407
81.89856442992776,2.231124456004736
81.90643550772016,2.16527424478661
81.91430658551256,0.0785917308376598
81.92217766330496,0.16908561581107326
81.93004874109737,0.8483225927902092
81.93791981888977,1.019897908985673
81.94579089668217,1.3817712075676387
81.95366197447457,0.7869434862539588
81.96153305226697,2.6297042102780965
81.96940413005937,1.9409139489262837
81.97727520785178,0.5940603262699279
81.98514628564416,6.432779634588735
81.99301736343656,0.03725008297618599
82.00088844122897,0.8066486857772
82.00875951902137,2.452323850776314
82.01663059681377,0.8470699685047612
82.02450167460617,1.9034017746256278
82.03237275239857,0.34031036352742233
82.04024383019097,0.030146179787656397
82.04811490798338,1.2207831444592019
82.05598598577578,0.5145940074530677
82.06385706356818,1.5961293089531685
82.07172814136058,0.5983592109304531
82.07959921915298,2.4675270354222745
82.08747029694538,3.67247061889857
82.09534137473777,1.0813391026742083
82.10321245253017,0.7454762579029333
82.11108353032257,2.447091904514665
82.11895460811498,0.2564759247813908
82.12682568590738,0.6283383046088845
82.13469676369978,0.5465787862461159
82.14256784149218,1.508145717019458
82.15043891928458,0.7361384887821493
82.15830999707698,0.2742980395237649
82.16618107486939,0.4594567438478697
82.17405215266179,0.6784179421606714
82.18192323045419,1.7164174824813248
82.18979430824659,2.747989476553246
82.19766538603898,0.1411883467078441
82.20553646383138,0.4218552254679607
82.21340754162378,5.093098414162433
82.22127861941618,0.8356953789422173
82.22914969720858,1.8306797807382225
82.23702077500099,2.2756408381311863
82.24489185279339,0.7381357049414731
82.25276293058579,1.2143683422159586
82.26063400837819,0.12272570403365339
82.26850508617059,0.11594792371163336
82.276376163963,0.2289453027792498
82.2842472417554,0.04609130363744866
82.2921183195478,0.06185856332321398
82.2999893973402,0.05330382308766309
82.30786047513259,0.8986659103756722
82.31573155292499,1.4108372611961533
82.32360263071739,0.9944627894164096
82.33147370850979,0.14852577284482504
82.33934478630219,1.022922178960743
82.3472158640946,0.4826194340420324
82.355086941887,0.6246005061109597
82.3629580196794,0.1335385662325881
82.3708290974718,0.690791192174009
82.3787001752642,0.33586257639990885
82.3865712530566,1.202098318683013
82.394442330849,0.07652798893699932
82.4023134086414,0.7717087213898226
82.4101844864338,0.4536308946474049
82.4180555642262,0.006573005665374075
82.4259266420186,0.2425927606363079
82.433797719811,0.765905098042878
82.4416687976034,0.12411184109195876
82.4495398753958,2.1369797183387034
82.4574109531882,1.684512630082531
82.4652820309806,1.05194277670591
82.473153108773,0.16527184093169328
82.4810241865654,0.09702761081610546
82.48889526435781,2.164375747290237
82.49676634215021,2.3711163332496272
82.50463741994261,0.48283177531009946
82.51250849773501,0.09417075841506703
82.5203795755274,0.2056514999858054
82.5282506533198,0.5320542532336874
82.5361217311122,0.10608166887924751
82.5439928089046,0.7364088585874419
82.551863886697,4.400771668527335
82.55973496448941,0.09554207497613298
82.56760604228181,1.0102832881146417
82.57547712007421,0.4577798284339763
82.58334819786661,1.7211304327496983
82.59121927565901,0.42347767351266086
82.59909035345142,1.663608116675868
82.60696143124382,0.6485025101770812
82.61483250903622,0.1555079555280206
82.62270358682862,0.6065997090697852
82.63057466462101,0.6873297160482322
82.63844574241341,0.8674092213214246
82.64631682020581,0.21394771542699076
82.65418789799821,0.47633017701058183
82.66205897579061,0.758741644136322
82.66993005358302,0.2735993129293894
82.67780113137542,0.8410281585408991
82.68567220916782,2.491498297372745
82.69354328696022,0.3789518665030162
82.70141436475262,0.7482506316368107
82.70928544254502,1.4086476338142762
82.71715652033743,0.17434371142204794
82.72502759812983,0.3143028138325169
82.73289867592223,0.09039214286764541
82.74076975371462,0.8176693032911084
82.74864083150702,0.12407213901613802
82.75651190929942,1.5641494074753621
82.76438298709182,0.7088946810831964
82.77225406488422,0.5320275396226253
82.78012514267662,0.14668713756500565
82.78799622046903,1.5521796645954826
82.79586729826143,0.9172017146347555
82.80373837605383,0.2632227306643979
82.81160945384623,0.1184432603218845
82.81948053163863,0.6252005021249369
82.82735160943103,2.422571242046667
82.83522268722344,0.16184918995437778
82.84309376501582,1.2411430750343373
82.85096484280822,1.206112525370679
82.85883592060063,0.11944563712728196
82.86670699839303,1.3217086063916317
82.87457807618543,0.16595684115664616
82.88244915397783,0.32999477252034165
82.89032023177023,2.8454567187107593
82.89819130956263,0.10694971582873498
82.90606238735504,0.39224584050539946
82.91393346514744,0.3399280855224318
82.92180454293984,0.8499508891700864
82.92967562073224,1.1641648703262149
82.93754669852464,0.6199165587966635
82.94541777631704,0.544169194841001
82.95328885410943,0.31913701296601255
82.96115993190183,0.38823132921211556
82.96903100969423,0.2489465162632847
82.97690208748664,0.11838830558193184
82.98477316527904,0.5204128899699864
82.99264424307144,0.5719741808564343
83.00051532086384,0.642739990733954
83.00838639865624,0.7304424884723957
83.01625747644864,0.04185999834025179
83.02412855424105,0.2324053492446692
83.03199963203345,1.1805913633801564
83.03987070982585,1.697748126734786
83.04774178761825,0.7564748585480578
83.05561286541065,0.02409255882106268
83.06348394320304,0.4699825975134561
83.07135502099544,0.5799740155883273
83.07922609878784,0.5356137701389222
83.08709717658024,1.7390353764393092
83.09496825437265,0.6238383541564106
83.10283933216505,0.04252400959838037
83.11071040995745,0.19503427862834857
83.11858148774985,1.2560957258788439
83.12645256554225,0.3174568196781546
83.13432364333465,0.15700342025568834
83.14219472112705,0.7256552953289717
83.15006579891946,1.050154131126171
83.15793687671186,1.3437844973833608
83.16580795450425,0.42026440987484814
83.17367903229665,0.49061921197499264
83.18155011008905,0.12608930870856128
83.18942118788145,0.09737912841161821
83.19729226567385,0.12044318516497272
83.20516334346625,0.021313334539250394
83.21303442125866,0.010207794116849614
83.22090549905106,0.5103404228627959
83.22877657684346,1.0623664812245417
83.23664765463586,0.013887634542466465
83.24451873242826,0.09535114706378196
83.25238981022066,0.29408218078754217
83.26026088801306,1.1767187577118632
83.26813196580547,2.3105096844142734
83.27600304359785,1.6560119064954266
83.28387412139026,1.313515864834034
83.29174519918266,1.482989420745825
83.29961627697506,0.23358613690532282
83.30748735476746,0.331109940762333
83.31535843255986,0.044058407431860645
83.32322951035226,0.8830671041037901
83.33110058814466,0.36143228747410583
83.33897166593707,0.6933804798731873
83.34684274372947,0.42691875908054333
83.35471382152187,0.06624026781067967
83.36258489931427,1.1556149238997382
83.37045597710667,0.1509965804260977
83.37832705489907,1.6780983047081213
83.38619813269146,0.6459104441039998
83.39406921048386,0.8138973529430951
83.40194028827626,1.0051967834408884
83.40981136606867,0.1298196764295038
83.41768244386107,0.9535983422970244
83.42555352165347,2.077609540269351
83.43342459944587,1.800584303840004
83.44129567723827,0.43701442387026357
83.44916675503067,1.7787982192114409
83.45703783282308,1.681240320667074
83.46490891061548,2.365016605136558
83.47277998840788,2.6837937690503137
83.48065106620028,1.0223813659835788
83.48852214399267,0.39344835331604167
83.49639322178507,0.2571625831976355
83.50426429957747,3.257549431828315
83.51213537736987,2.9253007650566696
83.52000645516227,0.4784531057741302
83.52787753295468,0.11956957526334364
83.53574861074708,5.129643331779346
83.54361968853948,0.3773739412723475
83.55149076633188,2.0495637989170534
83.55936184412428,0.16765633470973648
83.56723292191668,0.2319456444642421
83.57510399970909,0.8520870358637176
83.58297507750149,0.7212708401960131
83.59084615529389,0.37824794561710323
83.59871723308628,0.13024090377932945
83.60658831087868,3.3041454859841966
83.61445938867108,0.3761620150372334
83.62233046646348,0.6116372500741374
83.63020154425588,0.37690234723033383
83.63807262204828,1.441411737315784
83.64594369984069,0.14813823048589686
83.65381477763309,1.4564162588790381
83.66168585542549,0.7618881431814367
83.66955693321789,1.7909413942950114
83.67742801101029,0.1168416699983622
83.6852990888027,0.13796771852597933
83.6931701665951,1.838501616495819
83.7010412443875,0.4878007215214817
83.70891232217988,1.7328741502728182
83.71678339997229,3.387599650137222
83.72465447776469,0.9679143299717178
83.73252555555709,0.46573088992322115
83.74039663334949,0.6461605828311635
83.74826771114189,0.24868954943967364
83.7561387889343,0.7603687712337718
83.7640098667267,2.5820475903276128
83.7718809445191,0.1122154118409633
83.7797520223115,1.6635769369656301
83.7876231001039,0.04101992513289424
83.7954941778963,0.3534237190667526
83.8033652556887,1.7523125090191685
83.81123633348109,1.8898627432531991
83.81910741127349,1.124548130769388
83.8269784890659,0.46992810099167215
83.8348495668583,5.860691889904405
83.8427206446507,1.472385532794495
83.8505917224431,1.8976654072532273
83.8584628002355,5.781685096358398
83.8663338780279,2.6979916395891372
83.8742049558203,0.45300301160691353
83.8820760336127,0.8174892426987199
83.8899471114051,1.0288408181600586
83.89781818919751,1.4679534133793717
83.90568926698991,2.74630158600352
83.91356034478231,0.12358497976077591
83.9214314225747,0.620085241762081
83.9293025003671,1.6858254620771256
83.9371735781595,0.912218291341344
83.9450446559519,0.4973150752803727
83.9529157337443,1.5371608526923968
83.9607868115367,0.7619468544175186
83.96865788932911,1.7275129476817954
83.97652896712151,1.2022217919824374
83.98440004491391,0.9148237639324992
83.99227112270631,0.9547113517055207
84.00014220049871,1.6537802781108697
84.00801327829112,0.17609622610307213
84.01588435608352,0.5999482957676548
84.02375543387592,0.3392304126178904
84.0316265116683,0.6097977343692437
84.03949758946071,1.8353321040689972
84.04736866725311,1.3562568567523205
84.05523974504551,0.41706219771407477
84.06311082283791,0.9779912989823881
84.07098190063031,0.1425169674738869
84.07885297842272,0.6827600202885631
84.08672405621512,0.1519465475334108
84.09459513400752,0.7795881518261859
84.10246621179992,0.28820583505735836
84.11033728959232,0.04933558181020461
84.11820836738472,2.3743847887696545
84.12607944517713,3.846454232046697
84.13395052296951,0.5417022948568567
84.14182160076192,0.07996982808755605
84.14969267855432,0.09789649535395298
84.15756375634672,0.5034884639412874
84.16543483413912,0.5601205250213115
84.17330591193152,0.40725794967328194
84.18117698972392,1.6398329408264232
84.18904806751632,0.6753434801185403
84.19691914530873,0.2022724559635753
84.20479022310113,2.1746067129252142
84.21266130089353,1.8582204855888595
84.22053237868593,0.44427179508441444
84.22840345647833,0.3953605660577698
84.23627453427073,0.45454281062907526
84.24414561206312,0.22802942305020285
84.25201668985552,0.12206736317216653
84.25988776764792,0.8143760910808615
84.26775884544033,1.908300497028807
84.27562992323273,1.8222688871084722
84.28350100102513,0.3171875129696534
84.29137207881753,0.08130498232543283
84.29924315660993,0.3895148997926531
84.30711423440233,0.17993046785820643
84.31498531219474,0.09222571320505044
84.32285638998714,0.06277137816362927
84.33072746777954,0.24549611998930299
84.33859854557194,0.11159834513673648
84.34646962336434,0.7626265740961853
84.35434070115673,0.5035535213983899
84.36221177894913,0.2582503440513149
84.37008285674153,0.27301719930043394
84.37795393453393,1.198226430857059
84.38582501232634,0.726350454646713
84.39369609011874,0.7806424622210804
84.40156716791114,0.8827193927424445
84.40943824570354,0.08323229673928018
84.41730932349594,1.3317050876950862
84.42518040128834,0.621786732300754
84.43305147908075,0.11244775512063926
84.44092255687315,0.19758617605343246
84.44879363466555,1.6701745801775534
84.45666471245794,0.7434824990188111
84.46453579025034,0.22647848710309323
84.47240686804274,0.8661147784965672
84.48027794583514,2.266644404346266
84.48814902362754,0.05033879397200908
84.49602010141994,0.32899906375054455
84.50389117921235,0.0922768189399561
84.51176225700475,0.047035558689402276
84.51963333479715,0.12819775299250374
84.52750441258955,0.21525621150724192
84.53537549038195,0.04674311404930276
84.54324656817435,0.6177882298982506
84.55111764596676,1.5414951174724918
84.55898872375916,0.2367989326529486
84.56685980155154,2.375534561183373
84.57473087934395,0.24086196137316612
84.58260195713635,0.5553438550406863
84.59047303492875,0.1712381852009873
84.59834411272115,1.587079696908399
84.60621519051355,0.19797185853438246
84.61408626830595,2.1908286005645228
84.62195734609836,2.7964493826282317
84.62982842389076,1.1766502330148625
84.63769950168316,0.5812515126361985
84.64557057947556,0.050558917708277876
84.65344165726796,0.8078585633196278
84.66131273506036,0.4280360913705292
84.66918381285276,0.42083415118641765
84.67705489064515,0.5921518243415371
84.68492596843755,0.16319371459323206
84.69279704622996,0.2087031361220224
84.70066812402236,0.8839078447929175
84.70853920181476,0.9523816793116688
84.71641027960716,0.9005420190057494
84.72428135739956,0.9311040915716202
84.73215243519196,1.579692740996854
84.74002351298437,1.0648070933781244
84.74789459077677,0.7669277539168278
84.75576566856917,0.09913546355958552
84.76363674636157,0.7688289476793138
84.77150782415397,0.12913056568851444
84.77937890194636,0.5043245404151863
84.78724997973876,0.5823454658419961
84.79512105753116,0.5120139751167634
84.80299213532356,1.7817149535390588
84.81086321311597,0.06215521300557905
84.81873429090837,2.2519417924248653
84.82660536870077,2.7857147182829465
84.83447644649317,0.9093975000279152
84.84234752428557,0.29560359615538634
84.85021860207797,0.3309954134553833
84.85808967987037,1.060290447012288
84.86596075766278,0.3958505397764872
84.87383183545518,0.10417275885562267
84.88170291324758,2.292417737376249
84.88957399103997,0.3265039572767829
84.89744506883237,0.4210465999619855
84.90531614662477,0.17144138484425123
84.91318722441717,1.4357801013997806
84.92105830220957,0.046109377003104836
84.92892938000197,0.1968869994388903
84.93680045779438,1.8828628960087754
84.94467153558678,0.4378445483297468
84.95254261337918,0.03934172520121734
84.96041369117158,1.1880985185971467
84.96828476896398,1.929173437143686
84.97615584675638,0.71719326285478
84.98402692454879,0.5453537303895079
84.99189800234119,1.0614746781079876
84.99976908013358,1.6959008697894793
85.00764015792598,0.873993926892447
85.01551123571838,0.2051026657424311
85.02338231351078,0.689534810569392
85.03125339130318,0.700856695500286
85.03912446909558,0.06902907721432347
85.04699554688798,0.15413868357024238
85.05486662468039,1.3297859872362248
85.06273770247279,0.3309788169153144
85.07060878026519,2.716278045216975
85.07847985805759,0.27709726046880945
85.08635093584999,0.08564243728114822
85.0942220136424,0.0605165152381577
85.10209309143478,0.8518423702161149
85.10996416922718,0.29986129140221784
85.11783524701958,0.9137025394067806
85.12570632481199,0.5087957942936614
85.13357740260439,0.5251163669918638
85.14144848039679,0.13391056647103267
85.14931955818919,0.1851087343982383
85.15719063598159,0.5822236906266908
85.165061713774,0.02921927653401802
85.1729327915664,0.1543309513967701
85.1808038693588,1.4304966222560478
85.1886749471512,5.4985645369268985
85.1965460249436,0.3574034301984885
85.204417102736,0.0749035930252655
85.21228818052839,1.6115259348557207
85.22015925832079,1.2423136904416265
85.22803033611319,3.32315562705082
85.2359014139056,0.23575621448317258
85.243772491698,0.13231171679052572
85.2516435694904,0.5736478925043862
85.2595146472828,1.1754734453127895
85.2673857250752,2.7080705328558055
85.2752568028676,0.8854156570657502
85.28312788066,2.7899033679237895
85.2909989584524,0.6610874720523703
85.29887003624481,0.17015594323052938
85.30674111403721,1.8083183895621968
85.31461219182961,0.03791852022494556
85.322483269622,1.2502626074649017
85.3303543474144,0.6194960161778775
85.3382254252068,0.9419595975295671
85.3460965029992,0.5091321267078271
85.3539675807916,2.280639991132054
85.361838658584,0.35425900167881036
85.36970973637641,0.4521628043071597
85.37758081416881,1.9065627648893844
85.38545189196121,0.0160937036787099
85.39332296975361,1.1258426998025481
85.40119404754601,2.4772070753509903
85.40906512533842,0.4400397613977228
85.41693620313082,1.9387953150616202
85.42480728092322,1.0263281073148431
85.4326783587156,1.349928496771437
85.44054943650801,0.4429476489854738
85.44842051430041,0.5059380403708339
85.45629159209281,4.050146821690333
85.46416266988521,0.01599042385897142
85.47203374767761,0.05969246383195139
85.47990482547002,0.034429839697182434
85.48777590326242,0.09069957761554252
85.49564698105482,0.16259285181339353
85.50351805884722,0.13108742740540405
85.51138913663962,0.317905024324324
85.51926021443202,0.122253096918333
85.52713129222442,0.5887961810828323
85.53500237001681,0.33100543647324754
85.54287344780921,0.14365500751596175
85.55074452560162,0.29720254783785166
85.55861560339402,0.288917240902845
85.56648668118642,1.6332033193053366
85.57435775897882,0.1196361409028903
85.58222883677122,1.3730552791430808
85.59009991456362,1.2627126513484732
85.59797099235603,0.8620402330390489
85.60584207014843,1.464388707182575
85.61371314794083,0.05329111467085303
85.62158422573323,1.1967558313163327
85.62945530352563,0.3086340931710513
85.63732638131803,3.8789497888118385
85.64519745911042,0.07523421075716201
85.65306853690282,0.8135294758154936
85.66093961469522,0.09256347802775126
85.66881069248763,0.5710773675979257
85.67668177028003,2.63513953556281
85.68455284807243,0.36832300885890956
85.69242392586483,1.74318272945612
85.70029500365723,2.9887833013906366
85.70816608144963,0.41168811729896926
85.71603715924203,0.04767135792541659
85.72390823703444,0.8573648446475498
85.73177931482684,0.34241077636289363
85.73965039261924,0.30113873996659024
85.74752147041164,2.593839709181682
85.75539254820403,0.14913950324211656
85.76326362599643,0.7869056780587951
85.77113470378883,0.5809102107814713
85.77900578158123,1.6682149303251235
85.78687685937363,0.032728302797243515
85.79474793716604,0.2946876360919521
85.80261901495844,0.014057445236436867
85.81049009275084,0.3678739631749212
85.81836117054324,0.07300736399934069
85.82623224833564,0.15857458520687986
85.83410332612804,0.8049719467779334
85.84197440392045,1.2455175931000526
85.84984548171285,1.2325275626971695
85.85771655950523,1.3587366703779344
85.86558763729764,4.155438249094253
85.87345871509004,0.541495671838047
85.88132979288244,0.42059635747528695
85.88920087067484,0.7152396585280976
85.89707194846724,0.17884783497813295
85.90494302625964,0.4674954210461001
85.91281410405205,0.03970487587401294
85.92068518184445,0.4505029113753869
85.92855625963685,1.7116175970968917
85.93642733742925,0.9848079084310083
85.94429841522165,0.17427966591838034
85.95216949301405,0.1384556552710612
85.96004057080646,0.9754328183026123
85.96791164859884,0.12676539066559744
85.97578272639124,0.6177919611909565
85.98365380418365,0.8596442441805573
85.99152488197605,0.46710064389116285
85.99939595976845,0.5264071863434303
86.00726703756085,0.6006810550201614
86.01513811535325,0.331161133895494
86.02300919314565,1.5708214517467016
86.03088027093806,0.12243524282798446
86.03875134873046,0.11831318355275534
86.04662242652286,0.17577719977400083
86.05449350431526,2.235036994564551
86.06236458210766,1.5822344309794563
86.07023565990006,0.11541801188577694
86.07810673769245,0.6818023413422869
86.08597781548485,1.0107302459395746
86.09384889327725,2.257130265712452
86.10171997106966,0.6824803586542951
86.10959104886206,0.17734596824022544
86.11746212665446,0.010351919770902013
86.12533320444686,0.8968982684173248
86.13320428223926,0.2455649539203639
86.14107536003166,1.6297563703541778
86.14894643782407,0.25675338524122593
86.15681751561647,0.7507180129384918
86.16468859340887,0.8225882245395336
86.17255967120127,0.4730751774022505
86.18043074899366,0.1381833036486386
86.18830182678606,0.07772501466589227
86.19617290457846,0.11674826969576346
86.20404398237086,0.22563619522681982
86.21191506016326,0.3839601907069486
86.21978613795567,0.23307836870585374
86.22765721574807,0.8191922473121683
86.23552829354047,0.8850047773510059
86.24339937133287,0.20482398189107182
86.25127044912527,1.1606899157803694
86.25914152691767,0.02090217569531172
86.26701260471008,0.7723541026018795
86.27488368250248,0.09409106016461334
86.28275476029488,3.5314126439224913
86.29062583808727,0.3908637728518965
86.29849691587967,4.635386564263836
86.30636799367207,1.2071008644760015
86.31423907146447,1.523655906936728
86.32211014925687,0.6106898757311618
86.32998122704927,0.1843268666531918
86.33785230484168,2.8744023422441063
86.34572338263408,1.9181142413968786
86.35359446042648,1.5747791014837478
86.36146553821888,2.901294053201622
86.36933661601128,0.9470467876283383
86.37720769380368,3.3314102915850206
86.38507877159608,0.7803251022366007
86.39294984938849,1.0040877233042316
86.40082092718087,0.26938509280049383
86.40869200497328,0.3211145946203649
86.41656308276568,0.5324565337039475
86.42443416055808,0.06775762263159277
86.43230523835048,1.2006827182434432
86.44017631614288,3.6551086392676475
86.44804739393528,0.7834195616631581
86.45591847172768,0.06979914462306427
86.46378954952009,0.05330441448697417
86.47166062731249,0.09196936998003621
86.47953170510489,0.7142211291989595
86.48740278289729,1.2018260463663237
86.4952738606897,3.7498920484226983
86.50314493848208,0.02988705514121079
86.51101601627448,0.10795101379293798
86.51888709406688,0.3335187838334464
86.52675817185929,0.25119082859385683
86.53462924965169,0.2803582162778484
86.54250032744409,0.2174169291730415
86.55037140523649,0.2169922546762023
86.55824248302889,0.39890137125286984
86.5661135608213,0.11907547452696174
86.5739846386137,0.6618245081870375
86.5818557164061,1.257238851894981
86.5897267941985,1.9216369728727138
86.5975978719909,1.1523409750806926
86.6054689497833,0.8659726168922998
86.61334002757569,1.0841701931832817
86.62121110536809,0.07114657457262276
86.62908218316049,0.030567152603861086
86.6369532609529,2.0568655404766676
86.6448243387453,5.620933048743108
86.6526954165377,1.6372260089751782
86.6605664943301,0.45421270415768605
86.6684375721225,1.0038158365250889
86.6763086499149,1.5704754965252226
86.6841797277073,0.09621703496198745
86.6920508054997,0.8613641036444558
86.6999218832921,0.21516624998480366
86.70779296108451,0.26660090097447
86.71566403887691,0.4291558099823856
86.7235351166693,0.16129156044935855
86.7314061944617,1.016779334557615
86.7392772722541,0.6945167290431619
86.7471483500465,1.1265381287187355
86.7550194278389,0.1148821843745089
86.7628905056313,0.029082563650106173
86.7707615834237,0.3806882503126405
86.77863266121611,2.087144160095974
86.78650373900851,1.6730051966854205
86.79437481680091,0.7119099629558442
86.80224589459331,0.3409241548852795
86.81011697238571,2.7826225884795304
86.81798805017812,0.7736883885079398
86.8258591279705,0.5554854258996661
86.8337302057629,2.066117547151057
86.8416012835553,0.19096730371449247
86.84947236134771,2.570050906709553
86.85734343914011,0.3620592216015396
86.86521451693251,0.742194996069576
86.87308559472491,0.5053242392618983
86.88095667251731,0.22140032917889932
86.88882775030972,1.0288002591722292
86.89669882810212,1.0145890923413998
86.90456990589452,0.6363929364105814
86.91244098368692,0.14782937026308218
86.92031206147932,0.2607108448749208
86.92818313927172,0.3661403373616897
86.93605421706411,0.10210989169645905
86.94392529485651,3.206923562358622
86.95179637264891,0.43973928218367825
86.95966745044132,0.0587106468305282
86.96753852823372,0.4784854922126042
86.97540960602612,0.625422557554989
86.98328068381852,0.011787315185067149
86.99115176161092,1.6242295927335408
86.99902283940332,0.3793634528977814
87.00689391719573,0.3513257715863057
87.01476499498813,0.8052319946730101
87.02263607278053,1.3587122297028487
87.03050715057293,0.19432207108702665
87.03837822836533,0.7941901450057957
87.04624930615772,0.014055793923441088
87.05412038395012,0.1769745148014812
87.06199146174252,0.9427680858914945
87.06986253953492,0.24949152201976024
87.07773361732733,0.15480195522704263
87.08560469511973,0.6010108806444072
87.09347577291213,0.12505229503805593
87.10134685070453,2.0361126562227256
87.10921792849693,1.7482995724323114
87.11708900628933,0.6445930095734664
87.12496008408174,1.218470835652225
87.13283116187414,1.5453391804784748
87.14070223966654,0.6149595603857094
87.14857331745893,1.4219532147962415
87.15644439525133,4.360682950445718
87.16431547304373,0.6677521941305349
87.17218655083613,1.2352271431355584
87.18005762862853,2.096506826441471
87.18792870642093,1.0815993183459303
87.19579978421334,0.9148219775602996
87.20367086200574,2.63349063205604
87.21154193979814,0.04498262224559069
87.21941301759054,3.802152329756436
87.22728409538294,1.1593331872601682
87.23515517317534,4.159644315340699
87.24302625096774,0.26722209142705294
87.25089732876015,0.5218386269548007
87.25876840655253,2.12381364834859
87.26663948434494,1.069419481163573
87.27451056213734,1.424498457672132
87.28238163992974,0.3348160782585203
87.29025271772214,0.6469408221940999
87.29812379551454,1.0464484813847184
87.30599487330694,0.8648723135856068
87.31386595109934,0.19781665264720996
87.32173702889175,1.0680943249399089
87.32960810668415,0.23607005843785397
87.33747918447655,2.197299547139326
87.34535026226895,0.5045176633166047
87.35322134006135,0.0395180407066635
87.36109241785375,2.224332532675794
87.36896349564614,0.8409527592223065
87.37683457343854,0.5063587396869745
87.38470565123095,1.66401569326485
87.39257672902335,0.7841055847761014
87.40044780681575,0.350841388543011
87.40831888460815,0.47713748406891054
87.41618996240055,0.09676106121089477
87.42406104019295,1.2141928557129051
87.43193211798535,1.2602373603029886
87.43980319577776,1.6222071804637908
87.44767427357016,2.8621953572750214
87.45554535136256,1.6612973772261586
87.46341642915496,0.9140100915784333
87.47128750694735,0.48821268135386875
87.47915858473975,0.05166775314520123
87.48702966253215,0.5145132811701638
87.49490074032455,0.72770669668083
87.50277181811695,4.189044551604049
87.51064289590936,2.809977896816593
87.51851397370176,0.09141641690077582
87.52638505149416,1.9696714584616222
87.53425612928656,2.184555296927384
87.54212720707896,3.4106671946957126
87.54999828487136,0.1287319156047627
87.55786936266377,2.807957619809045
87.56574044045617,2.724147350202054
87.57361151824857,0.26644999866850966
87.58148259604096,0.6563987538449677
87.58935367383336,0.17166262484536407
87.59722475162576,2.1307393368952954
87.60509582941816,0.24370525457215048
87.61296690721056,1.880492477866153
87.62083798500296,0.32666473841192667
87.62870906279537,0.47393591116598816
87.63658014058777,1.0692949096916753
87.64445121838017,0.30941129397733524
87.65232229617257,0.12328884656528187
87.66019337396497,3.5168530138131238
87.66806445175737,1.3599020892822185
87.67593552954978,0.40102253048459074
87.68380660734218,0.3467346281043182
87.69167768513456,1.7554947808662391
87.69954876292697,0.331825220704274
87.70741984071937,0.2991445451626902
87.71529091851177,0.3201290810152324
87.72316199630417,0.5526139741220103
87.73103307409657,0.711768684949566
87.73890415188897,1.2193979340177123
87.74677522968138,1.1471483073042277
87.75464630747378,2.1243409793144843
87.76251738526618,0.3998167076115049
87.77038846305858,0.37716727114948273
87.77825954085098,0.4028605343171505
87.78613061864338,0.5477508728164453
87.79400169643577,0.1346871842208497
87.80187277422817,0.6612971808914302
87.80974385202057,0.9393260076485722
87.81761492981298,0.33542103672186857
87.82548600760538,0.858499962008321
87.83335708539778,0.40873862989665244
87.84122816319018,0.9596978447429125
87.84909924098258,1.300287969998794
87.85697031877498,1.502725758785395
87.86484139656739,0.5344894952757664
87.87271247435979,0.8867816276642353
87.88058355215219,0.19387979124552865
87.88845462994459,1.1915011846354773
87.89632570773699,0.2305752950464634
87.90419678552938,0.5501295610943766
87.91206786332178,1.4941650902971686
87.91993894111418,0.5985270132930621
87.92781001890658,0.6816212365037884
87.93568109669899,1.6235578528311672
87.94355217449139,0.11537665930128549
87.95142325228379,0.5195677569693632
87.95929433007619,0.5347644065873034
87.96716540786859,0.21540972892337695
87.975036485661,2.228464018302034
87.9829075634534,1.059567085872064
87.9907786412458,0.28257846152441357
87.9986497190382,0.617441827953906
88.0065207968306,0.5048048164192116
88.01439187462299,1.345489489910366
88.02226295241539,1.074065490542702
88.03013403020779,0.42493593160175863
88.03800510800019,0.05170807990225932
88.0458761857926,0.10798570552013079
88.053747263585,0.28496938510208947
88.0616183413774,0.22640208049745794
88.0694894191698,0.08589756392734448
88.0773604969622,0.5983903310807166
88.0852315747546,0.6445151663311388
88.093102652547,0.6100862415197033
88.1009737303394,1.6900353098509273
88.1088448081318,4.171665691883173
88.1167158859242,0.903343071036322
88.1245869637166,0.7947000813194165
88.132458041509,2.973863238082995
88.1403291193014,0.8724268659802952
88.1482001970938,0.01594932421768112
88.1560712748862,0.42250615162188754
88.1639423526786,0.8161518898399663
88.171813430471,0.0051972675501387264
88.1796845082634,1.265767157313992
88.18755558605581,3.328749671978954
88.19542666384821,0.6872624824558389
88.20329774164061,0.3900576357736548
88.21116881943301,0.5054850344453011
88.21903989722541,1.1467388221116472
88.2269109750178,1.54057880376568
88.2347820528102,0.5921217797306999
88.2426531306026,2.0713468350619713
88.250524208395,2.3566835779891155
88.25839528618741,0.49773134827986715
88.26626636397981,2.086990926345242
88.27413744177221,1.72153424787884
88.28200851956461,0.021282691897918846
88.28987959735701,1.710268243126191
88.29775067514942,1.3615612423548644
88.30562175294182,5.1718945355332275
88.31349283073422,4.495947058630775
88.32136390852662,9.959837575901643
88.32923498631902,0.3280748255270987
88.33710606411141,0.10493324366403789
88.34497714190381,0.5088821308429362
88.35284821969621,0.1857348903447079
88.36071929748861,0.19964900715449582
88.36859037528102,0.4756947809336305
88.37646145307342,1.6505806567831454
88.38433253086582,1.0621533275382427
88.39220360865822,0.36673840067775904
88.40007468645062,2.9461034725556754
88.40794576424302,0.009268014186112441
88.41581684203543,0.21503461198391224
88.42368791982783,0.07036754221721929
88.43155899762023,1.1145057600932207
88.43943007541262,0.1988802431224309
88.44730115320502,0.3976019089785641
88.45517223099742,1.1923228066877314
88.46304330878982,2.9858322881209927
88.47091438658222,0.7246805970468511
88.47878546437462,0.16844036242447108
88.48665654216703,2.259329137982153
88.49452761995943,1.1918803461391434
88.50239869775183,0.6750805832568528
88.51026977554423,4.788509742762626
88.51814085333663,0.00410238735959778
88.52601193112903,0.0805590442426411
88.53388300892144,2.009479994517613
88.54175408671384,0.12950322101794975
88.54962516450622,1.1548867939685075
88.55749624229863,0.19718863087099978
88.56536732009103,0.8082331448079172
88.57323839788343,0.8467574224406251
88.58110947567583,0.9443778382000798
88.58898055346823,0.5719484137072766
88.59685163126063,0.0018834793011100765
88.60472270905304,0.7131180743101522
88.61259378684544,2.5934463091944386
88.62046486463784,2.866632017962777
88.62833594243024,1.481797135632105
88.63620702022264,0.913775253952433
88.64407809801504,1.4409605569452777
88.65194917580745,2.2667541697299822
88.65982025359983,0.6726589501383838
88.66769133139223,1.9067918176062304
88.67556240918464,1.4965511796551063
88.68343348697704,1.3071844242474584
88.69130456476944,2.655979923454135
88.69917564256184,1.3596447367803897
88.70704672035424,1.4470695930442383
88.71491779814664,3.097228336698435
88.72278887593905,3.3236276258395177
88.73065995373145,1.4230844037531407
88.73853103152385,0.21052376689995062
88.74640210931625,0.2510826065593482
88.75427318710865,1.8935203094901543
88.76214426490104,1.0642790538661289
88.77001534269344,1.1466809138760168
88.77788642048584,1.2022722347404513
88.78575749827824,2.8461029994850633
88.79362857607065,0.26540623919695083
88.80149965386305,2.8440787255204274
88.80937073165545,0.1618125784215868
88.81724180944785,2.4721986462137564
88.82511288724025,0.10097288676158123
88.83298396503265,3.292600706760172
88.84085504282505,1.0967604695995545
88.84872612061746,3.858639053090106
88.85659719840986,0.01636150504410535
88.86446827620226,0.3899295541089438
88.87233935399465,0.30744833060007654
88.88021043178705,1.1907594681013012
88.88808150957945,1.0889134917498553
88.89595258737185,0.5502186770548255
88.90382366516425,0.876423205137805
88.91169474295666,5.4295307479293164
88.91956582074906,1.8362986521185318
88.92743689854146,1.148840594954597
88.93530797633386,1.2856557871317362
88.94317905412626,0.730527479139887
88.95105013191866,0.7468538979297848
88.95892120971106,1.213567451292909
88.96679228750347,1.4227347940255737
88.97466336529587,0.06537896457627855
88.98253444308826,0.2216123487091249
88.99040552088066,0.9132816694260691
88.99827659867306,0.02520673290405064
89.00614767646546,1.1723292479623397
89.01401875425786,0.5493678117326442
89.02188983205026,1.0687784690371949
89.02976090984266,0.45255930171320957
89.03763198763507,0.05856283613472554
89.04550306542747,0.1991308914575984
89.05337414321987,1.3967365351339087
89.06124522101227,2.0704477971899533
89.06911629880467,0.010739662984510992
89.07698737659707,0.011880757094513814
89.08485845438946,0.0034975401712491077
89.09272953218186,2.2373112342104458
89.10060060997426,0.20385625573009228
89.10847168776667,1.7750215232584658
89.11634276555907,6.001412941057538
89.12421384335147,1.9441664363967965
89.13208492114387,0.6428206493044906
89.13995599893627,0.3890698586248642
89.14782707672867,1.5538766046617158
89.15569815452108,0.3348472449457239
89.16356923231348,0.44453680804326773
89.17144031010588,0.0625257000470827
89.17931138789828,0.8092888690303842
89.18718246569068,0.7930276719447628
89.19505354348307,0.5013793824024492
89.20292462127547,1.8144122069093913
89.21079569906787,0.04396862955817477
89.21866677686027,3.1804818962561816
89.22653785465268,0.6195815008400669
89.23440893244508,0.7695157418258888
89.24228001023748,0.19602360132329955
89.25015108802988,1.643113007081795
89.25802216582228,0.4451384402539109
89.26589324361468,0.522374119083886
89.27376432140709,1.8772342873867405
89.28163539919949,3.0190967921404672
89.28950647699189,2.764805162468689
89.29737755478429,1.3253947684251135
89.30524863257668,0.6602805445617612
89.31311971036908,0.5511935288181891
89.32099078816148,0.2899318850784559
89.32886186595388,0.4851662851089709
89.33673294374628,0.15030360556765485
89.34460402153869,0.30324060354681465
89.35247509933109,1.0339563623783925
89.36034617712349,0.8959184970139468
89.36821725491589,2.1740523558883766
89.37608833270829,0.275000506404081
89.3839594105007,1.6189080484832812
89.3918304882931,5.222593841890259
89.3997015660855,0.2973564683162134
89.4075726438779,0.06236352813143701
89.41544372167029,3.2270223507675695
89.42331479946269,0.3181212929519628
89.43118587725509,1.2754733637177262
89.43905695504749,1.750194919745957
89.44692803283989,0.6182088862772659
89.4547991106323,2.1497008345704947
89.4626701884247,0.09410714824628397
89.4705412662171,1.2787816054059629
89.4784123440095,3.8155957247940746
89.4862834218019,0.5929868056107733
89.4941544995943,0.21166458034351587
89.5020255773867,0.636350851022601
89.5098966551791,1.8826908648900702
89.51776773297149,0.4547962971875062
89.5256388107639,0.23504140699852785
89.5335098885563,0.31586730487524406
89.5413809663487,0.289131009336551
89.5492520441411,0.30295152959933974
89.5571231219335,0.6662647393939749
89.5649941997259,0.16434360121509292
89.5728652775183,2.232167435515763
89.5807363553107,0.28442664519148847
89.5886074331031,4.5743144496307275
89.59647851089551,0.6100934106055114
89.60434958868791,0.9348278281932062
89.61222066648031,0.8419042761394719
89.62009174427271,0.01784446570405171
89.6279628220651,0.15833535364908366
89.6358338998575,1.373723403606508
89.6437049776499,0.1231340523628247
89.6515760554423,0.3731693276916828
89.6594471332347,0.4263233062557385
89.66731821102711,0.3940513989817442
89.67518928881951,3.2594094891168943
89.68306036661191,0.18427488078985996
89.69093144440431,0.9802800089606718
89.69880252219671,1.3414082779159695
89.70667359998912,0.3433823452628481
89.71454467778152,0.2454884535104759
89.72241575557392,0.29440101441064864
89.73028683336632,0.442138127046943
89.73815791115871,1.8637566813832822
89.74602898895111,1.7299683181393046
89.75390006674351,0.051907144988210474
89.76177114453591,0.3805278436720862
89.76964222232832,0.347378854429644
89.77751330012072,0.14671484905578885
89.78538437791312,2.1139832721449845
89.79325545570552,0.3147460691964449
89.80112653349792,1.730285448058844
89.80899761129032,0.18531009578085825
89.81686868908272,0.05097389367907307
89.82473976687513,1.4718728418796172
89.83261084466753,0.3305411731421746
89.84048192245992,0.3504921468333142
89.84835300025232,0.9772690987184116
89.85622407804472,3.105915402443746
89.86409515583712,1.3601427965261654
89.87196623362952,3.8022975890071153
89.87983731142192,1.8939644119200272
89.88770838921432,0.5854908215476927
89.89557946700673,0.7930911197566034
89.90345054479913,0.5396792855761972
89.91132162259153,2.100808676985911
89.91919270038393,0.4846934667152021
89.92706377817633,3.493125826832393
89.93493485596873,0.2934637159994479
89.94280593376114,0.1213827393418725
89.95067701155352,0.2291347794235157
89.95854808934592,0.22340808674783263
89.96641916713833,0.18760733410246755
89.97429024493073,0.9222274802205115
89.98216132272313,0.5539375358151516
89.99003240051553,0.8574663190689955
89.99790347830793,1.132828950420009
90.00577455610033,0.7115051980571186
90.01364563389274,1.5308533550280472
90.02151671168514,0.901236053046567
90.02938778947754,1.2372792063671407
90.03725886726994,0.0200744741898828
90.04512994506234,0.3500840033140341
90.05300102285474,0.8396048120992773
90.06087210064713,0.4246646937695374
90.06874317843953,0.219182064093853
90.07661425623192,0.320023273678168
90.08448533402434,0.2582479321436868
90.09235641181674,0.3044579214506726
90.10022748960914,0.051274580655852046
90.10809856740154,1.4534373163324739
90.11596964519394,0.22097575975097386
90.12384072298634,0.07124643392758566
90.13171180077876,0.16809617757634115
90.13958287857116,0.45665611222314206
90.14745395636356,0.5685071886967884
90.15532503415596,0.3867423736585253
90.16319611194834,0.2859206293147133
90.17106718974074,0.2294337387943525
90.17893826753314,0.4717449002651024
90.18680934532554,0.23708196602998283
90.19468042311794,0.8030273236453014
90.20255150091036,0.5488173338230805
90.21042257870276,0.6692393497800054
90.21829365649516,0.2767917540321379
90.22616473428756,1.9297447218541113
90.23403581207997,0.9816866143284546
90.24190688987235,0.8389115453831568
90.24977796766476,5.123228599520904
90.25764904545716,0.7289430684099919
90.26552012324956,1.8581312252616926
90.27339120104196,0.31098463670918874
90.28126227883436,0.009442620822081176
90.28913335662676,0.4708550185760234
90.29700443441916,0.011085133146824733
90.30487551221157,0.8842645049453787
90.31274659000395,0.6263109534229263
90.32061766779636,1.4361670637200499
90.32848874558876,0.2575869244268353
90.33635982338116,1.0776861897865468
90.34423090117356,0.1867263820441482
90.35210197896596,1.3570581603967984
90.35997305675836,0.24305475376102584
90.36784413455077,4.136120080956742
90.37571521234317,0.9034856248912444
90.38358629013555,0.663234641803698
90.39145736792796,0.08600809611452684
90.39932844572036,0.12992742473125785
90.40719952351276,0.6626464033790292
90.41507060130516,0.161193247902629
90.42294167909756,2.0329329147553508
90.43081275688996,1.478842710380315
90.43868383468237,1.7524380653194915
90.44655491247477,2.2272045776633873
90.45442599026715,0.1697418192363564
90.46229706805956,0.023126035445410847
90.47016814585196,0.8905653873858991
90.47803922364436,0.5082676697621763
90.48591030143676,1.3464330053776492
90.49378137922916,2.6060244850266434
90.50165245702156,0.20811050014108354
90.50952353481397,0.4442190004917177
90.51739461260637,1.5768261254678828
90.52526569039875,0.2660116485509938
90.53313676819116,3.051374906774386
90.54100784598356,0.2696399568783726
90.54887892377596,0.7538187122378142
90.55675000156836,3.314708833765383
90.56462107936078,1.5031860269515085
90.57249215715318,0.24153445986029395
90.58036323494558,0.8504167484536942
90.58823431273798,2.1143903395465675
90.59610539053035,0.07964303495724896
90.60397646832276,0.234398570026268
90.61184754611516,2.1983686468217702
90.61971862390756,0.007728552645190143
90.62758970169996,0.6931517010702032
90.63546077949238,1.754225505537107
90.64333185728478,0.7743948969511516
90.65120293507718,0.006894851792114736
90.65907401286958,0.6884183593827924
90.66694509066198,2.070695791658905
90.67481616845438,1.959217032826028
90.6826872462468,0.8357908613312902
90.6905583240392,0.22438745463617332
90.6984294018316,1.1065286069864002
90.70630047962398,1.7930511294410685
90.71417155741638,0.882565464380593
90.72204263520878,1.1691236985646676
90.72991371300118,1.5872244845764905
90.73778479079358,0.1683629526253069
90.74565586858598,0.37209334770322156
90.7535269463784,1.2539227449345705
90.7613980241708,0.002252475404654737
90.7692691019632,0.6564168451395456
90.7771401797556,1.192686299858037
90.785011257548,0.7731957549038893
90.7928823353404,0.34159295249824334
90.8007534131328,0.5987566181548017
90.80862449092518,1.4056875910705857
90.81649556871758,2.2888751552541495
90.82436664651,1.5240022962013733
90.8322377243024,0.40432773157438967
90.8401088020948,1.0912651265391788
90.8479798798872,0.9586530525598277
90.8558509576796,0.34931094654477174
90.863722035472,0.30104360209748926
90.8715931132644,0.5240893269560203
90.8794641910568,0.7133247742386892
90.8873352688492,2.5720581785417798
90.8952063466416,2.5150769766904664
90.903077424434,1.0383681911931737
90.9109485022264,0.09630464405191363
90.9188195800188,0.8408470370377163
90.9266906578112,0.5562463651759791
90.9345617356036,0.25101777114708435
90.942432813396,0.05013065612700785
90.9503038911884,0.1574520910488945
90.9581749689808,0.25986137408706944
90.9660460467732,0.31711827325676456
90.9739171245656,0.7476534850700022
90.981788202358,1.1125564110232853
90.9896592801504,0.8334997218797566
90.9975303579428,0.4114520376338806
91.0054014357352,0.5517252431413094
91.0132725135276,1.9122028570571374
91.02114359132,0.020749004420490314
91.0290146691124,0.1165082095296292
91.0368857469048,0.1444356547663749
91.0447568246972,0.06575682837262652
91.0526279024896,0.7378124603621671
91.060498980282,0.5541586424719002
91.0683700580744,0.05500250730211906
91.0762411358668,0.43840727284356423
91.0841122136592,0.12578934695944413
91.0919832914516,0.8853576546050774
91.099854369244,0.7084761635356068
91.10772544703642,0.5396024377656251
91.11559652482882,0.0697751837505491
91.12346760262122,0.11356882089897329
91.1313386804136,0.7484401459900231
91.139209758206,0.19403222962664066
91.1470808359984,0.9787999564100628
91.1549519137908,1.1926298578544436
91.1628229915832,0.5361123601026796
91.1706940693756,2.8442896221905247
91.17856514716802,1.721175075792038
91.18643622496042,2.8621720101902155
91.19430730275282,2.4190455278498253
91.20217838054522,4.679560601804368
91.21004945833762,0.571326621389762
91.21792053613002,2.6435756267227326
91.22579161392242,1.6548935109920084
91.23366269171484,0.8403694736144985
91.2415337695072,0.4760026635004874
91.24940484729962,0.22659786162228765
91.25727592509202,0.7680958174013685
91.26514700288442,0.4668053868348555
91.27301808067682,0.6327239629946688
91.28088915846922,3.226309818328366
91.28876023626162,3.430690202354648
91.29663131405404,0.241967425956652
91.30450239184644,0.506641198928675
91.31237346963884,0.732495076335957
91.32024454743124,2.452567575740979
91.32811562522365,0.08763329722509029
91.33598670301603,1.654090866543184
91.34385778080843,0.8911828836223755
91.35172885860082,0.1283983060226229
91.35959993639322,0.05797583295028786
91.36747101418564,0.21676454239855103
91.37534209197804,0.6562457970445411
91.38321316977044,0.3492377780903102
91.39108424756284,1.1900157228049453
91.39895532535525,0.25973056594951865
91.40682640314763,4.372523840811025
91.41469748094003,0.02587272370202383
91.42256855873244,0.03048975572290827
91.43043963652484,0.4650094364648923
91.43831071431724,0.6283945269490251
91.44618179210964,0.46081503674282753
91.45405286990204,0.6201902752816069
91.46192394769444,4.894525119863027
91.46979502548685,0.0849895273709604
91.47766610327923,0.07972101200500754
91.48553718107163,0.05684123614450959
91.49340825886404,0.0071495276989945655
91.50127933665644,1.0492241608859822
91.50915041444884,0.00925753715554488
91.51702149224124,0.20491845982627177
91.52489257003364,0.35766535863473803
91.53276364782604,1.5436379137585419
91.54063472561845,0.5799903728495506
91.54850580341083,2.4646519058043825
91.55637688120324,2.486171575497171
91.56424795899564,2.9537720732002453
91.57211903678804,1.0762874661467976
91.57999011458044,1.370427262996188
91.58786119237284,0.6587396954048249
91.59573227016524,0.45448788496533876
91.60360334795764,5.448038278408263
91.61147442575005,0.07722188564461384
91.61934550354243,0.3345039668228619
91.62721658133484,0.27116296324416483
91.63508765912724,2.352604575059775
91.64295873691964,5.902720301596701
91.65082981471204,0.312507438088405
91.65870089250446,0.49134255885526734
91.66657197029686,0.21036890071362063
91.67444304808924,1.1703896163543965
91.68231412588165,0.3615261648495015
91.69018520367403,1.2835996150714397
91.69805628146644,0.6091514900096553
91.70592735925884,0.2751702953783022
91.71379843705124,0.12025802354175952
91.72166951484364,0.4484052748860889
91.72954059263606,0.09808622881947658
91.73741167042846,0.30680258166958546
91.74528274822086,1.8710917471877062
91.75315382601326,1.0850429754319433
91.76102490380566,1.0213884921872545
91.76889598159806,0.9400538895701543
91.77676705939044,1.3817533436996319
91.78463813718284,0.5596316936235695
91.79250921497524,0.6342905784677328
91.80038029276766,0.3294466822658207
91.80825137056006,1.66411028263275
91.81612244835246,0.20374916992063707
91.82399352614486,1.4223248126749055
91.83186460393726,0.5843224897967023
91.83973568172966,0.26414733525833844
91.84760675952208,1.3990955761763355
91.85547783731448,1.632210288700002
91.86334891510688,0.19321858472339337
91.87121999289928,0.07154300957226813
91.87909107069169,1.2210640244625148
91.88696214848406,0.010988341310609247
91.89483322627646,0.9908944430858785
91.90270430406886,0.9694678909215952
91.91057538186126,0.3816447374048859
91.91844645965368,0.25464124488421414
91.92631753744608,0.17482251775908145
91.93418861523848,0.4245654954422602
91.94205969303088,1.3612116108270533
91.94993077082329,0.0834405227154413
91.95780184861567,0.2686077208775352
91.96567292640808,0.25823671261175263
91.97354400420048,0.9600981983456721
91.98141508199288,0.9164943875029733
91.98928615978528,0.6588895513320377
91.99715723757768,0.22322622920171487
92.00502831537008,0.06152739157244636
92.01289939316248,0.7113506147132548
92.02077047095489,0.04781512688338575
92.02864154874727,0.28603646466083443
92.03651262653968,1.1161472129995604
92.04438370433208,0.909071898733222
92.05225478212448,1.5174540577600444
92.06012585991688,1.8443963676403585
92.06799693770928,0.26045884967651095
92.07586801550168,0.15194703637670057
92.08373909329408,0.11793227571440576
92.09161017108649,1.2160340717561045
92.09948124887887,0.6897422032013452
92.10735232667128,1.5846517318133215
92.11522340446368,0.16268879899704874
92.12309448225608,0.49608021169677813
92.13096556004848,0.13928093288522236
92.13883663784088,0.19583322301227507
92.14670771563328,0.70580061029866
92.15457879342569,0.2543764661834002
92.16244987121809,0.6969226002052181
92.17032094901047,0.15112383158228143
92.17819202680288,0.04367176576444027
92.18606310459528,0.6982063270810207
92.1939341823877,1.006346749698544
92.2018052601801,0.06436031961309022
92.20967633797248,0.9463467220877023
92.21754741576488,2.824733964288324
92.22541849355729,1.4118402639826295
92.23328957134969,0.7333327671893392
92.24116064914207,3.3461994212874986
92.24903172693448,0.1319271249198602
92.25690280472688,0.5813153313153306
92.2647738825193,0.35812490877892944
92.2726449603117,2.490018035493239
92.2805160381041,0.40967136819040506
92.2883871158965,0.0026372605600072175
92.2962581936889,3.6308841338185087
92.3041292714813,2.2298963600133708
92.3120003492737,0.238101138534112
92.31987142706608,0.2565291158225024
92.32774250485848,0.9780940113634484
92.3356135826509,1.3856902028999931
92.3434846604433,0.541817790206501
92.3513557382357,0.6615744441611247
92.3592268160281,1.9872222161380309
92.3670978938205,1.8581503227965572
92.3749689716129,1.2774832284477535
92.3828400494053,0.2143128864953689
92.3907111271977,1.9545586478595696
92.3985822049901,0.4794845001246675
92.40645328278252,0.451426419458687
92.41432436057492,0.6390147871748867
92.4221954383673,1.3613422315330967
92.4300665161597,1.361160921822416
92.4379375939521,0.2722022245110902
92.4458086717445,0.10958156752538563
92.4536797495369,0.18186130740456088
92.4615508273293,0.051876461668644146
92.4694219051217,0.14752439984556437
92.47729298291412,0.13277037174014966
92.48516406070652,0.6315240396298522
92.49303513849893,0.9325810794410279
92.50090621629133,0.22450368328673495
92.50877729408371,0.46745042739370424
92.51664837187612,0.06343243146174778
92.52451944966852,0.3650899536815342
92.5323905274609,0.4392217523053437
92.5402616052533,0.5446945360508157
92.54813268304572,0.054741467734831836
92.55600376083812,0.08466051473237363
92.56387483863053,0.5740391433231058
92.57174591642293,0.025647959454717022
92.57961699421531,0.7714526667777267
92.58748807200772,0.3581560933895035
92.59535914980012,0.13477678222509304
92.60323022759252,1.310987138645581
92.61110130538492,1.0677893999486237
92.61897238317732,0.5286744374086852
92.62684346096972,0.003914070638428321
92.63471453876213,0.0016614482294659034
92.64258561655453,0.8995691493957944
92.65045669434691,0.15305346230840264
92.65832777213932,1.3614878482813317
92.66619884993172,0.13816938826396988
92.67406992772412,0.42830580209531327
92.68194100551652,2.4270653612373776
92.68981208330892,0.6776739200484175
92.69768316110132,3.3666619112878764
92.70555423889373,0.037635828121611876
92.71342531668613,4.604878665277977
92.72129639447851,0.25547837377565796
92.72916747227092,0.06227617170533698
92.73703855006332,2.0534762965983013
92.74490962785572,0.5799013903704912
92.75278070564812,0.0861489408314418
92.76065178344052,0.4624877477661932
92.76852286123292,0.5728235619554102
92.77639393902533,0.10165592535976803
92.78426501681771,0.01403514434400476
92.79213609461011,0.20950523804140364
92.80000717240252,0.04885060125052471
92.80787825019492,0.4313952859925545
92.81574932798732,0.3256349118920467
92.82362040577974,0.8531249340344665
92.83149148357214,0.9857268244349507
92.83936256136454,0.09642784863061467
92.84723363915694,0.4192089660036635
92.85510471694931,1.173392441044955
92.86297579474171,1.051433530665503
92.87084687253412,0.7212045873057543
92.87871795032652,0.18531922945663015
92.88658902811892,0.32856274122973406
92.89446010591134,0.592525196806649
92.90233118370374,0.6309768840010749
92.91020226149614,0.09328643383403533
92.91807333928854,0.787824362277128
92.92594441708094,0.463136265264258
92.93381549487334,2.3758411196382117
92.94168657266574,1.2144033256267373
92.94955765045816,0.5232699999636496
92.95742872825056,0.41651639812425906
92.96529980604294,0.4754337307805423
92.97317088383534,0.004916022574018932
92.98104196162774,2.635778955216534
92.98891303942014,0.3021084946406588
92.99678411721254,0.7063989276228696
93.00465519500494,0.12068506261146347
93.01252627279734,1.3021972289150179
93.02039735058976,0.3461701920839204
93.02826842838216,0.5982003179016391
93.03613950617456,0.0424922875080846
93.04401058396697,0.2903306744620641
93.05188166175935,0.5974056139075021
93.05975273955175,0.11011341598802711
93.06762381734416,0.0014630129757132067
93.07549489513654,0.2939629056123531
93.08336597292896,0.029254888276175502
93.09123705072136,0.35398745268451143
93.09910812851376,0.34872049807036354
93.10697920630616,1.4270408161895496
93.11485028409857,0.6477596184143125
93.12272136189095,0.15509062136220736
93.13059243968335,0.3451847590231828
93.13846351747576,1.1167029021897403
93.14633459526816,2.7305814036818883
93.15420567306056,2.4208356315412254
93.16207675085296,0.14495738828772955
93.16994782864536,3.024908073712177
93.17781890643776,1.8441978258671663
93.18568998423017,0.5536241342342201
93.19356106202255,0.057828372758065884
93.20143213981495,0.3905485626366016
93.20930321760736,2.2641503325734624
93.21717429539976,0.38805679230297674
93.22504537319216,0.7749266786782257
93.23291645098456,2.6637637695065286
93.24078752877696,1.789625581162863
93.24865860656936,3.7909167180804637
93.25652968436177,1.9937861931346936
93.26440076215415,0.5476352070128497
93.27227183994655,1.1510995289458925
93.28014291773896,0.8762529994112275
93.28801399553136,0.22754379422917012
93.29588507332376,0.06639626600133355
93.30375615111616,3.9321178010720064
93.31162722890856,3.406849693924973
93.31949830670096,0.3251918981646865
93.32736938449337,0.4054142885771126
93.33524046228575,0.0592997297392844
93.34311154007816,0.28670480034266194
93.35098261787056,0.3365416756539791
93.35885369566296,1.2298453989260982
93.36672477345536,2.1940270304390483
93.37459585124778,5.28613732823011
93.38246692904018,0.3837823647515894
93.39033800683258,1.4213669663508253
93.39820908462497,0.0029408276302689477
93.40608016241735,0.07560367847972597
93.41395124020976,0.23377496409490475
93.42182231800216,0.8577829814154375
93.42969339579456,0.8022104370373944
93.43756447358696,0.5600302917120775
93.44543555137938,0.32380935114001413
93.45330662917178,1.7623996846376764
93.46117770696418,0.6466337284593583
93.46904878475658,2.475627474872854
93.47691986254898,0.97969174650327
93.48479094034138,1.3378143242377698
93.4926620181338,1.1067277746938882
93.50053309592616,0.9047594719287482
93.50840417371856,0.7580832970617928
93.51627525151098,1.0664422827210198
93.52414632930338,0.22903667302649403
93.53201740709578,0.2840834678533179
93.53988848488818,0.44143038796554945
93.54775956268058,0.6172106889760488
93.55563064047298,0.1520911156236677
93.5635017182654,0.11243237838778286
93.5713727960578,0.2138520984330139
93.5792438738502,1.1759854209044924
93.5871149516426,0.32276135816069357
93.594986029435,0.9438610595261494
93.6028571072274,0.27220719084540446
93.61072818501978,0.2930043149081932
93.61859926281218,2.1175842012970647
93.62647034060458,1.9030215820465477
93.634341418397,0.008670352750069096
93.6422124961894,0.28987256180518467
93.6500835739818,0.048447297520179664
93.6579546517742,2.6131538051628866
93.6658257295666,2.2509795981586818
93.673696807359,2.346816441060311
93.6815678851514,0.2805828105274442
93.6894389629438,0.9567241120683287
93.6973100407362,1.2339337309727227
93.7051811185286,2.1786654438627164
93.713052196321,1.2925527038486222
93.7209232741134,1.1868928465195216
93.7287943519058,1.03314187329165
93.7366654296982,1.88166460731014
93.7445365074906,0.5820677633584956
93.752407585283,0.26997262819957973
93.7602786630754,0.35967270716710203
93.7681497408678,0.9120961374725838
93.7760208186602,0.7999403139568431
93.7838918964526,1.7418199710417033
93.791762974245,1.442338007937357
93.7996340520374,0.5882778081811695
93.8075051298298,2.7327748346919534
93.8153762076222,3.4403631322244315
93.8232472854146,2.4471218404821253
93.831118363207,0.6901653417374932
93.8389894409994,3.0531889848659404
93.8468605187918,0.0787120630512416
93.8547315965842,2.0454500956187505
93.8626026743766,3.5516776558660235
93.870473752169,0.9004437490367646
93.8783448299614,0.39225208986448595
93.8862159077538,0.7243926770474998
93.8940869855462,1.2347714407943495
93.9019580633386,3.717191748439665
93.909829141131,1.5558839726086258
93.9177002189234,1.6697616500572925
93.92557129671582,0.03426435733410377
93.9334423745082,0.7746242820162148
93.9413134523006,1.0068002226651356
93.949184530093,0.2569494859527943
93.9570556078854,2.512595755859173
93.9649266856778,1.2891245622063454
93.9727977634702,1.2167870382269919
93.9806688412626,1.4607459600770751
93.988539919055,0.9884028773190658
93.99641099684742,0.17099819337693728
94.00428207463982,0.8802907618002611
94.01215315243222,0.10374536858899752
94.02002423022462,0.1310807873668309
94.02789530801702,0.8206592471815619
94.03576638580942,0.8892288581442802
94.0436374636018,3.287793936649797
94.0515085413942,0.41948278842581943
94.0593796191866,0.3102020694876612
94.06725069697902,0.19551248500079332
94.07512177477142,2.564708696699726
94.08299285256382,3.4179325159583613
94.09086393035622,0.7429253449948947
94.09873500814862,1.924925595321981
94.10660608594102,0.513839724159691
94.11447716373344,0.125757510144213
94.12234824152584,0.7141561160955223
94.13021931931824,1.5427225003789882
94.13809039711064,0.9945653174231864
94.14596147490302,0.7335656275225871
94.15383255269542,0.32172454448666654
94.16170363048782,1.621004612983276
94.16957470828022,0.6614674889952502
94.17744578607262,0.9529618385685922
94.18531686386504,1.804442072186081
94.19318794165744,2.7975563234349288
94.20105901944984,0.8541339056770475
94.20893009724224,1.831116508291354
94.21680117503465,1.9623079418954525
94.22467225282703,0.0678310841030673
94.23254333061944,1.8079042971176251
94.24041440841184,0.008412196062801424
94.24828548620424,1.7375958495207022
94.25615656399664,1.1790087082419918
94.26402764178904,0.2665289426776935
94.27189871958144,0.5453448359043044
94.27976979737385,1.6972790792307921
94.28764087516625,0.03414595158748317
94.29551195295863,1.527647474872131
94.30338303075104,0.18419846203003967
94.31125410854344,1.0236119039668445
94.31912518633584,0.011156189453019208
94.32699626412824,3.006988147953602
94.33486734192064,1.4421601077887152
94.34273841971304,0.9970170505439582
94.35060949750545,2.589802980653759
94.35848057529785,3.064514329877558
94.36635165309023,0.10540746211668241
94.37422273088264,0.6820020749504707
94.38209380867504,0.5154520732294383
94.38996488646744,5.578194625548195
94.39783596425984,0.23145092466953945
94.40570704205224,1.2190899983758734
94.41357811984464,0.41577212516047907
94.42144919763705,1.0993646869158766
94.42932027542945,2.397660536745765
94.43719135322183,0.6426808171375655
94.44506243101424,0.648878185656735
94.45293350880664,0.2996395000206833
94.46080458659904,1.1765478955935094
94.46867566439144,3.754378799798391
94.47654674218384,2.5847093373118617
94.48441781997624,3.1551834587612317
94.49228889776865,1.575507904180539
94.50015997556105,0.3078498717227067
94.50803105335343,0.5148744798504625
94.51590213114584,0.6111223894760951
94.52377320893824,1.7839421042100603
94.53164428673064,1.5655329494293702
94.53951536452306,0.14457810823559664
94.54738644231546,3.322792449811407
94.55525752010786,0.8505471319242838
94.56312859790026,4.416606716271594
94.57099967569266,0.09957155244236787
94.57887075348503,0.8327918750942347
94.58674183127744,0.7360412758148247
94.59461290906984,2.4282311423251985
94.60248398686224,0.432688601969587
94.61035506465466,1.2558266527380189
94.61822614244706,1.0465943736203143
94.62609722023946,0.8661009959005267
94.63396829803186,1.0773319490649864
94.64183937582426,0.4632099322793829
94.64971045361666,1.1975841546383814
94.65758153140906,5.426050615228116
94.66545260920148,0.2933816583635953
94.67332368699388,1.622274799393783
94.68119476478628,1.960208552300707
94.68906584257866,1.2556311829970281
94.69693692037106,0.16191173052484184
94.70480799816346,0.7775745836982899
94.71267907595586,1.2404375038171678
94.72055015374826,0.7251615295351816
94.72842123154066,0.09293087651286559
94.73629230933308,0.022025265459831894
94.74416338712548,3.234999431652978
94.75203446491788,0.7623294045746323
94.75990554271029,0.8526185741627555
94.76777662050269,0.8977009673964833
94.77564769829507,1.7231931745825781
94.78351877608748,1.6585690689329746
94.79138985387986,0.8117056525081736
94.79926093167226,0.14705421635614305
94.80713200946468,1.7257982324120176
94.81500308725708,0.09587980582559721
94.82287416504948,1.1537982986140796
94.83074524284189,0.5286558240654151
94.83861632063427,2.7540556158980167
94.84648739842667,0.03374960369315139
94.85435847621908,0.16595434920199145
94.86222955401148,0.2623431806270126
94.87010063180388,0.7626800104781307
94.87797170959628,0.5496920353126079
94.88584278738868,0.11175270240693529
94.89371386518108,0.22989486058295605
94.90158494297349,1.0888897275385256
94.90945602076587,0.19765937864084193
94.91732709855827,0.2835954382251116
94.92519817635068,0.9266541007356646
94.93306925414308,0.1360859323998978
94.94094033193548,0.09861146197649565
94.94881140972788,0.21303284951673185
94.95668248752028,1.3392644669663103
94.96455356531268,0.12338927938397327
94.97242464310509,1.9045565845865868
94.98029572089747,0.3558273333601328
94.98816679868987,0.9090205426501362
94.99603787648228,0.9608102924703756
95.00390895427468,0.01093975245986623
95.01178003206708,0.934198553721861
95.01965110985948,0.1008433752424714
95.02752218765188,1.6343410209155236
95.03539326544428,0.44827216533204467
95.04326434323669,0.047705339179593104
95.05113542102907,2.1870153365480354
95.05900649882147,1.6011367582809912
95.06687757661388,0.16594286541221034
95.07474865440628,0.3068769142320594
95.0826197321987,0.7120986438375883
95.0904908099911,0.1753168951226404
95.0983618877835,0.29894551948025827
95.1062329655759,0.15963127359960572
95.11410404336829,0.48469971660929484
95.12197512116067,0.14566311718111544
95.12984619895308,0.5381648530312831
95.13771727674548,0.5586509894872974
95.14558835453788,1.090534347218283
95.1534594323303,0.6795083921715128
95.1613305101227,0.03427376525656745
95.1692015879151,1.0139062202077567
95.1770726657075,0.30999875447227915
95.1849437434999,0.8702650427881476
95.1928148212923,1.4565363562235105
95.2006858990847,0.8659075664717222
95.2085569768771,0.6203363454410002
95.2164280546695,2.031937109076775
95.2242991324619,0.2998058533558858
95.2321702102543,0.1599593239693313
95.2400412880467,1.8495082982804893
95.2479123658391,0.21210672567727792
95.2557834436315,0.42671853271681237
95.2636545214239,3.2971219351509706
95.2715255992163,0.1149885436191511
95.2793966770087,0.5581903511086483
95.2872677548011,1.7192090451025337
95.29513883259352,0.19460953427050107
95.30300991038592,0.40893011944468227
95.31088098817833,0.34122299412108864
95.31875206597071,0.3942285479547937
95.32662314376311,0.32499217713123263
95.3344942215555,0.48681348354578063
95.3423652993479,1.015585172101157
95.3502363771403,0.6159915465397874
95.3581074549327,3.167171511111866
95.36597853272512,0.4095915902161982
95.37384961051752,1.246748700730913
95.38172068830993,1.8257751075413753
95.38959176610231,1.4148117676745788
95.39746284389471,2.0001303525851997
95.40533392168712,1.5921219816086083
95.41320499947952,0.6287763520673859
95.42107607727192,0.5831891369218222
95.42894715506432,0.9960911866065979
95.43681823285672,0.3828111944256707
95.44468931064912,3.563305648168844
95.45256038844153,0.1869837659339368
95.46043146623391,0.3728735188980934
95.46830254402632,0.04891958492927966
95.47617362181872,1.807239541433204
95.48404469961112,1.6429027993442291
95.49191577740352,0.7227608550436181
95.49978685519592,0.7788506829786647
95.50765793298832,0.281594607744261
95.51552901078072,0.08901255746858042
95.52340008857313,0.5014947241887625
95.53127116636551,1.547936125948708
95.53914224415792,0.31098134648919806
95.54701332195032,0.26080861591716026
95.55488439974272,0.11009669023769748
95.56275547753512,0.9982592826083053
95.57062655532752,1.14205042888658
95.57849763311992,2.9934366569963164
95.58636871091232,0.40871080225331957
95.59423978870473,0.416622005738437
95.60211086649711,0.6660109014766238
95.60998194428952,0.10713038807563333
95.61785302208192,0.7382925376583648
95.62572409987432,0.7989088927819011
95.63359517766672,2.1909636276987325
95.64146625545914,1.7711438237634411
95.64933733325154,2.0677167467771036
95.65720841104392,0.4216747087056683
95.66507948883633,1.0217926046270465
95.67295056662871,0.6613123831805845
95.68082164442112,1.2206654455208228
95.68869272221352,0.09867717502807524
95.69656380000592,0.8056046888136562
95.70443487779832,0.12016589118883655
95.71230595559074,0.6232528406677849
95.72017703338314,3.191298853843522
95.72804811117554,0.16085159637315732
95.73591918896794,0.19004394338170869
95.74379026676034,0.6614210471290589
95.75166134455274,0.1015550794172518
95.75953242234512,0.3511978239768002
95.76740350013752,0.7317409759524542
95.77527457792992,0.49187034739469115
95.78314565572234,0.7063004827626617
95.79101673351474,4.279734791206943
95.79888781130714,1.8014651560381991
95.80675888909954,2.661229910610151
95.81462996689194,0.9306215918388572
95.82250104468434,1.6348449436737256
95.83037212247676,0.3431721888373248
95.83824320026916,0.12968764878148928
95.84611427806156,0.8404403106294723
95.85398535585396,0.2913213825091524
95.86185643364637,0.5118006832811816
95.86972751143874,0.34945432757703077
95.87759858923114,3.0029874676678836
95.88546966702354,2.315776428885204
95.89334074481594,1.0651190015738887
95.90121182260836,0.44036843476147736
95.90908290040076,0.13571437106984086
95.91695397819316,0.5782587266164205
95.92482505598556,0.26365814636303636
95.93269613377797,0.583284378524719
95.94056721157035,0.5260852040481803
95.94843828936276,0.21160186886425464
95.95630936715516,2.180286863702884
95.96418044494756,1.557714353390036
95.97205152273996,0.5636357042635918
95.97992260053236,0.47374526309338777
95.98779367832476,1.234098494543099
95.99566475611716,0.32413147550015053
96.00353583390957,2.6482482427427416
96.01140691170195,0.867019247086932
96.01927798949436,0.7810290643197649
96.02714906728676,1.3160508380887508
96.03502014507916,0.177683681418669
96.04289122287156,1.3355427422196537
96.05076230066396,0.6204180477407613
96.05863337845636,0.08906970446192954
96.06650445624877,1.6366132373735098
96.07437553404117,7.437556412898174
96.08224661183355,2.2432901451500022
96.09011768962596,0.1575885398245746
96.09798876741836,1.4325185370479634
96.10585984521076,0.020692605222225817
96.11373092300316,2.24082953151442
96.12160200079556,0.28886271860975
96.12947307858796,0.3453846139814817
96.13734415638037,1.089067040306095
96.14521523417277,0.39552972837836897
96.15308631196515,0.4689231927418206
96.16095738975756,0.49449874771309316
96.16882846754996,1.8318488288696395
96.17669954534236,0.4959970055017707
96.18457062313476,0.26803743246214307
96.19244170092716,0.15044813452266015
96.20031277871956,0.5250310854760168
96.20818385651197,1.0485373483844576
96.21605493430437,0.6136467628191952
96.22392601209675,0.8900207853770665
96.23179708988916,1.1499726934020897
96.23966816768156,1.258949089000052
96.24753924547396,1.652642344071965
96.25541032326636,1.3983955390555154
96.26328140105878,1.0726981220744238
96.27115247885118,0.05030087805888524
96.27902355664358,0.12273374227905094
96.28689463443598,0.01586135595904654
96.29476571222838,0.6783798934313556
96.30263679002076,0.38963572717653455
96.31050786781316,0.781022008932643
96.31837894560556,0.603977692574319
96.32625002339798,0.5133519652815456
96.33412110119038,0.34677472527378933
96.34199217898278,0.8774119466574045
96.34986325677518,1.0265879322990266
96.35773433456758,0.8144847563426433
96.36560541235998,0.6771944905985268
96.37347649015238,1.5883400052795669
96.3813475679448,0.4658073733205003
96.3892186457372,0.16959290742478628
96.3970897235296,1.9077681112339444
96.40496080132198,0.5992079837595795
96.41283187911438,1.2606595751558738
96.42070295690678,0.4203174812827868
96.42857403469918,0.14589283558031932
96.43644511249158,0.40608342363515554
96.44431619028398,0.26061758766900245
96.4521872680764,0.4440377540684863
96.4600583458688,0.8751263949635584
96.4679294236612,0.34849415138774636
96.4758005014536,0.37534671498635946
96.483671579246,0.6836233152877793
96.4915426570384,0.8585489676497966
96.4994137348308,0.2301049753680873
96.5072848126232,0.15999623768179475
96.51515589041558,0.08259153658586431
96.523026968208,0.6493232355062625
96.5308980460004,1.6234020291488156
96.5387691237928,1.1480887054573439
96.5466402015852,0.5674340683096206
96.5545112793776,1.015679643121849
96.56238235717,0.7206030085291727
96.5702534349624,4.979033119576214
96.5781245127548,3.479589918269825
96.5859955905472,0.7611656043770568
96.5938666683396,0.35622208287672846
96.601737746132,0.8986510099820878
96.6096088239244,0.45570404922482344
96.6174799017168,0.6705560087502626
96.6253509795092,0.02619696900685435
96.6332220573016,0.2971234935218351
96.641093135094,0.5366334731746416
96.6489642128864,0.2304739625120814
96.6568352906788,0.691264712887569
96.6647063684712,0.37680630111560603
96.6725774462636,0.13845938080543949
96.680448524056,0.5277293158950407
96.6883196018484,0.14317923479483288
96.6961906796408,0.2741063917924408
96.7040617574332,1.9966966711027332
96.7119328352256,0.7242728277257399
96.719803913018,0.3191294555134981
96.7276749908104,1.257711618785703
96.7355460686028,0.11068237839184711
96.7434171463952,1.0241429814828662
96.7512882241876,0.047470832314827516
96.75915930198,2.163022734134739
96.7670303797724,2.57554010655839
96.7749014575648,0.2791971913653923
96.7827725353572,0.41357967713264243
96.7906436131496,2.6775856662779822
96.798514690942,2.269498729571335
96.80638576873442,0.22430316315468946
96.81425684652682,0.03376959087895885
96.82212792431922,1.7380871195480954
96.82999900211162,0.8232974048733422
96.837870079904,0.1589885304963511
96.8457411576964,0.08945827830267807
96.8536122354888,0.27568522163139253
96.8614833132812,0.02190019998438043
96.8693543910736,0.017327477482599284
96.87722546886602,1.3351833057882656
96.88509654665842,4.166686270438345
96.89296762445082,2.762598290366461
96.90083870224322,0.44964091929709465
96.90870978003562,0.5131704269878451
96.91658085782802,0.30394457091802635
96.92445193562044,0.2203749090829103
96.93232301341284,0.27507964032621735
96.94019409120524,1.304315776375738
96.94806516899762,0.8932917673570141
96.95593624679002,1.7740577183762876
96.96380732458242,0.8821451919888855
96.97167840237482,1.2527636655510255
96.97954948016722,2.1002283722394597
96.98742055795962,3.3527606474049105
96.99529163575204,1.1316756844390536
97.00316271354444,1.4384526580809889
97.01103379133684,1.8500382261304102
97.01890486912924,1.6242342109335997
97.02677594692165,1.1036473518023808
97.03464702471403,1.693348642084434
97.04251810250643,0.9248569951834897
97.05038918029884,0.5486792764768255
97.05826025809122,0.06561904455031047
97.06613133588364,0.1325973094027818
97.07400241367604,1.0136592614100761
97.08187349146844,0.5643106877185134
97.08974456926084,0.03230913345557777
97.09761564705325,0.17234399134420814
97.10548672484563,1.6763085116824012
97.11335780263803,0.3252092143033614
97.12122888043044,4.078345651508006
97.12909995822284,1.1992989978599113
97.13697103601524,0.5157086512634577
97.14484211380764,0.22037901930664253
97.15271319160004,0.30571311929697376
97.16058426939244,0.12423955743209243
97.16845534718485,1.0179264539004858
97.17632642497723,0.7581577767356011
97.18419750276963,1.4678694486971782
97.19206858056204,1.8038813001306975
97.19993965835444,0.12271717851313878
97.20781073614684,0.1380809146414258
97.21568181393924,1.3374880170576886
97.22355289173164,0.060423595586751006
97.23142396952404,0.4258331437389021
97.23929504731645,1.1750429832601827
97.24716612510883,0.07051907307026434
97.25503720290124,0.7560058767694419
97.26290828069364,0.0163220686099116
97.27077935848604,1.3006761696915197
97.27865043627844,0.07116077074049373
97.28652151407084,0.8963470064484802
97.29439259186324,0.07112808572190046
97.30226366965564,0.006888801535849759
97.31013474744805,0.057671925766271476
97.31800582524043,0.48376115164945666
97.32587690303284,0.24389519072717458
97.33374798082524,0.9019150117581051
97.34161905861764,0.07180994647587405
97.34949013641004,0.7469888859073629
97.35736121420246,0.7657989393014714
97.36523229199486,0.628176764536202
97.37310336978726,0.7036910341454448
97.38097444757965,0.4685608086833042
97.38884552537203,2.4269088951056337
97.39671660316444,1.071033401854449
97.40458768095684,2.3988516956924206
97.41245875874924,0.09042083599610178
97.42032983654164,0.25654812016122236
97.42820091433406,0.1643299038027659
97.43607199212646,4.4400066770628275
97.44394306991886,0.38714317422511957
97.45181414771126,1.400713310865966
97.45968522550366,0.03662904123416999
97.46755630329606,0.7433557879117736
97.47542738108848,0.065947838541456
97.48329845888084,0.22432580640282518
97.49116953667324,0.05861368039045874
97.49904061446566,0.6289283402444346
97.50691169225806,0.7612879269056576
97.51478277005046,2.7815389979144753
97.52265384784286,0.9107134980141074
97.53052492563526,4.240956372387961
97.53839600342766,0.12788199240416567
97.54626708122008,2.543871126330562
97.55413815901248,0.0026949795066487474
97.56200923680488,0.3623776148425644
97.56988031459728,1.7880606951201228
97.57775139238969,0.7176010894401303
97.58562247018207,0.01395636987003748
97.59349354797446,0.45703812555227663
97.60136462576686,0.002298709708038308
97.60923570355926,0.2867418582222412
97.61710678135168,1.6414568396971885
97.62497785914408,1.0912463236055927
97.63284893693648,1.4735993585185536
97.64072001472888,1.358771644842156
97.64859109252129,0.574913407352375
97.65646217031367,1.7984879070701663
97.66433324810608,0.601395467118377
97.67220432589848,0.128817511461212
97.68007540369088,0.19750977608828388
97.68794648148328,0.05141285805259812
97.69581755927568,0.06971930971144247
97.70368863706808,0.1852071139080865
97.71155971486048,0.43165247798357254
97.71943079265289,0.4598727529451565
97.72730187044527,0.8292797794749538
97.73517294823768,0.608194109143993
97.74304402603008,2.051844083212906
97.75091510382248,0.31181988676114464
97.75878618161488,0.8985611155646657
97.76665725940728,2.329412530620612
97.77452833719968,1.7262086343229814
97.78239941499208,1.8138344008008083
97.79027049278449,1.4896630749124347
97.79814157057687,1.0387426431088091
97.80601264836928,0.02086579095068813
97.81388372616168,0.19463905383385857
97.82175480395408,0.12280025539799776
97.82962588174648,0.9468359110552981
97.83749695953888,3.564366616518931
97.84536803733128,0.14017817404946448
97.85323911512369,1.3226465983683415
97.86111019291609,0.4138641837429296
97.86898127070847,0.6884012972478093
97.87685234850088,0.28390568357167506
97.88472342629328,1.3801933633674917
97.8925945040857,0.858754935401601
97.9004655818781,0.7655161773675906
97.9083366596705,1.1946842751184419
97.91620773746288,1.2142879747788853
97.92407881525529,4.315494777474215
97.93194989304769,3.5781273652227132
97.93982097084007,0.8947003671877403
97.94769204863248,0.1777011751270405
97.95556312642488,0.8886921311810966
97.9634342042173,1.443885955118291
97.9713052820097,0.1146582396579415
97.9791763598021,0.4504035744114778
97.9870474375945,0.14563509822021997
97.9949185153869,1.07402211148203
98.0027895931793,0.33725793882766053
98.0106606709717,0.35289795180670497
98.0185317487641,0.5936666206545884
98.02640282655648,2.347944736563655
98.0342739043489,0.17427917431939055
98.0421449821413,0.2760148105955218
98.0500160599337,0.5163606895970878
98.0578871377261,2.423685392689135
98.0657582155185,0.39721830506365213
98.0736292933109,1.2901759018630814
98.0815003711033,3.899573370403483
98.0893714488957,2.034154051462542
98.0972425266881,0.17706862917605495
98.10511360448052,4.144658742296611
98.11298468227292,0.084071474945862
98.12085576006533,0.5463332267162802
98.1287268378577,0.10893580351855045
98.1365979156501,0.7824208435235736
98.1444689934425,1.2458462986060252
98.1523400712349,0.16645591136282342
98.1602111490273,1.7042091328451983
98.1680822268197,1.3056083104925444
98.17595330461212,0.865801231023288
98.18382438240452,0.027767547659766818
98.19169546019693,0.6928973516425257
98.19956653798933,0.8464357363057453
98.20743761578171,0.8303769888535084
98.21530869357412,0.11163921693546953
98.22317977136652,0.5700692636009299
98.23105084915892,0.6947258585275434
98.2389219269513,0.027883067183168964
98.24679300474372,0.010478235587720451
98.25466408253612,0.0242872408695153
98.26253516032853,0.09326656825469909
98.27040623812093,0.49368190312211846
98.27827731591331,1.9763406226178521
98.28614839370572,0.14185468777086754
98.29401947149812,0.0008991026975888316
98.30189054929052,0.18536723579954323
98.30976162708292,3.331725776050556
98.31763270487532,0.24457834608778375
98.32550378266772,2.533157056445283
98.33337486046013,1.3640376921601933
98.34124593825253,1.7191151403117086
98.34911701604491,0.94138123340216
98.35698809383732,1.511914417916472
98.36485917162972,0.6629115988884605
98.37273024942212,2.4459384161992115
98.38060132721452,0.6951720297003933
98.38847240500692,1.1403234114404366
98.39634348279932,0.44299530889870053
98.40421456059173,0.02405109367349528
98.41208563838411,0.07755511985253107
98.41995671617651,0.4324930330538836
98.42782779396892,1.0986626871169345
98.43569887176132,0.9944692030636819
98.44356994955372,1.8445366475988514
98.45144102734612,1.653029612146442
98.45931210513852,0.9114128945910489
98.46718318293092,4.286284214465102
98.47505426072333,2.3573689704623035
98.48292533851571,0.739890427345996
98.49079641630811,0.1678792456346159
98.49866749410052,0.3107132479080943
98.50653857189292,5.454892646844729
98.51440964968532,0.1648488503494075
98.52228072747774,0.8719779554763921
98.53015180527014,1.6032557821531779
98.53802288306254,0.6657887418780307
98.54589396085494,4.261046268793697
98.55376503864734,0.187432004934007
98.56163611643971,2.3288020118135413
98.56950719423212,3.239701402039005
98.57737827202452,3.0890468289526933
98.58524934981692,1.1433491486524001
98.59312042760934,0.8540874047007225
98.60099150540174,0.8648162844606769
98.60886258319414,0.7488344286108705
98.61673366098654,0.7751988282416642
98.62460473877894,0.6099755740182274
98.63247581657134,0.48406759110884623
98.64034689436374,1.0547478411960722
98.64821797215616,0.5121478079863065
98.65608904994856,1.461067212472733
98.66396012774096,1.3756835596777315
98.67183120553334,2.0347333039707944
98.67970228332574,0.8826970991234911
98.68757336111814,0.2569724459259549
98.69544443891054,1.4698241508486583
98.70331551670294,0.9079316392928154
98.71118659449536,1.035879626832634
98.71905767228776,1.053831435222013
98.72692875008016,0.45700567357401023
98.73479982787256,0.023869926878232382
98.74267090566497,0.011811288325376954
98.75054198345735,0.2502831040145975
98.75841306124975,0.26964139107798346
98.76628413904216,0.33635912183278394
98.77415521683454,1.2738302675857216
98.78202629462696,0.2108914367751675
98.78989737241936,0.6814719891453014
98.79776845021176,1.9222295379886507
98.80563952800416,0.00536269237067106
98.81351060579657,1.1911399506874922
98.82138168358895,2.1992373414853708
98.82925276138135,0.08137096408956906
98.83712383917376,1.3682800128801658
98.84499491696616,2.27047412754306
98.85286599475856,2.03528833506965
98.86073707255096,0.5831222884887853
98.86860815034336,0.280497007635103
98.87647922813576,0.47997949023249975
98.88435030592817,1.710764589735345
98.89222138372055,1.6903765760332659
98.90009246151295,0.40365325861848417
98.90796353930536,0.8205878329765336
98.91583461709776,0.27384840028022045
98.92370569489016,0.7967540116666499
98.93157677268256,1.1118068327407653
98.93944785047496,0.04976292383872948
98.94731892826736,0.1959347345652706
98.95519000605977,0.14990439245151918
98.96306108385215,0.3541472473309612
98.97093216164455,0.8960112070452448
98.97880323943696,0.33477048487530264
98.98667431722936,0.12135238034346936
98.99454539502176,0.7407879327717468
99.00241647281416,0.8423755558612125
99.01028755060656,0.9096560759520046
99.01815862839896,0.9694139900198855
99.02602970619137,3.1581632412596106
99.03390078398375,1.2424261909332632
99.04177186177616,0.8676302108446019
99.04964293956856,0.4508320733638631
99.05751401736096,1.454754042408329
99.06538509515336,0.04766907532920392
99.07325617294578,0.1059448710851709
99.08112725073818,3.1231346199921375
99.08899832853058,0.13418466010118543
99.09686940632297,1.4842393911827747
99.10474048411535,0.5553023860040877
99.11261156190776,0.1637660128779672
99.12048263970016,0.9825264317599511
99.12835371749256,1.1631426425154987
99.13622479528496,0.8283499713238502
99.14409587307738,0.24628590439328354
99.15196695086978,0.7640556831564559
99.15983802866218,0.30985507036087906
99.16770910645458,2.073704703927676
99.17558018424698,0.016699435656854934
99.18345126203938,0.5404657693842692
99.1913223398318,0.11148720228351484
99.1991934176242,0.08875360174059971
99.20706449541656,0.0068006208896557166
99.21493557320898,1.34408034845359
99.22280665100138,0.6026431485003628
99.23067772879378,0.2239728921308748
99.23854880658618,0.047153999380881995
99.24641988437858,0.6994874607909181
99.25429096217098,0.8334265819815148
99.2621620399634,0.41882000299429545
99.2700331177558,0.11786064779819952
99.2779041955482,1.312980146172379
99.2857752733406,0.42778512718410844
99.293646351133,0.13130825691341322
99.3015174289254,0.3742795473244186
99.3093885067178,0.32767392261464223
99.31725958451018,0.41834930653132313
99.32513066230258,0.4302535504167945
99.333001740095,0.2824862876765055
99.3408728178874,0.40847376707863353
99.3487438956798,1.5844992183207327
99.3566149734722,0.10589406599117199
99.3644860512646,0.1741178834456692
99.372357129057,0.637582131528913
99.3802282068494,0.07312992006620357
99.3880992846418,0.11760723635022216
99.3959703624342,1.249269657232125
99.4038414402266,0.9877590704349598
99.411712518019,0.8097826002197774
99.4195835958114,0.2396305606671591
99.4274546736038,2.5356838478465846
99.4353257513962,0.0880323449889714
99.4431968291886,0.06673747504779781
99.451067906981,1.2772441815231668
99.4589389847734,4.4380267905309285
99.4668100625658,0.04245382924872747
99.4746811403582,0.48049131539889867
99.4825522181506,0.28705178768335654
99.490423295943,2.075161188487434
99.4982943737354,0.9952489243093909
99.5061654515278,2.8728002538018718
99.5140365293202,0.6746955057016951
99.5219076071126,0.03630333785375786
99.529778684905,0.8048925712206146
99.5376497626974,2.834679816382972
99.5455208404898,2.840154913164493
99.5533919182822,0.4326908535609536
99.5612629960746,2.5274505377303464
99.569134073867,2.0686941194550927
99.5770051516594,2.7996233981159224
99.5848762294518,3.0613238384462456
99.5927473072442,1.3704802466585864
99.6006183850366,1.0641815213325032
99.608489462829,3.3199888727949376
99.6163605406214,1.2761385187502474
99.62423161841382,0.4266354520223148
99.63210269620622,0.30379276883623263
99.6399737739986,0.2138011751881142
99.647844851791,0.6269778274775273
99.6557159295834,0.3133651442479127
99.6635870073758,0.10651572368991605
99.6714580851682,0.8513265762384921
99.6793291629606,0.5907894930031066
99.687200240753,0.1500323005568621
99.69507131854542,0.30664022985281497
99.70294239633782,0.36169296978464216
99.71081347413022,0.22727427059783048
99.71868455192262,0.4023125995949895
99.72655562971502,0.17651471179846973
99.73442670750742,0.6653450891188933
99.7422977852998,0.07588429423994347
99.7501688630922,0.3410066299745101
99.7580399408846,0.1259143938921248
99.76591101867702,0.06685575935646229
99.77378209646942,0.3236009296951225
99.78165317426182,1.0235974622143917
99.78952425205422,0.4323949787087054
99.79739532984662,0.17977429838699294
99.80526640763902,0.15872423799697946
99.81313748543144,0.9781565534188955
99.82100856322384,1.2908328777905804
99.82887964101624,0.2628775356433629
99.83675071880864,0.6343621013967019
99.84462179660105,0.22181611459973524
99.85249287439342,1.7203611031022912
99.86036395218582,0.2610765077238418
99.86823502997822,0.9113432749680862
99.87610610777062,0.7190424816188706
99.88397718556304,1.727697087136964
99.89184826335544,1.12436368718208
99.89971934114784,0.41974667772270446
99.90759041894025,2.084969881380777
99.91546149673265,0.12639918870366934
99.92333257452503,0.17576884001771997
99.93120365231744,0.5615414992706396
99.93907473010984,0.32955746367201705
99.94694580790224,0.21926122568863107
99.95481688569464,0.06994312264912202
99.96268796348704,0.15480222401385585
99.97055904127944,0.5891344845167031
99.97843011907185,0.9310284924166223
99.98630119686425,1.1026149521897957
99.99417227465663,0.027237789604079233
100.00204335244904,0.39370999208497665
100.00991443024144,2.665735171788958
100.01778550803384,0.29123205699755
100.02565658582624,0.29120966620804817
100.03352766361864,2.0131823545540506
100.04139874141104,0.4928943704436312
100.04926981920345,1.3083064594346638
100.05714089699585,1.1002199981387097
100.06501197478823,1.2181329294207166
100.07288305258064,0.607517666755034
100.08075413037304,0.3979920914649407
100.08862520816544,0.5245206004999238
100.09649628595784,0.11626624073766369
100.10436736375024,1.3081397553952658
100.11223844154264,0.3454708832103
100.12010951933505,2.944818719152759
100.12798059712745,1.3378123060705547
100.13585167491983,0.4865815475824168
100.14372275271224,1.5229995406802395
100.15159383050464,0.24737237503445125
100.15946490829704,0.24523925868164634
100.16733598608944,2.6435115693043842
100.17520706388184,2.676314074652635
100.18307814167424,1.7923668779209778
100.19094921946665,0.8277206294960066
100.19882029725903,0.5678490841459125
100.20669137505143,1.2580091414436987
100.21456245284384,0.3528722319891241
100.22243353063624,0.9185229050652982
100.23030460842864,0.5152721419037276
100.23817568622106,0.42233540880106546
100.24604676401346,1.9782007425105588
100.25391784180586,0.531324521865693
100.26178891959826,0.6662325025673684
100.26965999739066,0.8943713539192908
100.27753107518306,2.378378057612853
100.28540215297544,1.5359033323184883
100.29327323076784,0.5919958590038754
100.30114430856024,0.9711812739619069
100.30901538635266,0.21869196385328957
100.31688646414506,0.5690336690900291
100.32475754193746,2.2074543577085604
100.33262861972986,0.1478596794753908
100.34049969752226,7.185708555423649e-05
100.34837077531466,0.4602730218910061
100.35624185310706,0.10013517318485791
100.36411293089948,1.0626446467136612
100.37198400869188,1.1057786066002022
100.37985508648428,0.1169032205957904
100.38772616427666,2.061069512866271
100.39559724206906,1.3885909751009151
100.40346831986146,0.07685112207478584
100.41133939765386,0.6237615929087637
100.41921047544626,0.17185360207406283
100.42708155323866,0.5193057099291892
100.43495263103108,0.07212619077148757
100.44282370882348,2.337831618696444
100.45069478661588,0.2221209936283609
100.45856586440829,4.444283521909091
100.46643694220069,0.4917729599259419
100.47430801999307,0.05397095288636734
100.48217909778548,2.221010054641453
100.49005017557788,0.9065099113961257
100.49792125337028,0.21792322318052618
100.50579233116268,1.9313517278753005
100.51366340895508,0.14454806927410857
100.52153448674748,2.073672942033646
100.52940556453989,0.24626929025259234
100.53727664233227,1.2876118261459426
100.54514772012467,5.244566870533491
100.55301879791708,0.7630165539874043
100.56088987570948,2.0917373186147645
100.56876095350188,0.25501817940725474
100.57663203129428,0.008389379713807656
100.58450310908668,5.783438307539812
100.59237418687908,4.884633310714012
100.60024526467149,0.7598473782904935
100.60811634246387,3.047474122001003
100.61598742025627,6.238750735069171
100.62385849804868,0.3370164332166327
100.63172957584108,0.77778656582377
100.63960065363348,1.1801054406596359
100.64747173142588,3.933089080595208
100.65534280921828,0.3469105884366333
100.66321388701068,0.29654539716241435
100.67108496480309,0.42949716541903404
100.67895604259547,0.23040042777186134
100.68682712038787,0.7866847636152875
100.69469819818028,0.16917518457778027
100.70256927597268,0.10935750447050689
100.7104403537651,0.04879501559464924
100.71831143155748,0.14757635122323087
100.72618250934988,0.9273021290300247
100.73405358714228,0.5140174729839243
100.74192466493469,1.3593890426043171
100.74979574272707,0.12744670034912953
100.75766682051947,1.7365798536087795
100.76553789831188,2.4217836557696764
100.77340897610428,0.4741569931799652
100.7812800538967,1.189333720971794
100.7891511316891,0.1785051933337208
100.7970222094815,0.4055754499639869
100.8048932872739,0.10317438091286232
100.8127643650663,0.19926894336958753
100.82063544285867,0.5962765484328102
100.82850652065108,2.924797381685462
100.83637759844348,0.5344936173869769
100.84424867623588,0.20523872790144926
100.8521197540283,0.6701661954793902
100.8599908318207,0.8997308186452851
100.8678619096131,1.5958308516641972
100.8757329874055,1.364787834240577
100.8836040651979,1.2199780302354726
100.8914751429903,0.02470376730194877
100.8993462207827,4.009763056693205
100.9072172985751,1.0527615001307646
100.9150883763675,0.8257686390319148
100.92295945415992,1.6536036114928863
100.9308305319523,1.9471368483194351
100.9387016097447,4.379456176212814
100.9465726875371,1.2806082908094787
100.9544437653295,0.3549575822540174
100.9623148431219,0.40442066405111016
100.9701859209143,0.7576368973821129
100.9780569987067,0.15598435443197478
100.9859280764991,0.6521327355924207
100.99379915429152,0.4351486466795788
101.00167023208392,5.171362271855257
101.00954130987633,0.7527141835264097
101.01741238766871,0.6062534022954055
101.02528346546111,0.43979645075607626
101.03315454325352,0.40943205138525157
101.0410256210459,0.10662847679345257
101.0488966988383,1.209408973855892
101.0567677766307,2.2609103614486092
101.06463885442312,4.125043287771453
101.07250993221552,0.8636593107832309
101.08038101000793,0.3814766860943183
101.08825208780031,0.8574544256933004
101.09612316559272,0.23359724940510498
101.10399424338512,0.12066696970345912
101.11186532117752,1.2253850601397092
101.11973639896992,0.3797510361682321
101.12760747676232,0.7747716219880858
101.13547855455472,0.06837074233718549
101.14334963234712,3.4156575578218793
101.15122071013953,0.590003799953151
101.15909178793191,0.6687838471140914
101.16696286572432,1.8408267882455163
101.17483394351672,0.9796716834136907
101.18270502130912,0.3955972054052878
101.19057609910152,0.2344680470859
101.19844717689392,0.1353307995857312
101.20631825468632,0.3666755171390303
101.21418933247872,2.3458044239618574
101.22206041027113,4.33796257721574
101.22993148806351,3.2697413728009375
101.23780256585592,0.7091816773662095
101.24567364364832,0.5540555128717379
101.25354472144072,0.9476393457095265
101.26141579923312,3.0415021055320666
101.26928687702552,2.139483819397611
101.27715795481792,2.445999437813772
101.28502903261032,0.4001145255469082
101.29290011040273,0.21063883488280802
101.30077118819511,4.214610646283284
101.30864226598752,0.1389388377120374
101.31651334377992,1.8162916634848825
101.32438442157232,7.152265996843458
101.33225549936472,1.7690125069398082
101.34012657715714,2.4319706876452662
101.34799765494954,0.25342313825732066
101.35586873274194,0.06751635945265524
101.36373981053433,1.5796256718375568
101.37161088832671,0.30446000466937473
101.37948196611912,1.88255699148753
101.38735304391152,0.17155578577319827
101.39522412170392,0.5222807083186572
101.40309519949632,0.9893807814006852
101.41096627728874,0.41735688879663535
101.41883735508114,1.067692432376967
101.42670843287354,0.09495686753915347
101.43457951066594,1.266838766751515
101.44245058845834,2.251470518437059
101.45032166625074,1.448442292216399
101.45819274404316,1.0153357594282557
101.46606382183552,1.150313460321041
101.47393489962792,0.5363274446951652
101.48180597742034,0.030479417134377382
101.48967705521274,1.8414031089821932
101.49754813300514,1.2030469510820874
101.50541921079754,1.6447493514273754
101.51329028858994,0.3292184037253222
101.52116136638234,1.4561922342034346
101.52903244417476,0.3227821608812097
101.53690352196716,0.8139754835740536
101.54477459975956,0.709508746774967
101.55264567755196,0.5280942873423864
101.56051675534437,0.0964355972169742
101.56838783313675,0.226756994980959
101.57625891092914,0.29441449428579725
101.58412998872154,0.07073647725371307
101.59200106651394,0.27030262826787976
101.59987214430636,1.581371767703829
101.60774322209876,0.08942299133388748
101.61561429989116,0.6053733919198085
101.62348537768356,0.4726017222002673
101.63135645547597,0.34640465726208736
101.63922753326835,0.09646721186627928
101.64709861106076,2.2647281857329187
101.65496968885316,0.21006220956694846
101.66284076664556,0.748780854937675
101.67071184443796,1.0702708638788057
101.67858292223036,1.3211838716466422
101.68645400002276,0.002616696654711097
101.69432507781517,0.10355467118377168
101.70219615560757,0.5890023413447932
101.71006723339995,0.30975740790622414
101.71793831119236,0.2110717293292016
101.72580938898476,0.00525893329520569
101.73368046677716,0.6133019682209983
101.74155154456956,0.006874387562213707
101.74942262236196,2.5090808555633664
101.75729370015436,3.0954485167282852
101.76516477794677,0.09153017240251858
101.77303585573917,0.03107068404489769
101.78090693353155,0.624806080374882
101.78877801132396,0.6895772175305841
101.79664908911636,2.4732166557800483
101.80452016690876,0.2574666745280902
101.81239124470116,1.6781383466984123
101.82026232249356,5.094622791579588
101.82813340028596,1.2452086035123227
101.83600447807837,0.7639737680259173
101.84387555587077,1.0805829583503153
101.85174663366315,3.5232015620477117
101.85961771145556,4.7300509507654365
101.86748878924796,1.2283820768451648
101.87535986704036,2.512696816158837
101.88323094483276,4.121773127463681
101.89110202262518,1.2432312435226935
101.89897310041756,2.0437661743664663
101.90684417820997,1.3274694310572244
101.91471525600237,0.8485849622278139
101.92258633379475,2.8348052479693386
101.93045741158716,2.0798799024598003
101.93832848937956,0.09577341696071456
101.94619956717196,7.962977324267449
101.95407064496436,1.7944821499412051
101.96194172275678,0.9158391016860287
101.96981280054918,2.2464743315454343
101.97768387834158,0.6563126881337178
101.98555495613398,2.0708868811763916
101.99342603392638,1.4784258331532
102.00129711171878,2.513012183307172
102.00916818951116,0.4325377816841062
102.01703926730356,1.5319740629241694
102.02491034509598,0.5548717836656097
102.03278142288838,1.2860918420877603
102.04065250068078,0.10177104036814483
102.04852357847318,0.15129784774690266
102.05639465626558,0.08235518965187208
102.06426573405798,0.17781794126156059
102.07213681185038,2.4679467195243348
102.0800078896428,0.08777596801434645
102.0878789674352,1.3474986976762584
102.0957500452276,4.326294468904249
102.10362112302,0.5102005174453623
102.11149220081238,0.012996415240534367
102.11936327860478,1.7981786421453345
102.12723435639718,0.2810138442707197
102.13510543418958,3.7295931404543485
102.14297651198198,0.2166406308555661
102.1508475897744,1.2934913204838687
102.1587186675668,0.6287532430172851
102.1665897453592,0.20732920161086427
102.1744608231516,0.6196585975664122
102.182331900944,0.5945717193178821
102.1902029787364,0.5120571806680274
102.1980740565288,1.029947214448773
102.2059451343212,0.7111001671909682
102.2138162121136,2.098720004025292
102.221687289906,0.17333628750217256
102.2295583676984,1.1029319691228863
102.2374294454908,0.28227402686946046
102.2453005232832,0.27867702895405805
102.2531716010756,2.2382171557072863
102.261042678868,2.034111984056511
102.2689137566604,0.6438693994213837
102.2767848344528,1.3061340562295525
102.2846559122452,0.9057849486007329
102.2925269900376,2.2413094242433553
102.30039806783,1.0511663204364194
102.3082691456224,0.04347079605095277
102.3161402234148,1.345167465267201
102.3240113012072,0.16587939578658117
102.3318823789996,4.2795397445748025
102.339753456792,0.7720741800072131
102.3476245345844,0.5102309070250666
102.3554956123768,2.8158263448910343
102.3633666901692,0.296983147962536
102.3712377679616,0.8545824706284534
102.379108845754,2.3037994324483577
102.3869799235464,7.558462483342322
102.3948510013388,1.2919735761864992
102.4027220791312,0.45516515252245765
102.4105931569236,2.450497761390936
102.418464234716,2.7148163304387385
102.4263353125084,0.4349242413574159
102.4342063903008,1.4952801827007416
102.4420774680932,0.8193853089941249
102.4499485458856,2.0322649363764103
102.457819623678,0.2131988379215608
102.4656907014704,0.5410376055422007
102.4735617792628,0.06718743252779677
102.4814328570552,1.1645414294984155
102.4893039348476,6.485726689705798
102.49717501264,1.0704631162069167
102.50504609043242,0.2778010463951698
102.51291716822482,0.4695757440696
102.52078824601722,1.3466726525834591
102.52865932380962,0.7671604955286755
102.53653040160202,1.496201017041791
102.5444014793944,0.5256828005086079
102.5522725571868,0.7705196514659242
102.5601436349792,0.585948613124324
102.5680147127716,0.10590144645078041
102.57588579056402,0.3589999790917742
102.58375686835642,0.3844208313950994
102.59162794614882,0.40577259698562335
102.59949902394122,0.35242266465680305
102.60737010173362,1.8899089687398016
102.61524117952602,0.46546497754592747
102.62311225731844,1.9085383187920073
102.63098333511084,1.8027203149730033
102.63885441290324,2.052650729046959
102.64672549069564,3.9520443098086924
102.65459656848802,0.8298225862296772
102.66246764628042,1.2550966400260029
102.67033872407282,0.45498539662965326
102.67820980186522,2.0575481018931017
102.68608087965762,1.1283907017993413
102.69395195745004,1.1004209194718952
102.70182303524244,0.5246586457933797
102.70969411303484,0.3844706008756884
102.71756519082724,0.2553024480391503
102.72543626861965,0.4774538165988534
102.73330734641203,0.9797126634655988
102.74117842420443,0.7329276242790624
102.74904950199684,0.06118673158456289
102.75692057978922,2.6988733315253994
102.76479165758164,0.45929846190243745
102.77266273537404,0.706326041400963
102.78053381316644,1.1593755715900855
102.78840489095884,0.07801714683622091
102.79627596875125,0.006405036566114493
102.80414704654363,0.16037118654313368
102.81201812433603,0.38208688176244116
102.81988920212844,0.07295651552439517
102.82776027992084,0.23735238991696808
102.83563135771324,0.4652669998932431
102.84350243550564,1.3247996898036658
102.85137351329804,0.4112353883253145
102.85924459109044,1.6431205830965936
102.86711566888285,1.4078471514459523
102.87498674667523,0.19538438269734884
102.88285782446764,1.527241731110937
102.89072890226004,0.37701296401081075
102.89859998005244,0.33012236892998686
102.90647105784484,0.02849300261299267
102.91434213563724,0.6065387698308651
102.92221321342964,1.7530778393731312
102.93008429122204,0.8453895879858806
102.93795536901445,0.3919594596909748
102.94582644680683,1.0891086023553196
102.95369752459924,1.6879642389872103
102.96156860239164,0.8035518666319482
102.96943968018404,0.6505324720859564
102.97731075797644,0.2111493368065828
102.98518183576884,0.21847226018613708
102.99305291356124,0.7123053230303125
103.00092399135364,0.595542246973978
103.00879506914605,0.9086191458072014
103.01666614693843,0.22310716994024798
103.02453722473084,0.5349285416851666
103.03240830252324,1.8768562959817072
103.04027938031564,0.13528090340229537
103.04815045810804,0.6066593812938045
103.05602153590046,0.026060179344357275
103.06389261369286,0.17114985829836835
103.07176369148526,0.005669809354311652
103.07963476927765,1.3775505334232439
103.08750584707003,0.19181520812644068
103.09537692486244,0.20361556450026172
103.10324800265484,0.3771847915317329
103.11111908044724,1.3697297330562974
103.11899015823964,0.6922054112754957
103.12686123603206,0.1936107956334243
103.13473231382446,0.5774758392904312
103.14260339161686,0.14684236156842828
103.15047446940926,0.8063377817795702
103.15834554720166,0.9191006430615524
103.16621662499406,0.7910644801970529
103.17408770278648,0.20256352237478986
103.18195878057888,0.09661299765516923
103.18982985837124,0.8369493267897977
103.19770093616366,2.039277359901209
103.20557201395606,1.5397302750414357
103.21344309174846,1.0676492415217707
103.22131416954086,0.7510784437092889
103.22918524733326,0.37566236156792293
103.23705632512566,0.2323266982283284
103.24492740291808,0.004943859001276153
103.25279848071048,0.3876088538504952
103.26066955850288,0.21991489376483894
103.26854063629528,0.0028038931400218283
103.27641171408769,0.035420305027222605
103.28428279188007,0.5768937502176705
103.29215386967248,0.5921121001534762
103.30002494746486,0.8402458403389536
103.30789602525726,0.010292135195185355
103.31576710304968,0.2800688560579802
103.32363818084208,0.46247316971967833
103.33150925863448,0.5723574350535489
103.33938033642688,0.2744750188082845
103.34725141421929,0.7982941850789828
103.35512249201167,0.39058097478422615
103.36299356980408,0.16687613032999576
103.37086464759648,0.47205936823535294
103.37873572538888,0.22903322146737679
103.38660680318128,0.34316113487655703
103.39447788097368,0.5456645005762963
103.40234895876608,0.7744835679629202
103.41022003655848,0.07673048663897258
103.41809111435089,0.29243958155891375
103.42596219214327,0.27712877671074954
103.43383326993568,0.18728031943367104
103.44170434772808,0.41607662457341277
103.44957542552048,1.32664627525079
103.45744650331288,0.059462067132974826
103.46531758110528,0.388266524152957
103.47318865889768,0.8239262343689955
103.48105973669009,1.4652852787811024
103.48893081448249,1.164392832622242
103.49680189227487,0.32192720196440344
103.50467297006728,1.1685739192536797
103.51254404785968,1.1586947962443361
103.52041512565208,0.5085859861692743
103.52828620344448,0.7307962869166522
103.53615728123688,2.7557882447272406
103.54402835902928,0.22996707075609887
103.55189943682169,0.32328890531472987
103.55977051461409,0.6330670442711904
103.56764159240647,1.7504056738903746
103.57551267019888,0.2664347526578447
103.58338374799128,0.6731244078590443
103.5912548257837,0.1552399678708054
103.5991259035761,0.6562163284153566
103.6069969813685,0.48762736800274625
103.6148680591609,1.6445477258134389
103.62273913695329,2.7806781917715173
103.63061021474569,0.19576038452291306
103.63848129253807,0.6897119043337163
103.64635237033048,0.1487356476973971
103.65422344812288,1.5722416335351843
103.6620945259153,0.14428031904091634
103.6699656037077,0.2625304901953733
103.6778366815001,0.5251733729538381
103.6857077592925,0.8979644838372803
103.6935788370849,2.2931541434973544
103.7014499148773,0.36213577605142755
103.7093209926697,0.3207203417934909
103.7171920704621,1.8322292693253637
103.72506314825448,1.72884357207813
103.7329342260469,0.5149845941417039
103.7408053038393,1.3044989556212054
103.7486763816317,0.49526542634130577
103.7565474594241,0.4112129658141018
103.7644185372165,0.5750436770951767
103.7722896150089,1.7162883427111124
103.7801606928013,1.813778862470659
103.7880317705937,0.708930710327666
103.7959028483861,2.0386850991342502
103.80377392617852,0.5444748568905472
103.81164500397092,0.4607110713993638
103.81951608176333,1.2361981222446166
103.82738715955573,0.020834306361158083
103.8352582373481,0.7741925902979169
103.8431293151405,0.9280774213734785
103.8510003929329,2.030914362189394
103.8588714707253,0.12419932600859888
103.8667425485177,0.7669168500660399
103.87461362631012,0.2624223098067546
103.88248470410252,0.054489948358237936
103.89035578189493,0.30907819650164137
103.89822685968733,1.088483872024732
103.90609793747971,0.14129372086455927
103.91396901527212,0.14088483812333855
103.92184009306452,1.8023100534498298
103.92971117085692,1.2865731052711624
103.93758224864932,2.131690540359533
103.94545332644172,0.49469603456662176
103.95332440423412,0.25011412048114984
103.96119548202653,1.865852108640019
103.96906655981893,0.3053041138400977
103.97693763761131,1.4100545806482543
103.98480871540372,0.36554875443358054
103.99267979319612,0.8318775196885464
104.00055087098852,0.34767938348553246
104.00842194878092,1.3401552023034824
104.01629302657332,2.570537704890022
104.02416410436572,0.10190127705067513
104.03203518215813,0.8431946686599789
104.03990625995053,0.6169804795343389
104.04777733774291,0.6331297155528466
104.05564841553532,0.2253090814365188
104.06351949332772,0.09056033822953002
104.07139057112012,0.8513326191406873
104.07926164891252,2.9063773736910483
104.08713272670492,0.8074352596588974
104.09500380449732,0.5752526927786148
104.10287488228973,1.693023373432055
104.11074596008211,0.13916891329762912
104.11861703787451,2.4097406695503225
104.12648811566692,0.4842738583508138
104.13435919345932,0.5871160790375601
104.14223027125172,0.42859226694798713
104.15010134904414,2.498830887235249
104.15797242683652,0.46842308199081484
104.16584350462892,0.8451998322100458
104.17371458242133,0.46037550088252455
104.18158566021371,0.09134560540019952
104.18945673800611,0.023924675351423123
104.19732781579852,0.012184699128069004
104.20519889359092,0.1737687283890386
104.21306997138332,0.10439214426112627
104.22094104917574,2.0617721253341994
104.22881212696814,2.2527971244345326
104.23668320476054,1.667244265582813
104.24455428255294,1.367028154742951
104.25242536034534,1.850306871707749
104.26029643813774,0.1287685015542036
104.26816751593012,0.007190003387791597
104.27603859372252,0.7436672513068697
104.28390967151492,0.10754487987742997
104.29178074930734,0.57832888589213
104.29965182709974,1.1292824936727228
104.30752290489214,0.7364222062746281
104.31539398268454,1.3599313640113992
104.32326506047694,0.5038621000855146
104.33113613826934,1.872463397573818
104.33900721606174,0.5796703502877407
104.34687829385416,1.4167420812655513
104.35474937164656,0.45613711494451653
104.36262044943896,0.4871687310217294
104.37049152723137,0.7749650709726674
104.37836260502374,0.29493054618865955
104.38623368281614,1.9461533420173796
104.39410476060854,0.7584611540987534
104.40197583840094,0.018165047930358554
104.40984691619336,0.9637392031456163
104.41771799398576,0.5235246463334996
104.42558907177816,1.4442143863800379
104.43346014957056,0.5241585561912714
104.44133122736297,5.962748631961117
104.44920230515535,2.613605123883842
104.45707338294775,1.1600890783288678
104.46494446074016,1.3599008838873259
104.47281553853256,1.0089805946440555
104.48068661632496,0.5864135574726149
104.48855769411736,0.6279196161732284
104.49642877190976,0.11210726494501148
104.50429984970216,0.20950363358853227
104.51217092749457,1.6199182891350616
104.52004200528695,0.49476747658871423
104.52791308307935,0.058950636811725035
104.53578416087176,0.20584467608747997
104.54365523866416,0.06685077952759755
104.55152631645656,0.28070316023280145
104.55939739424896,0.967167050886822
104.56726847204136,1.3611175102160114
104.57513954983376,0.21399297848898735
104.58301062762617,0.17105608423360877
104.59088170541855,0.3879552039665032
104.59875278321095,0.844354460815068
104.60662386100336,0.6807335419104997
104.61449493879576,0.20915879546947158
104.62236601658816,0.1136022830285265
104.63023709438056,0.5612257863402342
104.63810817217296,0.3905065044967246
104.64597924996536,0.40033841056667496
104.65385032775777,1.7944866477182315
104.66172140555015,1.1364987462588936
104.66959248334256,0.048729150537896296
104.67746356113496,1.543257272123821
104.68533463892736,0.1123352096701028
104.69320571671976,0.11542784325932909
104.70107679451216,0.02824721187944784
104.70894787230456,0.32534236495642577
104.71681895009696,0.12341800232082475
104.72469002788937,0.16082486672057333
104.73256110568175,0.1874728697651243
104.74043218347416,0.25384639381170354
104.74830326126656,0.5749337456500863
104.75617433905896,0.8065627389775518
104.76404541685136,0.6145644786246027
104.77191649464378,0.504958506406558
104.77978757243618,0.051719505852141134
104.78765865022858,0.33513316263765475
104.79552972802098,0.7523070629407583
104.80340080581335,0.026117271377235515
104.81127188360576,0.49798658495226744
104.81914296139816,0.7922057674565576
104.82701403919056,1.1535433739975811
104.83488511698296,0.7561804154194381
104.84275619477538,0.22902267272844623
104.85062727256778,0.32978782038587956
104.85849835036018,1.078454444134783
104.86636942815258,0.6481651454828373
104.87424050594498,0.9623382072613444
104.88211158373738,0.3448188108665819
104.8899826615298,1.521373719123498
104.8978537393222,1.8933127343160483
104.9057248171146,0.07526738714127099
104.91359589490698,0.2274919807743432
104.92146697269938,1.1858452571241846
104.92933805049178,0.33682562899427093
104.93720912828418,0.49319782259387496
104.94508020607658,1.9290561650412301
104.95295128386898,0.3999663647797756
104.9608223616614,0.4462173384623058
104.9686934394538,0.28373623125412495
104.9765645172462,0.20224190049940322
104.9844355950386,2.524395072662584
104.992306672831,0.33753326291931046
105.0001777506234,1.182858727912155
105.0080488284158,0.535124567843519
105.0159199062082,0.278837564794315
105.02379098400058,0.3071229935152968
105.031662061793,0.2422977470533862
105.0395331395854,0.190532944243698
105.0474042173778,0.1873784163280973
105.0552752951702,1.1646521066346907
105.0631463729626,0.5277719762374454
105.071017450755,2.533079308045635
105.0788885285474,0.37676754941624707
105.0867596063398,0.029320697032556457
105.0946306841322,0.268392896390193
105.1025017619246,0.6652218141663576
105.110372839717,0.7382602587525174
105.1182439175094,0.08531593202774813
105.1261149953018,3.2312734191269468
105.1339860730942,0.2015819246998598
105.1418571508866,1.728838199258347
105.149728228679,1.55632455728597
105.1575993064714,0.5833706212529398
105.1654703842638,4.4916127345411265
105.1733414620562,2.329142265564255
105.1812125398486,1.079218565634178
105.189083617641,1.429052518825
105.1969546954334,0.44834263935536545
105.2048257732258,0.3478962765570774
105.2126968510182,0.634151313808693
105.2205679288106,1.9297356798584568
105.228439006603,0.5672386189147589
105.2363100843954,2.069663772569011
105.2441811621878,0.6957481556650358
105.2520522399802,1.011682336319855
105.2599233177726,0.2805062435340854
105.267794395565,0.19581534419865576
105.2756654733574,1.4433675918766635
105.2835365511498,0.020212632142543586
105.2914076289422,1.6859246545699096
105.2992787067346,0.348948635990976
105.307149784527,1.2889189779619563
105.3150208623194,0.37126163015734964
105.32289194011182,0.6250736419079529
105.33076301790422,0.37568177576685047
105.33863409569662,0.4342302418755748
105.346505173489,0.41542304129139396
105.3543762512814,1.1420946744731515
105.3622473290738,0.5001008554223213
105.3701184068662,3.174230046127357
105.3779894846586,0.9255087905882066
105.385860562451,0.753898471131004
105.39373164024342,1.8685258545560401
105.40160271803582,0.39514850054036094
105.40947379582822,0.12710815387516536
105.41734487362062,0.9494265537021396
105.42521595141302,1.619670127099549
105.43308702920542,2.085134615108086
105.44095810699784,1.2321180848970648
105.4488291847902,0.12639656440919406
105.4567002625826,2.1142606569078
105.46457134037502,2.4459764094921255
105.47244241816742,0.44478401328253575
105.48031349595982,0.8997612717807717
105.48818457375222,0.11983580492033745
105.49605565154462,0.18287486840823633
105.50392672933702,0.5423582728005255
105.51179780712944,0.3046994768493053
105.51966888492184,0.12321844166746078
105.52753996271424,0.4877371041449253
105.53541104050665,0.0008836925167115039
105.54328211829905,1.8762674831489412
105.55115319609143,1.2441062655695903
105.55902427388382,0.606333421712512
105.56689535167622,1.3123687765270011
105.57476642946862,1.474370422388767
105.58263750726104,1.67992851791279
105.59050858505344,3.835785558915948
105.59837966284584,1.3870465897042323
105.60625074063825,3.4629167095512385
105.61412181843065,0.9606792713500859
105.62199289622303,1.2294883725698698
105.62986397401544,2.038928456512814
105.63773505180784,1.1044722471922286
105.64560612960024,1.128250587046791
105.65347720739264,3.5451134871450165
105.66134828518504,0.007609529915163491
105.66921936297744,3.5379561907374124
105.67709044076985,1.3842467782624779
105.68496151856225,1.8153314288512157
105.69283259635463,0.9696201758056555
105.70070367414704,1.3879714954973732
105.70857475193944,0.12911769880341328
105.71644582973184,0.6940285797199253
105.72431690752424,4.514228238564387
105.73218798531664,0.2908072902048496
105.74005906310904,0.9820884399891466
105.74793014090145,1.2568642620538637
105.75580121869385,1.1096388432117117
105.76367229648623,0.056039022357339575
105.77154337427864,1.3667660865708906
105.77941445207104,2.0018809543446388
105.78728552986344,0.45724369616235766
105.79515660765584,1.3589092225948123
105.80302768544824,3.7434903785814364
105.81089876324064,2.735679287229831
105.81876984103305,1.2429311177798248
105.82664091882545,2.0038977248969876
105.83451199661783,2.831064433572812
105.84238307441024,1.9140510609779755
105.85025415220264,3.8272915435760444
105.85812522999504,1.2382804723261842
105.86599630778746,0.0664736874188167
105.87386738557986,0.4053545417591838
105.88173846337224,1.020794330077144
105.88960954116465,2.2523316798130164
105.89748061895703,1.2804227366060716
105.90535169674943,2.6298115112374125
105.91322277454184,1.0353412892377567
105.92109385233424,0.7666330379738704
105.92896493012664,0.1430147756156452
105.93683600791906,1.376972228802491
105.94470708571146,1.5145346590169104
105.95257816350386,1.2774373101876526
105.96044924129626,1.3026023109772795
105.96832031908866,1.8203580079456922
105.97619139688106,0.18287081438328312
105.98406247467346,1.4036597257465142
105.99193355246584,0.4517659639060365
105.99980463025824,1.5487765835273204
106.00767570805066,5.021093548670551
106.01554678584306,2.5550708939049716
106.02341786363546,2.792411811474768
106.03128894142786,1.3105960195490425
106.03916001922026,0.2029926248837753
106.04703109701266,3.7570781781154787
106.05490217480506,1.2963881764967324
106.06277325259748,2.3060226618658723
106.07064433038988,0.776284755588841
106.07851540818228,3.6595667670580414
106.08638648597469,0.9889666534637855
106.09425756376706,1.994540137920192
106.10212864155946,0.06202697711028328
106.10999971935186,1.8328370191156398
106.11787079714426,0.6680323557470571
106.12574187493666,0.6723688862674247
106.13361295272908,2.686148649569258
106.14148403052148,0.6161163261560242
106.14935510831388,0.15119333964096113
106.15722618610629,0.529660946212815
106.16509726389867,0.08463927130548343
106.17296834169107,0.5622832894966875
106.18083941948348,0.06805476944550637
106.18871049727588,0.019751137271932638
106.19658157506828,0.10038490976980044
106.20445265286068,0.19591221928326671
106.21232373065308,0.20244866721418328
106.22019480844548,0.18576581545831983
106.22806588623789,0.12016135183822559
106.23593696403027,0.6624970328134859
106.24380804182267,0.22000128192649604
106.25167911961508,2.262423468051189
106.25955019740748,0.015211511835001497
106.26742127519988,1.131188160878422
106.27529235299228,1.3368014585266157
106.28316343078468,2.677479277435255
106.29103450857708,1.3126828317204204
106.29890558636949,2.0397464744469747
106.30677666416187,0.43814459822794544
106.31464774195427,0.007597700173605374
106.32251881974668,1.0700747265672204
106.33038989753908,1.2042749185495847
106.33826097533148,0.42996725988054024
106.34613205312388,3.0222470925063907
106.35400313091628,0.5572025790073154
106.36187420870868,0.16628866900925057
106.36974528650109,0.13625831390358664
106.37761636429347,2.5223977335078636
106.38548744208587,0.6251695443781898
106.39335851987828,0.3562400199921531
106.40122959767068,0.7562753081833566
106.4091006754631,0.12434637030571644
106.41697175325548,0.13384512986006497
106.42484283104788,1.4276345488475162
106.43271390884028,0.42245605470033454
106.44058498663269,0.16247283290522402
106.44845606442507,0.08642408786461357
106.45632714221748,1.874275587661211
106.46419822000988,0.5797096590478844
106.47206929780228,2.563684510697318
106.4799403755947,0.11400039422193904
106.4878114533871,1.3693379839055915
106.4956825311795,0.3900067786438924
106.5035536089719,1.6208714514785316
106.5114246867643,0.691328764765582
106.5192957645567,0.3508491874274228
106.52716684234908,2.148592669796753
106.53503792014148,0.29142784532934685
106.54290899793388,0.828863893432821
106.5507800757263,0.12846753653853915
106.5586511535187,0.3843991379396299
106.5665222313111,1.5038510388904902
106.5743933091035,0.5169199855623923
106.5822643868959,1.0525930185146233
106.5901354646883,0.11827108803884996
106.5980065424807,0.34269220066634104
106.6058776202731,0.2536517291517878
106.6137486980655,0.4297697317946923
106.62161977585792,0.06720413787183112
106.62949085365032,0.3414579379101091
106.6373619314427,2.5238965775000812
106.6452330092351,1.5554267428852935
106.6531040870275,0.032787242768675874
106.6609751648199,1.4677919131195165
106.6688462426123,1.4561655687044208
106.6767173204047,0.893809427786749
106.6845883981971,0.04092711071772476
106.69245947598952,1.1787036805558975
106.70033055378192,0.08076838915504665
106.70820163157433,0.22667205454418335
106.71607270936671,0.5053971677660716
106.72394378715912,0.437356459782986
106.73181486495152,0.46367188855803676
106.7396859427439,0.14359288592589084
106.7475570205363,0.8233077292748934
106.75542809832872,0.028464143723601686
106.76329917612112,0.01340894981454647
106.77117025391352,0.5305526303945598
106.77904133170593,2.070623110514192
106.78691240949831,0.41293795816961215
106.79478348729072,1.7747911291262919
106.80265456508312,7.845751507357553
106.81052564287552,1.9490757623582355
106.81839672066792,0.31325670584621484
106.82626779846032,5.142345583947955
106.83413887625272,2.2826831303782025
106.84200995404512,1.7926094981433411
106.84988103183753,1.9851698515987033
106.85775210962991,1.9321382453217268
106.86562318742232,2.2132292761852637
106.87349426521472,0.4637205045422929
106.88136534300712,2.7484723648997953
106.88923642079952,0.8052097735225214
106.89710749859192,0.00769772918107171
106.90497857638432,0.513176482584838
106.91284965417672,0.4348036320479277
106.92072073196913,0.9811395794839116
106.92859180976151,1.0063733281488867
106.93646288755392,0.18702425120673075
106.94433396534632,1.4647347764692735
106.95220504313872,0.18630550759540812
106.96007612093112,0.1460488063158876
106.96794719872352,0.3269840800461173
106.97581827651592,3.977733437213143
106.98368935430832,0.19647034500288552
106.99156043210073,1.827591070565178
106.99943150989311,2.371199080829721
107.00730258768552,1.3582833382495674
107.01517366547792,0.45509988145668834
107.02304474327032,0.21398778513429317
107.03091582106272,0.9418177918112484
107.03878689885514,3.5870441653632636
107.04665797664754,1.5539297991109358
107.05452905443994,0.7841732501204847
107.06240013223233,0.41827782494948973
107.07027121002471,0.07451935587792587
107.07814228781712,1.8379329972858407
107.08601336560952,1.2275847953530121
107.09388444340192,0.2099639132418716
107.10175552119432,1.0107980997584882
107.10962659898674,0.38594862788428697
107.11749767677914,0.05726285262867218
107.12536875457154,0.10277802959562551
107.13323983236394,0.6445862273637463
107.14111091015634,0.8841264823475506
107.14898198794874,0.648629988568038
107.15685306574116,0.8095551938316798
107.16472414353356,0.6433190692103198
107.17259522132592,0.35741033308121795
107.18046629911834,0.8294375359495315
107.18833737691074,0.3318881742381887
107.19620845470314,1.2046657828762404
107.20407953249554,0.005783072472377213
107.21195061028794,0.07334061714801905
107.21982168808034,0.6738488832671704
107.22769276587276,0.09068449603390646
107.23556384366516,0.220170985757273
107.24343492145756,0.07574548394386717
107.25130599924996,0.27193782693938384
107.25917707704237,0.07381681754424328
107.26704815483475,0.13587780897062318
107.27491923262716,0.9573847909003292
107.28279031041954,0.4234775976651022
107.29066138821194,0.3042907450428917
107.29853246600436,0.4673370922139006
107.30640354379676,0.1698275246369216
107.31427462158916,1.0905664018951893
107.32214569938157,0.3363995885595001
107.33001677717397,0.08351221774467003
107.33788785496635,1.2762670445012265
107.34575893275876,0.793510123614175
107.35363001055116,1.9032788288216451
107.36150108834356,0.5518908276235336
107.36937216613596,3.5050187471569743
107.37724324392836,2.139026373847751
107.38511432172076,0.10824587373321379
107.39298539951317,0.6953189626724676
107.40085647730557,8.578852638822049
107.40872755509795,1.2629845337174217
107.41659863289036,1.0290021731871468
107.42446971068276,2.205207411649534
107.43234078847516,5.281213064382471
107.44021186626756,0.7069242248418519
107.44808294405996,1.1874133731875822
107.45595402185236,0.7603278893245705
107.46382509964477,2.9661891847522495
107.47169617743717,0.5287708524396488
107.47956725522955,0.5324319033129006
107.48743833302196,1.42945781341514
107.49530941081436,1.6383186339422164
107.50318048860676,3.105134965899281
107.51105156639916,0.6225991857361998
107.51892264419156,1.1994968096890375
107.52679372198396,4.410654620149353
107.53466479977637,3.313308956622117
107.54253587756877,5.006186152346054
107.55040695536115,0.6802998752100412
107.55827803315356,1.1026425929010923
107.56614911094596,0.8360405261485174
107.57402018873836,0.69701771570282
107.58189126653076,2.4472205727905236
107.58976234432318,0.730518495910447
107.59763342211558,0.5461491419452387
107.60550449990797,1.9351288791224242
107.61337557770037,1.054536430539557
107.62124665549275,1.5038114636027629
107.62911773328516,1.8392476157287398
107.63698881107756,2.145074608341962
107.64485988886996,1.0811792843248176
107.65273096666238,0.23211352063490454
107.66060204445478,0.20347067534383612
107.66847312224718,0.15984175303362888
107.67634420003958,1.9795386874452512
107.68421527783198,3.845831592980372
107.69208635562438,0.16188154799443924
107.69995743341678,1.8341130175952616
107.70782851120916,0.13470216991847936
107.71569958900156,0.33026944524352014
107.72357066679398,0.7128984000357705
107.73144174458638,0.7864110928155849
107.73931282237878,0.07254503997631348
107.74718390017118,0.4534743818205165
107.75505497796358,1.0295780174543698
107.76292605575598,0.31727929963031304
107.77079713354838,2.187612186352668
107.7786682113408,0.397721183932859
107.7865392891332,0.5169229297810372
107.7944103669256,1.250940905495697
107.802281444718,0.6372875226596401
107.8101525225104,0.23843149398643548
107.81802360030278,0.503276626460392
107.82589467809518,0.34789130154436815
107.83376575588758,0.42262916481065055
107.84163683367998,1.718032753962753
107.8495079114724,1.926992164976596
107.8573789892648,0.5212209012584162
107.8652500670572,0.28068528975389123
107.8731211448496,0.3951964701320933
107.880992222642,0.2802370360283939
107.8888633004344,0.401813927571741
107.8967343782268,0.4180876777080591
107.9046054560192,0.5333244811661729
107.9124765338116,0.19861350658651666
107.920347611604,0.6062881593116788
107.9282186893964,1.7861058220997805
107.9360897671888,0.3634434657464783
107.9439608449812,0.06700288419616948
107.9518319227736,0.8236913875918325
107.959703000566,1.1874992294983846
107.9675740783584,0.04428639530987406
107.9754451561508,0.5654229261489238
107.9833162339432,1.3194867775041816
107.9911873117356,1.3799233093282182
107.999058389528,1.2639965247688023
108.0069294673204,0.0934282234915083
108.0148005451128,0.5547095888773698
108.0226716229052,0.440578074547418
108.0305427006976,0.5326495112094818
108.03841377849,0.5787504730440639
108.0462848562824,0.46917990381864133
108.0541559340748,0.1708135911125757
108.0620270118672,0.29802192471111383
108.0698980896596,1.3893160435524152
108.077769167452,1.6115146565839265
108.0856402452444,0.1851822507847797
108.0935113230368,1.0586737371337656
108.1013824008292,1.0760381044607705
108.1092534786216,1.1089522813403556
108.117124556414,0.8708468986818817
108.1249956342064,0.021610124569445718
108.13286671199882,1.8659076289633256
108.1407377897912,0.39593861902318433
108.1486088675836,1.0639802158181348
108.156479945376,0.6574551647991452
108.1643510231684,0.6119157526670187
108.1722221009608,1.7464699821833083
108.1800931787532,1.4098248315884059
108.1879642565456,0.9082640028171112
108.195835334338,4.204059830096343
108.20370641213042,1.198326733195805
108.21157748992282,0.9966423263699706
108.21944856771522,0.2683053216285927
108.22731964550762,0.11724013346467597
108.23519072330002,0.024691441202116582
108.24306180109242,0.48838141461295115
108.2509328788848,0.5997945867065716
108.2588039566772,0.2218519800921906
108.2666750344696,0.4413471637846421
108.27454611226202,3.6448565800626618
108.28241719005442,0.4299932238358034
108.29028826784682,0.09216111578218432
108.29815934563922,0.04017566150514742
108.30603042343162,1.5366896824247265
108.31390150122402,0.8254350619234657
108.32177257901644,0.07807630268927804
108.32964365680884,0.5135482777564985
108.33751473460124,0.09774217254293138
108.34538581239364,0.6812829654941933
108.35325689018605,0.7551284972299871
108.36112796797842,0.7475075401637082
108.36899904577082,0.6557023387062169
108.37687012356322,4.8221637311881596
108.38474120135562,1.299978055662133
108.39261227914804,1.3123996294510327
108.40048335694044,0.06674297744815828
108.40835443473284,0.541737653552824
108.41622551252524,0.8480179090181517
108.42409659031765,1.7912991360479713
108.43196766811003,0.055782227844408075
108.43983874590243,0.9569305542837259
108.44770982369484,0.00890295261690024
108.45558090148724,2.3986578526909805
108.46345197927964,1.2757399045930544
108.47132305707204,0.4615608805831398
108.47919413486444,1.4522938882619176
108.48706521265684,0.2900750344528503
108.49493629044925,0.6318881640685298
108.50280736824163,0.6752155855081801
108.51067844603404,0.26648976203286395
108.51854952382644,0.18905758769343609
108.52642060161884,0.3427714764902255
108.53429167941124,0.44805412066899003
108.54216275720364,0.6405350099296326
108.55003383499604,0.7460056367439506
108.55790491278844,0.01575618892045869
108.56577599058085,2.2694040625897456
108.57364706837323,0.15520370954390125
108.58151814616564,1.0892392293368143
108.58938922395804,0.05125683892653864
108.59726030175044,1.0350191974150162
108.60513137954284,0.08347713431483735
108.61300245733524,0.5164325374733373
108.62087353512764,1.8772874212761248
108.62874461292004,0.7288426174772438
108.63661569071245,2.102614506327654
108.64448676850483,1.5053872912208286
108.65235784629724,1.3429394871709754
108.66022892408964,0.6669574736058852
108.66810000188204,2.279023289170943
108.67597107967444,1.317119119463595
108.68384215746684,0.7112879046514644
108.69171323525924,0.5052469353567761
108.69958431305164,0.5119028675408873
108.70745539084405,0.9129159575829754
108.71532646863643,1.304449073892371
108.72319754642884,1.6219761501254273
108.73106862422124,0.9084520328375142
108.73893970201364,0.7909032379420231
108.74681077980604,0.3922707165362418
108.75468185759846,1.1283732147765204
108.76255293539086,0.029656716775940378
108.77042401318326,0.9720403536931329
108.77829509097566,2.3625677885999594
108.78616616876803,4.732193326158914
108.79403724656044,0.23657276550338494
108.80190832435284,0.653885258358723
108.80977940214524,0.6304017918752797
108.81765047993764,0.648937960061955
108.82552155773006,0.2610997729603985
108.83339263552246,1.3534947458163091
108.84126371331486,0.33476494496939696
108.84913479110726,1.7778749654150647
108.85700586889966,0.31527553820005205
108.86487694669206,1.2968227388668254
108.87274802448448,1.3770085537902352
108.88061910227688,0.039319988502321226
108.88849018006928,0.0097295310968422
108.89636125786166,0.6325079311666748
108.90423233565406,0.18218806443065533
108.91210341344646,0.2556794950504443
108.91997449123886,0.23506022030255908
108.92784556903126,0.24251538405050582
108.93571664682366,0.7111291051567011
108.94358772461608,0.5221114568866816
108.95145880240848,0.12792994230845267
108.95932988020088,0.08099317773786095
108.96720095799328,0.1537578203470942
108.97507203578569,1.7107396624695048
108.98294311357807,0.794399885980541
108.99081419137048,1.1881437850169585
108.99868526916288,0.08324883980819843
109.00655634695526,0.31911952523116754
109.01442742474768,0.9256297086747237
109.02229850254008,2.609666518834289
109.03016958033248,2.5399683307753094
109.03804065812488,0.9874213574687631
109.04591173591729,0.8319442648712259
109.05378281370967,2.1705448365969056
109.06165389150208,0.14948233121649399
109.06952496929448,0.7176735787453609
109.07739604708688,1.1303246642612836
109.08526712487928,0.13955033476256767
109.09313820267168,0.1476709941839676
109.10100928046408,0.6164186275714665
109.10888035825649,2.28946987386861
109.11675143604889,1.9777233014224203
109.12462251384127,0.592215453734452
109.13249359163368,1.2346481263970692
109.14036466942608,0.24985877652076946
109.14823574721848,1.270315641674515
109.15610682501088,0.5217860998995193
109.16397790280328,2.9126734763067406
109.17184898059568,0.12127031822775333
109.17972005838809,0.11726114574330285
109.18759113618049,1.7607709337075166
109.19546221397287,1.531219215606046
109.20333329176528,0.15735983120822972
109.21120436955768,3.899661035290132
109.21907544735008,2.704172770677925
109.22694652514248,0.16649098777046986
109.23481760293488,2.9508192206573693
109.24268868072728,0.4481482107149316
109.25055975851969,0.08444392234071281
109.25843083631209,0.12717688942321762
109.26630191410447,0.1581699529730161
109.27417299189688,0.047856954750406216
109.28204406968928,0.3556786323895373
109.2899151474817,0.09348004063509203
109.2977862252741,0.6315099162081111
109.3056573030665,0.14442722036483444
109.3135283808589,0.7038351471133795
109.3213994586513,0.42045034681869026
109.32927053644369,0.22448094703981805
109.33714161423607,0.8631646253953491
109.34501269202848,0.5694125660490317
109.35288376982088,1.8266104850484621
109.3607548476133,0.1379008972699265
109.3686259254057,0.35389902621435515
109.3764970031981,0.14649282741326936
109.3843680809905,0.9089293527434718
109.3922391587829,1.6657918679879913
109.4001102365753,1.2422456228887093
109.4079813143677,0.0002991276317923461
109.4158523921601,1.43140577275485
109.4237234699525,0.3226096028993799
109.4315945477449,1.3849883594724177
109.4394656255373,1.08409221385705
109.4473367033297,3.840728813809505
109.4552077811221,0.8276741075776151
109.4630788589145,0.9443616319998109
109.4709499367069,0.8605422824854196
109.4788210144993,1.8441858391896018
109.4866920922917,0.44227513105560917
109.4945631700841,0.3455008946208625
109.50243424787652,0.7318961330457822
109.51030532566892,1.0222388437186198
109.51817640346133,0.7329438719105373
109.52604748125373,1.4467078134645042
109.53391855904611,1.8105115073716496
109.5417896368385,2.674322620762776
109.5496607146309,0.06372818341245932
109.5575317924233,0.6302189791075555
109.5654028702157,0.22103660929038407
109.57327394800812,0.43940363338084376
109.58114502580052,0.755780044700441
109.58901610359293,3.0746122160541405
109.59688718138533,0.33775780286638074
109.60475825917771,0.7497428899013964
109.61262933697012,0.8874464774859241
109.62050041476252,0.4733378175637412
109.62837149255492,0.6079126506749649
109.63624257034732,0.13476112283861424
109.64411364813972,1.1289560830580936
109.65198472593212,2.891520345259456
109.65985580372453,0.008937100321538601
109.66772688151693,0.8830724004783348
109.67559795930931,0.04454388412074504
109.68346903710172,0.6866384340988753
109.69134011489412,0.42383923171580784
109.69921119268652,0.6827549249223942
109.70708227047892,0.3040440567516424
109.71495334827132,1.271071101797586
109.72282442606372,4.935319178926689
109.73069550385613,0.798006031260551
109.73856658164851,0.8808570184014711
109.74643765944091,0.8012400526340404
109.75430873723332,1.1216894120737155
109.76217981502572,3.937521301561448
109.77005089281812,0.2876970069934754
109.77792197061052,0.22522523148832901
109.78579304840292,1.340980242680494
109.79366412619532,0.18858087208092417
109.80153520398773,1.76440978854437
109.80940628178011,3.1166724915798105
109.81727735957251,0.7707499729121383
109.82514843736492,0.4091894351667026
109.83301951515732,1.040619869503418
109.84089059294972,1.0553678632319254
109.84876167074214,0.7704909303704177
109.85663274853454,0.6335938109339401
109.86450382632692,1.1398781247169734
109.87237490411933,0.8050148690796018
109.88024598191171,0.06969349435367131
109.88811705970411,0.2912384821484339
109.89598813749652,0.3352829324880954
109.90385921528892,0.31344613746210453
109.91173029308132,0.8859643251179978
109.91960137087374,1.2346698383312604
109.92747244866614,0.23894509101933664
109.93534352645854,0.8002659652393608
109.94321460425094,0.5412335647293841
109.95108568204334,0.23197734662920877
109.95895675983574,1.820804388828616
109.96682783762814,0.5540059153636895
109.97469891542052,0.23626424487619604
109.98256999321292,0.38506748727023515
109.99044107100534,1.1506835363992856
109.99831214879774,1.5292704413584255
110.00618322659014,0.03233800302986943
110.01405430438254,0.6062820142472927
110.02192538217494,1.345861499505584
110.02979645996734,1.8119123208889676
110.03766753775976,0.8638651970178246
110.04553861555216,0.3469610955504253
110.05340969334456,1.9855590967846282
110.06128077113696,0.46678833910657097
110.06915184892937,0.07080298102982066
110.07702292672174,0.32392260211053997
110.08489400451414,0.11192906919911981
110.09276508230654,0.41240267262564295
110.10063616009894,1.0097619438589085
110.10850723789136,0.3511572709361466
110.11637831568376,0.47982218843022767
110.12424939347616,2.635088339381671
110.13212047126856,0.6250177821574988
110.13999154906097,0.11586639529320804
110.14786262685335,1.4042002353276386
110.15573370464575,0.05809049184354032
110.16360478243816,4.985713767678893
110.17147586023056,0.6071919444270814
110.17934693802296,3.460107093443224
110.18721801581536,0.32129329724644207
110.19508909360776,0.2848891158413068
110.20296017140016,0.18974218418898792
110.21083124919257,0.29745620085079755
110.21870232698495,0.24587266808378236
110.22657340477735,0.25856683586551815
110.23444448256976,0.2320308991191899
110.24231556036216,0.7327811870531935
110.25018663815456,0.23584474339452507
110.25805771594696,1.0713415475442578
110.26592879373936,1.5149135232134152
110.27379987153176,0.45238669022515016
110.28167094932417,4.489753683466305
110.28954202711655,0.4669929175634836
110.29741310490896,0.6226728676584238
110.30528418270136,0.29883708033951256
110.31315526049376,0.3478431341852866
110.32102633828616,0.3188830141649327
110.32889741607856,0.18875390425290378
110.33676849387096,0.63838662948054
110.34463957166336,1.6300261270348941
110.35251064945577,2.5392287348109686
110.36038172724815,1.0219919178656292
110.36825280504056,1.1830615057713114
110.37612388283296,1.3957004334161873
110.38399496062536,0.24425010948536818
110.39186603841776,0.44269670812567574
110.39973711621016,0.7155547530481196
110.40760819400256,0.3129350986945486
110.41547927179496,0.5830870049998783
110.42335034958737,0.09935271738933742
110.43122142737975,0.5764689907140157
110.43909250517216,1.014789139108269
110.44696358296456,3.0211166796089945
110.45483466075696,0.914635587309253
110.46270573854936,1.2146156977400357
110.47057681634178,0.43588463659160054
110.47844789413418,0.017708442543836658
110.48631897192658,0.029935312222626253
110.49419004971898,0.08082923788974801
110.50206112751138,0.2318045523722046
110.50993220530376,0.45793208128230073
110.51780328309616,0.1052432081621742
110.52567436088856,0.7178533992472294
110.53354543868096,0.1405511364334774
110.54141651647338,0.1511709056352653
110.54928759426578,0.476340768487841
110.55715867205818,0.08540081636598386
110.56502974985058,0.037665744307309505
110.57290082764298,0.5182997951422467
110.58077190543538,1.0283467598268494
110.5886429832278,0.554077395137454
110.5965140610202,0.7754994006341318
110.6043851388126,0.40516709317807764
110.612256216605,1.2139248311113457
110.62012729439738,0.6727882903776868
110.62799837218978,0.24573832218683817
110.63586944998218,0.9505570935556242
110.64374052777458,0.18064425353151486
110.65161160556698,1.545258285432275
110.6594826833594,0.5157945832516108
110.6673537611518,0.5532629043609212
110.6752248389442,2.4980010022044636
110.6830959167366,0.6761078434558615
110.690966994529,1.8515294514422393
110.6988380723214,2.188882262028867
110.7067091501138,0.9889891819854015
110.7145802279062,1.893889617211884
110.72245130569858,0.29953925929217246
110.730322383491,0.5711907320130455
110.7381934612834,0.6764926749758418
110.7460645390758,0.6044390769859671
110.7539356168682,0.6790244607179584
110.7618066946606,0.5852689447189316
110.769677772453,1.304427903081003
110.7775488502454,0.7844600427841254
110.7854199280378,2.06228681275604
110.7932910058302,0.012250336140622308
110.8011620836226,0.31909410338565236
110.809033161415,0.24626710312356168
110.8169042392074,0.08287112678875658
110.8247753169998,1.2851128850901683
110.8326463947922,0.3655918391974358
110.8405174725846,0.7691089045293531
110.848388550377,0.43809139619425164
110.8562596281694,1.1255354330898335
110.8641307059618,0.7096401500551418
110.8720017837542,1.311742730365733
110.8798728615466,0.1826366573878352
110.887743939339,0.10907551106350263
110.8956150171314,0.32195741594285343
110.9034860949238,0.4030520669730602
110.9113571727162,0.9919592478364906
110.9192282505086,0.11987006459831472
110.927099328301,0.6344013704224809
110.9349704060934,0.37227750437665724
110.9428414838858,1.5640854171866685
110.9507125616782,4.154048745022462
110.9585836394706,2.056789460158765
110.966454717263,0.20772581409736818
110.9743257950554,0.6604773127312192
110.9821968728478,0.5867874251498266
110.9900679506402,1.8622607585228583
110.9979390284326,1.1846641187408404
111.005810106225,2.598011880521127
111.0136811840174,1.302735273455872
111.02155226180982,0.38271092620365216
111.02942333960222,0.08585618907923002
111.03729441739462,0.43071779393129866
111.045165495187,0.1025666778978183
111.0530365729794,1.4421616595645204
111.0609076507718,0.4667585244746676
111.0687787285642,1.3060026908440865
111.0766498063566,1.5046556104896995
111.084520884149,1.8586443576532325
111.09239196194142,0.5813867006127299
111.10026303973382,0.21149330730450133
111.10813411752622,0.1545191960230905
111.11600519531862,1.9342000520726956
111.12387627311102,1.3348567840274967
111.13174735090342,0.49942314477692795
111.13961842869584,0.7645129199448065
111.14748950648824,1.8081546537211526
111.1553605842806,0.7818903693208398
111.16323166207302,2.7389351848377426
111.17110273986542,0.3768605380065154
111.17897381765782,1.3858612529585363
111.18684489545022,0.17881702415036263
111.19471597324262,0.6732451217044848
111.20258705103502,0.5346691344061082
111.21045812882744,0.4945127628779507
111.21832920661984,0.3765891613226771
111.22620028441224,1.1889658964893408
111.23407136220465,4.317763746443977
111.24194243999705,0.1290037381333544
111.24981351778943,0.23091089603791215
111.25768459558184,1.6282566929133013
111.26555567337422,0.6779602179364725
111.27342675116662,0.4659776592888694
111.28129782895904,8.303738381084512
111.28916890675144,0.5412830815258556
111.29703998454384,0.11790485473390244
111.30491106233625,0.6810270630592543
111.31278214012865,0.9533830893282341
111.32065321792103,0.796605693931252
111.32852429571344,0.26380504141639444
111.33639537350584,0.1799830165399335
111.34426645129824,0.1466520814798402
111.35213752909064,0.04810055946447216
111.36000860688304,0.6519175790323751
111.36787968467544,0.24136708275668267
111.37575076246785,1.6614580435351674
111.38362184026025,0.09738649452971064
111.39149291805263,1.9119244718634063
111.39936399584504,0.6753877437047205
111.40723507363744,0.4234011168938992
111.41510615142984,0.44079631063281854
111.42297722922224,0.5346414825857958
111.43084830701464,0.46555957024000744
111.43871938480704,0.25524003156195746
111.44659046259945,1.3863230032539249
111.45446154039185,0.4160477252267816
111.46233261818423,0.5274494764634576
111.47020369597664,0.2562449129925243
111.47807477376904,1.5009803327398399
111.48594585156144,0.2759973947572399
111.49381692935384,2.6908912698926897
111.50168800714624,0.03834800406685409
111.50955908493864,0.39196544684731816
111.51743016273105,0.8442769785008915
111.52530124052343,0.0664024411921233
111.53317231831583,5.595108110787745
111.54104339610824,0.9926973754271549
111.54891447390064,0.7148999048682213
111.55678555169304,0.4180300338128721
111.56465662948546,4.318701074057695
111.57252770727786,0.7010630110363645
111.58039878507026,0.5170281773455478
111.58826986286265,0.15451826944942798
111.59614094065503,0.5656388719664949
111.60401201844743,0.7272336413578846
111.61188309623984,0.8766740147821952
111.61975417403224,0.31925250403324823
111.62762525182464,0.47778455022962846
111.63549632961706,1.6629351367558949
111.64336740740946,0.6691793588747234
111.65123848520186,1.0371876723289655
111.65910956299426,0.6822675570496167
111.66698064078666,0.22839205225814616
111.67485171857906,0.126132972753421
111.68272279637146,0.2965090308703021
111.69059387416384,1.2757540652981791
111.69846495195624,2.740502090097561
111.70633602974866,0.3818794678768558
111.71420710754106,3.8007590382518184
111.72207818533346,0.8936607017341882
111.72994926312586,0.20668734575319417
111.73782034091826,1.5449454865479442
111.74569141871066,0.1242218347944187
111.75356249650306,1.9574448633547459
111.76143357429548,1.322972965867552
111.76930465208788,3.9150379661682573
111.77717572988028,0.664351169546169
111.78504680767269,0.38324562912214105
111.79291788546507,0.3956890054560556
111.80078896325746,0.08633206580993043
111.80866004104986,1.162479045647873
111.81653111884226,0.5584334437673047
111.82440219663468,0.0692090487126734
111.83227327442708,0.07304943407593878
111.84014435221948,0.35144263335748854
111.84801543001188,0.0496317900193997
111.85588650780429,0.04108463006263198
111.86375758559667,0.004404332600722858
111.87162866338907,0.19052986062750407
111.87949974118148,0.01819471210237619
111.88737081897388,0.41289933924281
111.89524189676628,0.6546130193582663
111.90311297455868,0.2192999618179744
111.91098405235108,0.010547302972406991
111.91885513014348,0.15616959310553846
111.92672620793589,0.060415223246480465
111.93459728572827,0.32573298787831667
111.94246836352067,0.3179602139034836
111.95033944131308,0.2801755589129892
111.95821051910548,0.25020078919597827
111.96608159689788,2.327959813630072
111.97395267469028,0.10669009198386505
111.98182375248268,0.6592493787485402
111.98969483027508,0.5316025626435938
111.99756590806749,2.100763062966028
112.00543698585987,0.40699680332529964
112.01330806365227,0.8964112615499853
112.02117914144468,0.253013008894678
112.02905021923708,0.6557875828462716
112.03692129702948,1.4783542402786314
112.04479237482188,0.2798487237725318
112.05266345261428,0.4899034116107294
112.06053453040668,2.2003249128474276
112.06840560819909,0.2203549149791533
112.07627668599147,0.5552065681829758
112.08414776378388,0.735184367528352
112.09201884157628,0.4368313652419865
112.09988991936868,1.1072586860793274
112.1077609971611,0.10658668946677238
112.1156320749535,1.1702593815279432
112.12350315274588,0.07346215106654176
112.13137423053828,0.3849050038617103
112.13924530833069,0.30518077100596397
112.14711638612307,0.6979174841812456
112.15498746391548,0.07511320966309748
112.16285854170788,0.6015441404018494
112.17072961950028,1.7424853673386465
112.1786006972927,0.21582421032718405
112.1864717750851,0.5250805476250288
112.1943428528775,0.15126261925323553
112.2022139306699,0.2294264511613454
112.2100850084623,2.547125682650927
112.2179560862547,0.3999720759437616
112.2258271640471,2.733683672585102
112.23369824183948,0.7015281042493665
112.24156931963188,1.0430568785704895
112.2494403974243,0.1376216556420162
112.2573114752167,1.300591674903001
112.2651825530091,1.6659440639617473
112.2730536308015,0.5599189000944811
112.2809247085939,1.3268252761262063
112.2887957863863,0.4533842158116122
112.2966668641787,0.6828091980874582
112.3045379419711,0.14234761620756817
112.3124090197635,0.7570735006018533
112.32028009755592,0.15005921273805942
112.32815117534832,0.07935910247163185
112.33602225314073,2.2285177512210987
112.3438933309331,0.006145660514550159
112.3517644087255,0.23967189514984977
112.3596354865179,0.7815349891999386
112.3675065643103,0.7647493686818998
112.3753776421027,0.4792347934575017
112.38324871989512,2.843816886943964
112.39111979768752,0.1536846068980341
112.39899087547992,0.5604231108142815
112.40686195327233,0.19306063870858547
112.41473303106471,0.17040103348845279
112.42260410885712,0.671723646043128
112.43047518664952,0.6680243268480214
112.43834626444192,0.25128770920932925
112.4462173422343,0.24647679161067498
112.45408842002672,0.6505815918742422
112.46195949781912,0.14422997724782946
112.46983057561152,0.7124123160688179
112.47770165340393,1.019453179088569
112.48557273119631,0.14825098062491285
112.49344380898872,0.2211023780921325
112.50131488678112,0.29097017903313144
112.50918596457352,1.0314673957467164
112.51705704236592,3.066917256760974
112.52492812015832,2.2579573900597265
112.53279919795072,1.0685206882758256
112.54067027574312,0.4394418001521858
112.54854135353553,0.9000823722239639
112.55641243132791,0.47772538280595367
112.56428350912032,1.413481787188606
112.57215458691272,0.7976584068877384
112.58002566470512,0.7230311148981199
112.58789674249752,0.35292069809945437
112.59576782028992,2.2651197278199584
112.60363889808232,0.7855028612519537
112.61150997587472,0.1869814166994088
112.61938105366713,2.8550656075452507
112.62725213145951,1.241164921284048
112.63512320925192,0.6476391714078452
112.64299428704432,1.2147614553478558
112.65086536483672,0.7864834923445737
112.65873644262912,0.320832079935018
112.66660752042152,1.2325426082342401
112.67447859821392,0.13962684215041646
112.68234967600633,1.4610626239344189
112.69022075379873,0.40737563130245774
112.69809183159111,0.2262852895200573
112.70596290938352,1.8508102359483902
112.71383398717592,4.165284584558942
112.72170506496832,1.280073458233264
112.72957614276072,0.3732486603176876
112.73744722055314,1.6454804102217027
112.74531829834554,2.8869442450030416
112.75318937613794,0.8713211778739278
112.76106045393034,2.2862471348246376
112.76893153172271,0.102474064330216
112.77680260951512,0.3768185775393405
112.78467368730752,2.3001305978511866
112.79254476509992,0.5359169544834229
112.80041584289232,0.49322419604442547
112.80828692068474,0.33506098499478953
112.81615799847714,1.5511061259005345
112.82402907626954,0.07531837863459384
112.83190015406194,0.38518460847822095
112.83977123185434,0.0570347486658212
112.84764230964674,0.44444031062906986
112.85551338743916,0.6448661657338153
112.86338446523156,0.014291962433776333
112.87125554302396,2.6794610205530187
112.87912662081634,0.1164262056368911
112.88699769860874,1.2015970469432333
112.89486877640114,0.5408888640967716
112.90273985419354,0.007370304715013973
112.91061093198594,0.1501110386264453
112.91848200977834,0.056658935661511506
112.92635308757076,0.194280844656392
112.93422416536316,0.13167912333946608
112.94209524315556,0.12657464672747812
112.94996632094796,0.9731787033210586
112.95783739874037,1.5622850935707286
112.96570847653275,0.7497216863893198
112.97357955432516,0.16399897099148972
112.98145063211756,1.1620555501119594
112.98932170990994,0.27410321362683243
112.99719278770236,1.4211173286306982
113.00506386549476,0.174558830502539
113.01293494328716,0.39699070200651226
113.02080602107957,0.6059469062630665
113.02867709887197,0.31240286604431167
113.03654817666435,0.17486858824021995
113.04441925445676,0.04837985062966182
113.05229033224916,0.051040932951418136
113.06016141004156,0.13326045449643925
113.06803248783396,0.4523850238960914
113.07590356562636,1.0862122841165627
113.08377464341876,1.4719025836825996
113.09164572121117,0.23738759154735228
113.09951679900357,2.0753759564144136
113.10738787679595,5.122369809589408
113.11525895458836,0.7166276364649456
113.12313003238076,0.4207820916603673
113.13100111017316,0.47849714223802675
113.13887218796556,0.4717417238538542
113.14674326575796,0.6124632469517294
113.15461434355036,0.6312476626304465
113.16248542134277,1.3510834746281244
113.17035649913517,2.169310261046217
113.17822757692755,3.2307524737436277
113.18609865471996,1.25363262678388
113.19396973251236,0.7883840131808356
113.20184081030476,1.8363387335908776
113.20971188809716,3.503863668979323
113.21758296588956,2.8279698956556425
113.22545404368196,2.28454849689032
113.23332512147437,1.144650210840341
113.24119619926677,2.2889109102982195
113.24906727705915,1.3448633459123571
113.25693835485156,0.7339844184054093
113.26480943264396,0.5974950988022983
113.27268051043636,0.4636133259995245
113.28055158822878,3.4620480231294954
113.28842266602118,1.0614027421664973
113.29629374381358,0.5540556553558466
113.30416482160598,1.591385164658521
113.31203589939835,2.6739173643324934
113.31990697719075,0.0943943572270838
113.32777805498316,0.8914436461885457
113.33564913277556,0.07244152570542176
113.34352021056796,0.6112233074593214
113.35139128836038,0.519662528666418
113.35926236615278,2.484581764707957
113.36713344394518,1.5779404625824458
113.37500452173758,0.4064147890464514
113.38287559952998,2.244798347269093
113.39074667732238,0.2696713848965756
113.39861775511478,1.9289621507000578
113.4064888329072,0.27938825984199767
113.41435991069956,2.3821668641043527
113.42223098849198,0.7205659038424952
113.43010206628438,1.7270894513041994
113.43797314407678,0.36409978369626234
113.44584422186918,0.7092550462378704
113.45371529966158,1.653244726121028
113.46158637745398,0.505950646154649
113.46945745524638,0.8471371424439977
113.4773285330388,0.5962773673824892
113.4851996108312,0.3765673065980462
113.4930706886236,0.2289386208275052
113.500941766416,1.7963623454434883
113.5088128442084,0.27208815042991835
113.5166839220008,1.270631948992143
113.52455499979318,0.6906982528701208
113.53242607758558,0.11578162893681
113.54029715537798,0.18649494198833466
113.5481682331704,3.0812307580859915
113.5560393109628,2.7306843146485558
113.5639103887552,2.274997570505452
113.5717814665476,0.17713661015139529
113.57965254434,1.8512953992006436
113.5875236221324,0.5934646216558063
113.5953946999248,0.18531302148295337
113.6032657777172,0.8791166486571814
113.6111368555096,4.664033722551951
113.619007933302,0.6664388393316196
113.6268790110944,2.477479465062499
113.6347500888868,0.7386236148574401
113.6426211666792,1.0278475819832211
113.6504922444716,1.3067087942787399
113.658363322264,0.08330437794546103
113.6662344000564,0.8748618868791976
113.6741054778488,1.676221875705624
113.6819765556412,0.6729874189681003
113.6898476334336,1.1003181001842983
113.697718711226,0.0021855325669312446
113.7055897890184,0.7434097534429331
113.7134608668108,1.5485864381600183
113.7213319446032,1.7030901350911176
113.7292030223956,1.1937873455675503
113.737074100188,1.3209394999633748
113.7449451779804,2.000752035164158
113.7528162557728,2.198112167604438
113.7606873335652,0.0150693965789049
113.7685584113576,1.6653404919478103
113.77642948915,1.0814055920260779
113.7843005669424,0.5070535911830389
113.7921716447348,0.35565689555924973
113.8000427225272,0.9738066819341016
113.8079138003196,0.664239747271526
113.815784878112,0.25760070294687054
113.8236559559044,0.4751911448584022
113.83152703369682,1.422305573163793
113.83939811148922,0.1974286097111418
113.8472691892816,0.6742066389652392
113.855140267074,2.009598807975253
113.8630113448664,0.5733014185975792
113.8708824226588,0.8145362986045364
113.8787535004512,1.133331652111996
113.8866245782436,0.10009789197607752
113.894495656036,1.2085799170953238
113.90236673382842,0.4496000098355381
113.91023781162082,0.0412884543254184
113.91810888941322,3.5709350690074015
113.92597996720562,2.546927044736012
113.93385104499802,0.5730363268448304
113.94172212279042,1.265458161775275
113.94959320058284,3.5316175157311105
113.9574642783752,0.012160609532637236
113.9653353561676,11.341543577921225
113.97320643396002,6.766120218555263
113.98107751175242,2.9540076923503
113.98894858954482,3.170789397827674
113.99681966733722,0.3210713946107865
114.00469074512962,2.786758952742912
114.01256182292202,0.08415577122137229
114.02043290071444,1.4452179804316025
114.02830397850684,2.2156380992858975
114.03617505629924,0.3410954215258637
114.04404613409164,3.1514260357901396
114.05191721188405,0.9582318650998868
114.05978828967642,1.266441838601217
114.06765936746882,0.9723440828735449
114.07553044526122,0.28086543468600944
114.08340152305362,1.5141762421636278
114.09127260084604,1.5782470817461327
114.09914367863844,0.007561997668748357
114.10701475643084,0.22731873127356444
114.11488583422324,0.7407334011735238
114.12275691201565,0.4055642617775688
114.13062798980803,2.6444413130106668
114.13849906760043,0.030905967157244706
114.14637014539284,1.7797640458033188
114.15424122318524,1.1777344609559592
114.16211230097764,0.5032899534691158
114.16998337877004,0.09759810250979781
114.17785445656244,1.9651637139279696
114.18572553435484,1.6377331564535567
114.19359661214725,0.5673494526358542
114.20146768993963,1.2118874822887826
114.20933876773204,4.215765185055936
114.21720984552444,3.627144185065157
114.22508092331684,0.09594713364867005
114.23295200110924,2.5664787257080013
114.24082307890164,3.8252370438512235
114.24869415669404,0.017632397362470454
114.25656523448644,2.5663404760067388
114.26443631227885,1.2465005182809301
114.27230739007123,2.5181743204047162
114.28017846786364,0.5270845670916062
114.28804954565604,1.7324175942485722
114.29592062344844,2.9544052232229805
114.30379170124084,2.2292640553588976
114.31166277903324,1.0066759734744504
114.31953385682564,5.484129790906551
114.32740493461804,2.4850695752009706
114.33527601241045,0.8908177671328759
114.34314709020283,0.37347796079943313
114.35101816799524,0.22284464297623052
114.35888924578764,0.0837208713267138
114.36676032358004,0.48647757261537616
114.37463140137244,0.5872134312947987
114.38250247916484,0.4938422246986988
114.39037355695724,0.8967913831524009
114.39824463474964,0.4831477398674708
114.40611571254205,0.9829135579770983
114.41398679033443,2.3046729141286546
114.42185786812684,0.5276169010478456
114.42972894591924,1.559693552728466
114.43760002371164,2.144142986689946
114.44547110150404,0.5142564593174094
114.45334217929646,1.190103869116876
114.46121325708886,0.7025942198066736
114.46908433488126,1.046348043755255
114.47695541267366,0.6042749465226825
114.48482649046606,0.21265161303011149
114.49269756825844,0.16501657056980543
114.50056864605084,0.11538390733305466
114.50843972384324,0.26170274228681684
114.51631080163564,2.61545736259836
114.52418187942806,0.05308122480227058
114.53205295722046,0.4759978947234671
114.53992403501286,0.8377712075116479
114.54779511280526,0.4176495876671954
114.55566619059766,2.8491060825971637
114.56353726839006,1.240790880752981
114.57140834618248,0.34004908638168097
114.57927942397488,0.4409614289544367
114.58715050176728,0.24419677156014205
114.59502157955968,5.976710146083935
114.60289265735206,4.882498580460917
114.61076373514446,2.7242441943247075
114.61863481293686,0.03625351790333318
114.62650589072926,2.048344116286276
114.63437696852166,0.4707539106667365
114.64224804631408,2.562868940332847
114.65011912410648,0.1652682416062934
114.65799020189888,2.557904488629922
114.66586127969128,0.13219632643913654
114.67373235748369,0.8280765501176666
114.68160343527607,0.1683240979765518
114.68947451306848,2.1789850599666503
114.69734559086088,0.06762262497561163
114.70521666865326,3.0012190105732595
114.71308774644568,0.1259488042085669
114.72095882423808,0.5741807784643257
114.72882990203048,6.256792918547754
114.73670097982288,2.3576094493171804
114.74457205761529,7.121775417883839
114.75244313540767,2.6521439274459535
114.76031421320008,3.2379646643025715
114.76818529099248,3.8881151992610996
114.77605636878488,0.11828800561543623
114.78392744657728,2.5489871992839666
114.79179852436968,0.6274027315121266
114.79966960216208,0.5730250132722173
114.80754067995449,2.0544101133577497
114.81541175774689,1.636636014930365
114.82328283553927,0.24931413605364233
114.83115391333168,0.7443252629358941
114.83902499112408,0.9222794533263751
114.84689606891648,1.4976762970756892
114.85476714670888,1.1892767648008726
114.86263822450128,0.5095366830930125
114.87050930229368,3.3821749118116937
114.87838038008609,1.2635215526239043
114.88625145787849,1.384354926722422
114.89412253567087,1.087500189895887
114.90199361346328,0.166436045966747
114.90986469125568,0.8004631040640631
114.9177357690481,1.5041768417224606
114.92560684684048,0.9977230060544385
114.93347792463288,2.3715492270470784
114.94134900242528,0.6358942241246006
114.94922008021769,2.0961430983360003
114.95709115801009,1.988701966625007
114.96496223580247,0.1921506069083595
114.97283331359488,0.36766945815412017
114.98070439138728,0.26971145044789835
114.9885754691797,1.2176756065389227
114.9964465469721,1.2699577365798729
115.0043176247645,0.08586681236363632
115.0121887025569,0.936659874060422
115.0200597803493,0.00963662718299945
115.02793085814169,0.23189862088857427
115.03580193593407,0.20055282236839073
115.04367301372648,1.4320394635724
115.05154409151888,0.910520350781362
115.0594151693113,0.20535784038802293
115.0672862471037,0.14406834389814502
115.0751573248961,0.6168805190905852
115.0830284026885,0.9657334804320922
115.0908994804809,0.03415852814650165
115.0987705582733,0.6993138285677507
115.1066416360657,1.8328489431219765
115.1145127138581,0.5683523634066254
115.1223837916505,0.9094430884516274
115.13025486944292,0.47422913987354126
115.1381259472353,0.08792310755569854
115.1459970250277,0.27291732739991975
115.1538681028201,0.24428520008208118
115.1617391806125,0.1248344755812335
115.1696102584049,1.4705115186431421
115.1774813361973,0.21886396080740636
115.1853524139897,2.551151731933556
115.1932234917821,3.534608004110261
115.20109456957452,1.974583170297916
115.20896564736692,0.6401753271264133
115.21683672515933,0.16714148372377
115.22470780295173,0.4519504474971648
115.23257888074411,3.429073872414449
115.24044995853652,1.843678493738078
115.2483210363289,3.8902488284682017
115.2561921141213,0.9497731583497101
115.2640631919137,0.012241682905108039
115.27193426970612,0.1164916984244202
115.27980534749852,2.1445326635610567
115.28767642529093,0.06569196620680454
115.29554750308333,0.3152669786374362
115.30341858087571,0.4773801168079845
115.31128965866812,0.4924917438116625
115.31916073646052,2.2073657012703944
115.32703181425292,2.422296269750056
115.33490289204532,0.20705888664109043
115.34277396983772,0.7776554341541211
115.35064504763012,2.1699842276461276
115.35851612542253,0.9630286066040104
115.36638720321491,0.3647999368076128
115.37425828100731,1.4581809249481148
115.38212935879972,1.550285003994223
115.39000043659212,0.18836024003815066
115.39787151438452,0.2997649963773402
115.40574259217692,1.1583543094473214
115.41361366996932,0.6226072782855295
115.42148474776172,1.23394820688051
115.42935582555413,2.17591475767495
115.43722690334651,0.8643715352522383
115.44509798113891,3.0171220566639425
115.45296905893132,0.5115445216167284
115.46084013672372,3.116000510378224
115.46871121451612,0.164571242621566
115.47658229230852,3.108710869602016
115.48445337010092,4.02045608388131
115.49232444789332,3.3238924714469182
115.50019552568573,0.09609223799018515
115.50806660347811,0.3482303057422488
115.51593768127051,1.6943520560392207
115.52380875906292,0.04261314887096401
115.53167983685532,0.8062902231100215
115.53955091464772,0.4847932563746219
115.54742199244014,1.5380549278211744
115.55529307023254,3.187564381045866
115.56316414802494,0.4267666231104452
115.57103522581733,2.6036146366591018
115.57890630360971,0.5157199612357856
115.58677738140211,0.4323388317957356
115.59464845919452,6.126670583163808
115.60251953698692,1.8914911817880418
115.61039061477932,1.4827312661851604
115.61826169257174,3.0486894415384964
115.62613277036414,0.6078987809037208
115.63400384815654,0.35219958106933896
115.64187492594894,0.12715218184268337
115.64974600374134,1.345389224116431
115.65761708153374,2.006566996023157
115.66548815932616,0.19591862702751667
115.67335923711852,0.5681668225306902
115.68123031491092,2.347972970915313
115.68910139270334,1.0164493905706853
115.69697247049574,1.2308470444315869
115.70484354828814,0.8384490464293336
115.71271462608054,1.111380457714197
115.72058570387294,0.8189133453211239
115.72845678166534,0.5635748750447677
115.73632785945776,1.6405188668193817
115.74419893725016,0.3113538332851989
115.75207001504256,0.2274152597697929
115.75994109283496,0.5940161652430977
115.76781217062737,0.8944243894554212
115.77568324841975,0.9830228567326615
115.78355432621214,0.057393984687314825
115.79142540400454,2.5841467189597283
115.79929648179694,1.5672092928359114
115.80716755958936,1.280205969579045
115.81503863738176,0.5799701869791769
115.82290971517416,0.2738826882766462
115.83078079296656,2.073949791244804
115.83865187075897,0.06837074466916716
115.84652294855135,0.4499083334327042
115.85439402634375,0.4423561562936568
115.86226510413616,0.5703388883802507
115.87013618192856,2.031587053522025
115.87800725972096,0.6394906832247128
115.88587833751336,0.35865918394056046
115.89374941530576,0.2681261093952471
115.90162049309816,0.69743677686177
115.90949157089057,0.3570052869710317
115.91736264868295,0.8515571543375188
115.92523372647535,0.8091019349532134
115.93310480426776,0.07058203945466768
115.94097588206016,0.4239250543084572
115.94884695985256,1.7955694622452296
115.95671803764496,0.31747266145862946
115.96458911543736,0.3527779674218304
115.97246019322976,0.2128477942597248
115.98033127102217,1.8286489383460287
115.98820234881455,0.7407346657262897
115.99607342660696,0.7973958462119741
116.00394450439936,0.03999824261819248
116.01181558219176,0.2697112732599276
116.01968665998416,0.5663015636623039
116.02755773777656,1.315774128058984
116.03542881556896,2.412810725147318
116.04329989336136,0.05806830051710055
116.05117097115377,0.02313100101499156
116.05904204894615,0.12896197167336823
116.06691312673856,0.06900515246897716
116.07478420453096,0.32200930417118095
116.08265528232336,0.38933021602008766
116.09052636011576,0.22369563231533462
116.09839743790818,1.169810399886996
116.10626851570056,0.20287548288019452
116.11413959349296,1.388881879503137
116.12201067128537,0.42637345737682103
116.12988174907775,1.8317454326904052
116.13775282687016,1.2111060840161743
116.14562390466256,1.4923517409539735
116.15349498245496,0.9604404597964642
116.16136606024736,0.18788492430451137
116.16923713803978,1.1277413887288719
116.17710821583218,0.034442485827350655
116.18497929362458,3.5100923666799035
116.19285037141698,1.7329178286304157
116.20072144920938,2.3661729133327287
116.20859252700178,2.4104220097908398
116.21646360479416,0.522057260496656
116.22433468258656,0.7503725484988172
116.23220576037896,0.8428403028983111
116.24007683817138,6.256220770191461
116.24794791596378,4.146463667374947
116.25581899375618,0.3601960832708458
116.26369007154858,0.7999561050517098
116.27156114934098,0.07950479810018957
116.27943222713338,1.2870037884110914
116.2873033049258,0.9869970592083726
116.2951743827182,0.0970042187008696
116.3030454605106,1.4833437999042383
116.310916538303,0.42323656056493125
116.3187876160954,2.0588981672921265
116.32665869388778,0.9188406312495411
116.33452977168018,1.7298174622229392
116.34240084947258,0.026317004812592602
116.35027192726498,0.821440800324045
116.3581430050574,2.856028652387697
116.3660140828498,0.1556659906993764
116.3738851606422,1.5653577134483152
116.3817562384346,0.25870556501500547
116.389627316227,1.3371976196713657
116.3974983940194,0.2561551190432931
116.4053694718118,1.9761132824111327
116.4132405496042,1.3020945159868529
116.4211116273966,1.0195546395001462
116.428982705189,0.3916201433768681
116.4368537829814,0.032258718296900045
116.4447248607738,0.045954614788917915
116.4525959385662,0.9469636040693971
116.4604670163586,0.17378412627658804
116.468338094151,1.5845338492674157
116.4762091719434,0.4100730884506103
116.4840802497358,0.9939057883864951
116.4919513275282,2.476755656384862
116.4998224053206,3.7360675999672757
116.507693483113,0.9163201142868429
116.5155645609054,0.2973632938901634
116.5234356386978,0.7829954623124641
116.5313067164902,0.4498454433056134
116.5391777942826,0.04291161484474455
116.547048872075,0.47421795604978667
116.5549199498674,1.021533055373553
116.5627910276598,2.0799987369743835
116.5706621054522,0.24200656864517736
116.5785331832446,0.040872294164976064
116.586404261037,0.6404393825338248
116.5942753388294,1.855964679700823
116.6021464166218,0.5118090533573795
116.6100174944142,0.0167887588203494
116.6178885722066,1.933424318514405
116.625759649999,0.09567368184443635
116.6336307277914,0.24656946142021335
116.6415018055838,2.0199735001675463
116.6493728833762,0.35947474846938415
116.6572439611686,0.5727743339069039
116.665115038961,0.05640507159611016
116.6729861167534,2.294765690883215
116.6808571945458,0.5538508396222556
116.6887282723382,0.4434882027756723
116.6965993501306,2.722884865936406
116.704470427923,0.449934397481149
116.7123415057154,2.7921368251905143
116.72021258350782,0.839415802250934
116.72808366130022,0.7870524211188167
116.73595473909262,0.14328457849079168
116.74382581688502,0.3961171247700912
116.7516968946774,0.020887151068436118
116.7595679724698,0.18106573254973982
116.7674390502622,0.5984458055047617
116.7753101280546,0.5524354929543527
116.783181205847,0.47236573893019335
116.79105228363942,0.07137418554747242
116.79892336143182,1.5170365561839814
116.80679443922422,0.22295559653877317
116.81466551701662,0.4400187380577459
116.82253659480902,0.9276317512187948
116.83040767260142,0.7411242450935833
116.83827875039384,0.8290337687055624
116.84614982818624,0.7025988658920196
116.85402090597864,0.29953058917092573
116.86189198377102,0.1451616420485525
116.86976306156342,0.7804624868385197
116.87763413935582,1.6826370520455483
116.88550521714822,0.6007205250029263
116.89337629494062,1.2902446281913655
116.90124737273302,0.7125520612714231
116.90911845052544,3.4080220932480674
116.91698952831784,0.06709466049229634
116.92486060611024,2.2616177094043888
116.93273168390265,0.36544044854039937
116.94060276169505,0.9213505615210883
116.94847383948743,0.4406609513093318
116.95634491727984,0.5037594763024769
116.96421599507224,3.9188682698069313
116.97208707286462,2.5427109626247013
116.97995815065704,4.45356111801663
116.98782922844944,0.365168129085899
116.99570030624184,3.34247209121186
117.00357138403425,1.3711328866846542
117.01144246182665,1.7521313434105226
117.01931353961903,0.055656497555804284
117.02718461741144,0.20625701838995575
117.03505569520384,0.850550740048922
117.04292677299624,1.0300856770619706
117.05079785078864,0.01619949506736501
117.05866892858104,0.16241993594194082
117.06654000637344,2.115095460460721
117.07441108416585,0.9497385479999122
117.08228216195825,1.358027226231431
117.09015323975063,0.9683428685628647
117.09802431754304,1.4242043181204034
117.10589539533544,0.5194258676423412
117.11376647312784,0.104983673398152
117.12163755092024,1.3599800963859776
117.12950862871264,1.7933231889708574
117.13737970650504,2.652051695814401
117.14525078429745,1.9810902771844139
117.15312186208983,0.296271474650092
117.16099293988223,0.13974024332452423
117.16886401767464,2.6391450244373154
117.17673509546704,1.2006022414401007
117.18460617325944,0.34795143535932815
117.19247725105184,1.3547714288437294
117.20034832884424,0.7274909549279669
117.20821940663664,0.8046329114246469
117.21609048442905,1.8815376840121931
117.22396156222143,1.7919642714776973
117.23183264001383,0.6257251476499658
117.23970371780624,0.30668412960908165
117.24757479559864,0.5359965693549943
117.25544587339104,0.34836152366316425
117.26331695118346,3.8282557080117594
117.27118802897586,0.4530066132018365
117.27905910676826,0.3719421395131561
117.28693018456066,0.1467034340953821
117.29480126235303,0.19156797810091836
117.30267234014543,0.7075507615550833
117.31054341793784,0.15978075656693522
117.31841449573024,0.2572090386731066
117.32628557352264,0.638098486929268
117.33415665131506,5.547656044653589
117.34202772910746,0.24916522152298515
117.34989880689986,3.0659526865882047
117.35776988469226,0.4651315372559643
117.36564096248466,0.6070378199596924
117.37351204027706,2.066994685867281
117.38138311806946,1.2147827950664951
117.38925419586188,0.31818732048291826
117.39712527365424,1.9316177448735579
117.40499635144666,0.35750522618821995
117.41286742923906,1.2006396455368755
117.42073850703146,2.2526704673397546
117.42860958482386,1.3492298934387714
117.43648066261626,0.9638415085711894
117.44435174040866,0.14057109242989793
117.45222281820108,0.4847985710881553
117.46009389599348,0.7107935928875684
117.46796497378588,0.1578544354663824
117.47583605157828,0.5762495953374555
117.48370712937069,0.04874636452643422
117.49157820716307,0.051263359589834676
117.49944928495547,0.0842481953199636
117.50732036274786,0.02350008666857271
117.51519144054026,0.7375860741165706
117.52306251833268,0.1450370044205664
117.53093359612508,1.06107900525091
117.53880467391748,1.5890166760554116
117.54667575170988,0.2938054291722538
117.55454682950229,0.6571520378667384
117.56241790729467,0.3054720780340768
117.57028898508707,0.21763564182898104
117.57816006287948,0.07448588645673988
117.58603114067188,1.0696425871600845
117.59390221846428,0.5204149098144384
117.60177329625668,0.5939281213410766
117.60964437404908,1.1004999431642513
117.61751545184148,1.6063472896317363
117.62538652963389,1.2518479971370544
117.63325760742627,0.09906233803472472
117.64112868521867,1.8717024290555118
117.64899976301108,0.5216649835679743
117.65687084080348,3.06762641397454
117.66474191859588,1.9570783432388519
117.67261299638828,0.5118212028218582
117.68048407418068,0.375547467699261
117.68835515197308,0.039090269886486624
117.69622622976549,0.05967717187598438
117.70409730755787,0.021037249049236432
117.71196838535027,0.003637133956221394
117.71983946314268,0.45901569678905196
117.72771054093508,0.05162839358694625
117.73558161872748,0.24816689930743518
117.74345269651988,0.935417098325141
117.75132377431228,0.8717290078743537
117.75919485210468,0.4928358708212702
117.76706592989709,0.5023507870566777
117.77493700768947,0.9076527048482658
117.78280808548188,0.32297710197713303
117.79067916327428,0.6359032002915437
117.79855024106668,0.37698041980126845
117.8064213188591,0.6587829787317936
117.8142923966515,0.4394483557224444
117.8221634744439,1.0767447192333488
117.83003455223628,1.8927774120993783
117.83790563002869,0.3048187977877285
117.84577670782107,0.1473745344933121
117.85364778561348,3.1988903428256954
117.86151886340588,0.019846646791949127
117.86938994119828,0.6580551258883727
117.8772610189907,0.5404561353326722
117.8851320967831,1.225428605792135
117.8930031745755,0.019754847962598934
117.9008742523679,1.3870448372247957
117.9087453301603,0.11044953721175067
117.9166164079527,1.5249761821346421
117.9244874857451,2.9947028064523775
117.9323585635375,2.5949166652551585
117.94022964132988,2.3568973466714715
117.9481007191223,0.15659627912709603
117.9559717969147,1.9903827028128542
117.9638428747071,1.290309169695025
117.9717139524995,0.11743398432723441
117.9795850302919,4.0117820035282845
117.9874561080843,0.17967206879149866
117.9953271858767,2.1770468554384212
118.0031982636691,1.5305910017400917
118.0110693414615,0.2227635483906001
118.01894041925392,0.8587943436208336
118.02681149704632,0.4323372264567124
118.03468257483873,0.15919716882751628
118.0425536526311,0.2417535557066597
118.0504247304235,0.457694103084005
118.0582958082159,0.4257350823504607
118.0661668860083,0.1320070974291629
118.0740379638007,0.5682518246069362
118.08190904159312,0.8466688198154255
118.08978011938552,0.10966068088530376
118.09765119717792,5.132760220539982
118.10552227497033,2.5765614167405664
118.11339335276271,5.647791851701206
118.12126443055512,1.4707417309522226
118.12913550834752,0.9540881192744327
118.13700658613992,0.4587030904665205
118.14487766393232,0.09545353640347093
118.15274874172472,0.8227888353985661
118.16061981951712,1.5705660351696804
118.16849089730952,1.73416519008851
118.17636197510193,1.4605227524437177
118.18423305289431,7.486268293602773
118.19210413068672,0.037781165774123125
118.19997520847912,6.132223879519291
118.20784628627152,1.2719788022412635
118.21571736406392,2.9333206728370573
118.22358844185632,2.9257714009105014
118.23145951964872,0.6789365864811701
118.23933059744112,0.4687430702033889
118.24720167523353,1.2003699069462335
118.25507275302591,4.745282194771773
118.26294383081832,0.15295196213396886
118.27081490861072,0.6313415297075199
118.27868598640312,1.1752524436791314
118.28655706419552,0.13052686800198415
118.29442814198792,1.32016172200087
118.30229921978032,4.283189771988595
118.31017029757272,0.08164936900846775
118.31804137536513,3.00674176041335
118.32591245315751,2.2686876999099654
118.33378353094992,3.214271803245511
118.34165460874232,3.005433667521727
118.34952568653472,2.924617422619631
118.35739676432712,1.5375115293526267
118.36526784211952,1.3744881695070537
118.37313891991192,2.5006568099468476
118.38100999770433,6.238599244789464
118.38888107549673,3.4022819444170187
118.39675215328911,1.2894644149388892
118.40462323108152,2.809059135655678
118.41249430887392,3.139964927989235
118.42036538666632,3.8139227366348325
118.42823646445872,3.984414746874072
118.43610754225114,3.4726946570542094
118.44397862004354,0.3993261864022805
118.45184969783594,4.065399693915515
118.45972077562834,1.7226446091243222
118.46759185342074,2.509406243700006
118.47546293121312,0.07405893211653503
118.48333400900552,0.1758813573701273
118.49120508679792,2.5273616426466883
118.49907616459032,0.29712508872381
118.50694724238274,0.0947081320278943
118.51481832017514,2.6110267600655144
118.52268939796754,1.7409682022060766
118.53056047575994,0.03249520393906096
118.53843155355234,0.23495378934716046
118.54630263134474,0.5366929893629662
118.55417370913716,0.09804162266223695
118.56204478692956,0.6160895378254025
118.56991586472196,1.1971365016146667
118.57778694251436,2.0937365209488488
118.58565802030674,1.266886916451088
118.59352909809914,0.7311181611290292
118.60140017589154,0.16516415935717846
118.60927125368394,0.4604389836558941
118.61714233147634,2.4933910119240332
118.62501340926876,1.1322369179014837
118.63288448706116,0.1049334861564993
118.64075556485356,1.4326653306024515
118.64862664264597,0.3725830017001598
118.65649772043837,5.968412970596524
118.66436879823075,0.29298625554332014
118.67223987602316,0.11719653577496743
118.68011095381556,0.26760470335871156
118.68798203160794,0.3609155431240518
118.69585310940036,0.9348741409843133
118.70372418719276,0.5100580274390735
118.71159526498516,0.05801506398206558
118.71946634277757,0.5652709590042143
118.72733742056997,0.042889473863552866
118.73520849836235,0.6653436503342167
118.74307957615476,0.021809677540470803
118.75095065394716,0.10389156793367908
118.75882173173956,0.31509153882078444
118.76669280953196,0.41192670428094075
118.77456388732436,0.4854890369541583
118.78243496511676,0.04766746150948339
118.79030604290917,1.5829308337141845
118.79817712070157,2.6400623867686592
118.80604819849395,2.5156709672584476
118.81391927628636,0.06151170183291026
118.82179035407876,3.208884494400596
118.82966143187116,1.9196596327564457
118.83753250966356,0.17241496798041106
118.84540358745596,5.433884038946427
118.85327466524836,3.76361524025181
118.86114574304077,3.551416756509853
118.86901682083317,0.31451012338366635
118.87688789862555,1.456868115080955
118.88475897641796,0.5368502960398781
118.89263005421036,0.7075104017264526
118.90050113200276,0.624384904860659
118.90837220979516,0.007530786332646396
118.91624328758756,0.3583657758333767
118.92411436537996,0.07422844409676652
118.93198544317237,0.3818356848416634
118.93985652096475,0.3419811965022542
118.94772759875715,1.283020435917545
118.95559867654956,0.4896884101098669
118.96346975434196,0.1084633725723314
118.97134083213436,0.09840338975155856
118.97921190992678,0.5873640237760875
118.98708298771918,0.12831474916033694
118.99495406551158,0.21156209056114542
119.00282514330398,0.49203038174172986
119.01069622109635,1.4754147242394027
119.01856729888875,0.13025735529981683
119.02643837668116,0.7446806226065182
119.03430945447356,0.9224425615460189
119.04218053226596,0.10759457955825985
119.05005161005838,0.7218566523361418
119.05792268785078,0.31139907504514763
119.06579376564318,0.4484786855610693
119.07366484343558,0.44615837757252413
119.08153592122798,2.7891469527004493
119.08940699902038,2.6322417334155053
119.09727807681278,0.31172801354980484
119.1051491546052,0.5885146251543955
119.1130202323976,1.0297567606665825
119.12089131018998,2.0740493766618213
119.12876238798238,0.4659227048879459
119.13663346577478,1.5426213643933422
119.14450454356718,1.470119125810548
119.15237562135958,0.15226362082383982
119.16024669915198,1.6769908078934506
119.16811777694438,1.924262870591238
119.1759888547368,0.47274213491766587
119.1838599325292,1.796475477346869
119.1917310103216,1.7753118635020255
119.199602088114,5.153538007634398
119.2074731659064,0.28130112209433156
119.2153442436988,0.6994166792422348
119.2232153214912,0.07340367342192754
119.23108639928358,0.5504918989408395
119.238957477076,0.3046488733573764
119.2468285548684,0.20466057709350027
119.2546996326608,0.6350659402522091
119.2625707104532,0.270022157093027
119.2704417882456,0.1939322944250041
119.278312866038,0.33443874448545063
119.2861839438304,0.5453697802604377
119.2940550216228,1.1076230470915032
119.3019260994152,1.6122486497932702
119.3097971772076,0.6305528630231921
119.317668255,1.2666264946996892
119.3255393327924,0.10974082702488946
119.3334104105848,1.4319207601824067
119.3412814883772,1.8403306180124905
119.3491525661696,0.8546523076468397
119.357023643962,1.4447825202307398
119.3648947217544,0.5344294119282059
119.3727657995468,3.160173205005032
119.3806368773392,0.001354882548166923
119.3885079551316,0.6389355947450389
119.396379032924,0.08462431390381005
119.4042501107164,2.2786177670277703
119.4121211885088,1.0055927151681354
119.4199922663012,0.714708595148562
119.4278633440936,0.34168488232989663
119.435734421886,0.11686347364710871
119.4436054996784,0.2358613078054056
119.4514765774708,0.6652872218209067
119.4593476552632,0.2969491118890235
119.4672187330556,0.08286291657738762
119.475089810848,0.8164068328207916
119.4829608886404,0.20378405045506334
119.4908319664328,0.015221558992466291
119.4987030442252,0.9678637421697235
119.5065741220176,0.2961233472027121
119.51444519981,0.8319943435336554
119.5223162776024,0.6403563378538641
119.53018735539482,0.9588210022294134
119.53805843318722,1.4969825126038803
119.54592951097962,0.1404866997855699
119.553800588772,0.057824337561058696
119.5616716665644,0.6571444477621554
119.5695427443568,0.7344720200245412
119.5774138221492,0.43430518158093606
119.5852848999416,0.219362453704825
119.593155977734,1.400764171523935
119.60102705552642,0.05175872667267746
119.60889813331882,0.41934967686193986
119.61676921111122,1.342529095302891
119.62464028890362,0.26592535060580463
119.63251136669602,1.607845934751535
119.64038244448842,0.10956826842815262
119.64825352228084,1.3575347791331647
119.65612460007324,1.1417600605863394
119.6639956778656,1.478288888782064
119.67186675565802,0.4058031160086756
119.67973783345042,2.893323317416938
119.68760891124282,0.26575362280469694
119.69547998903522,2.1987478141103867
119.70335106682762,1.7174443112037925
119.71122214462002,1.2742287441081201
119.71909322241244,3.3096850326464042
119.72696430020484,0.6661916801759485
119.73483537799724,0.4890675401264021
119.74270645578964,0.004118765795060638
119.75057753358205,1.0551932661338035
119.75844861137443,0.1546398365252114
119.76631968916682,0.09327611844706472
119.77419076695922,0.033593585474793665
119.78206184475162,0.7406442767103661
119.78993292254404,1.453367658306964
119.79780400033644,3.811017812423347
119.80567507812884,1.1900451267938192
119.81354615592124,3.1532221704136756
119.82141723371365,1.9421471775833397
119.82928831150603,10.477219175551967
119.83715938929844,3.0387668092772566
119.84503046709084,0.5410287883763255
119.85290154488324,1.539125155111041
119.86077262267564,2.4248847246266716
119.86864370046804,9.553951461978038
119.87651477826044,3.5310546470355817
119.88438585605284,7.619798254330026
119.89225693384525,5.507372508283059
119.90012801163763,3.5663900866991862
119.90799908943004,2.4962906635363624
119.91587016722244,0.4546442070269809
119.92374124501484,6.124522803647001
119.93161232280724,5.947842028879122
119.93948340059964,4.024225132282401
119.94735447839204,1.1635797453474301
119.95522555618444,5.716651902583571
119.96309663397685,3.3206461697148932
119.97096771176923,0.6801430659433131
119.97883878956164,5.026441389435458
119.98670986735404,0.7472651544511296
119.99458094514644,9.340595682996206
120.00245202293884,0.7187929397677418
120.01032310073124,0.23025283973250052
120.01819417852364,0.9794018754722751
120.02606525631604,3.7044199910136038
120.03393633410845,4.574795185661094
120.04180741190083,3.1747685969224033
120.04967848969324,3.4124316638788184
120.05754956748564,0.6251373345932607
120.06542064527804,0.07872956095253397
120.07329172307044,1.123957177135271
120.08116280086286,3.3215819973704
120.08903387865524,1.6055244185848454
120.09690495644764,0.5785816655554711
120.10477603424005,0.11507183880314484
120.11264711203243,0.2598039456746236
120.12051818982484,2.027487650814991
120.12838926761724,0.6308126005363023
120.13626034540964,3.9966351962599935
120.14413142320204,0.37555761873630944
120.15200250099446,4.227232854440465
120.15987357878686,0.9753860805069889
120.16774465657926,0.17150978941805795
120.17561573437166,6.679576671054531
120.18348681216406,0.18947447529265296
120.19135788995646,0.6790040493039169
120.19922896774884,8.027371939420053
120.20710004554124,0.36550982635623774
120.21497112333364,5.163785767415557
120.22284220112606,0.22660269540515976
120.23071327891846,6.106603000653194
120.23858435671086,3.84922817636475
120.24645543450326,1.4637857464111683
120.25432651229566,1.9714030569558165
120.26219759008806,0.6086553223634951
120.27006866788048,0.4908556535104964
120.27793974567288,2.464089614302974
120.28581082346528,0.6213840070854
120.29368190125768,0.6582366189328273
120.30155297905009,0.5523381456531943
120.30942405684246,0.3508617702116506
120.31729513463486,0.2840350810017017
120.32516621242726,0.1294589183350786
120.33303729021966,0.983412408747115
120.34090836801208,2.2121225688534754
120.34877944580448,2.714845446717642
120.35665052359688,0.6379419336774224
120.36452160138928,0.24816825540812018
120.37239267918169,1.4744813293972159
120.38026375697407,0.03139516838070326
120.38813483476648,0.42417816063575253
120.39600591255888,1.0926603881441843
120.40387699035128,1.5323242132308037
120.41174806814368,0.5557918404207177
120.41961914593608,0.18779067714234943
120.42749022372848,1.2309163178009794
120.43536130152089,0.7887175886867689
120.44323237931329,2.3869186810750365
120.45110345710567,0.7876804024962368
120.45897453489808,0.9429214287783951
120.46684561269048,0.4614794361616391
120.47471669048288,1.6912412857543937
120.48258776827528,1.676472235132849
120.49045884606768,0.9504518370260804
120.49832992386008,0.9000060134074709
120.50620100165249,0.07759531856688583
120.51407207944489,0.9393630207829401
120.52194315723727,2.516423172126897
120.52981423502968,0.050896722454144755
120.53768531282208,2.3525820892014946
120.54555639061448,0.30964255891780423
120.55342746840688,0.07393337988035852
120.56129854619928,0.9088545113663575
120.56916962399168,1.0292882573628435
120.57704070178409,1.4462253150907907
120.58491177957649,0.3175337022827178
120.59278285736887,0.44320357182568054
120.60065393516128,0.699560372118315
120.60852501295368,1.3132904913706573
120.6163960907461,0.8111433249780904
120.6242671685385,0.1663066413407866
120.63213824633088,0.10969026921650542
120.64000932412328,0.38003891994620126
120.64788040191569,1.6992485148047265
120.65575147970809,1.5407386739118842
120.66362255750047,0.44232484955042256
120.67149363529288,0.20269745487144433
120.67936471308528,0.5726790050756847
120.6872357908777,0.7027964075896804
120.6951068686701,0.25041669397393823
120.7029779464625,1.5840992877989786
120.7108490242549,2.1636992468110408
120.7187201020473,0.6622491237880272
120.7265911798397,0.8314191133989688
120.73446225763207,0.3414235965843902
120.74233333542448,1.4388303125404325
120.75020441321688,1.1693279832054249
120.7580754910093,0.1561891228901927
120.7659465688017,0.9554946131815248
120.7738176465941,0.011598245672539226
120.7816887243865,0.019324992087587145
120.7895598021789,0.8277234870667092
120.7974308799713,0.6749683625577668
120.8053019577637,0.437912493151958
120.8131730355561,1.6220570195950392
120.8210441133485,0.33362704422246753
120.82891519114092,0.5570255323198035
120.83678626893332,0.7039855898153242
120.8446573467257,0.9125395393946726
120.8525284245181,0.4200993541147374
120.8603995023105,0.44645537141887587
120.8682705801029,0.3807036547069899
120.8761416578953,0.9493185782409909
120.8840127356877,0.22006974487014003
120.8918838134801,0.2954190424034367
120.89975489127252,1.306768811216836
120.90762596906492,0.17903773152878438
120.91549704685733,1.291993129466994
120.92336812464973,0.6613509277058643
120.93123920244211,0.8692595732666472
120.93911028023452,3.732095100504911
120.94698135802692,1.8727272127721917
120.9548524358193,0.1600265587646085
120.9627235136117,0.36237823140025627
120.97059459140412,1.198640197920922
120.97846566919652,0.3497670014209573
120.98633674698893,2.2868976556137532
120.99420782478133,1.5611114496121248
121.00207890257371,0.15810674776028086
121.00994998036612,0.04274200276354314
121.01782105815852,0.03377779808213274
121.02569213595092,1.0467159235442849
121.03356321374332,0.25775331530737544
121.04143429153572,1.7545318653379232
121.04930536932812,0.33679345439487124
121.05717644712053,0.3972512807135624
121.06504752491291,0.15179220361171142
121.07291860270531,3.3569648580034883
121.08078968049772,5.165406183796273
121.08866075829012,2.438227918985571
121.09653183608252,1.66307143958297
121.10440291387492,0.07484097936432435
121.11227399166732,0.20051668165473105
121.12014506945972,2.694025253757817
121.12801614725213,1.8814732006015984
121.13588722504451,0.9923419895576479
121.14375830283691,0.05780026211881454
121.15162938062932,0.13425280590857602
121.15950045842172,1.4425806971230621
121.16737153621412,0.9982194762653568
121.17524261400652,0.8980470348383613
121.18311369179892,2.3140430455131473
121.19098476959132,0.6559205052966413
121.19885584738373,0.7103023817376816
121.20672692517611,0.42828926517792565
121.21459800296851,2.3100459835539793
121.22246908076092,0.07550937672127643
121.23034015855332,1.1741475395682202
121.23821123634572,0.02404949562525008
121.24608231413814,0.8828201751405854
121.25395339193054,0.04660180757994255
121.26182446972294,0.9169290670545899
121.26969554751534,3.4187077738969345
121.27756662530771,1.2668685715280228
121.28543770310011,1.144745823184704
121.29330878089252,1.9110658283889044
121.30117985868492,0.4798790864986868
121.30905093647732,0.2025150047298944
121.31692201426974,0.4201088349762325
121.32479309206214,0.13345331774983865
121.33266416985454,0.5368441964553049
121.34053524764694,0.37845300464653747
121.34840632543934,1.4222445324110093
121.35627740323174,0.2838096796215785
121.36414848102416,1.7022369995055966
121.37201955881656,0.18081098439959448
121.37989063660892,1.5894731468111045
121.38776171440134,0.5708927949962677
121.39563279219374,1.2959337370221085
121.40350386998614,0.14374912392633427
121.41137494777854,0.16391748221404187
121.41924602557094,0.45846540783638273
121.42711710336334,0.004301631530480269
121.43498818115576,0.44397993950082004
121.44285925894816,0.7931615174049573
121.45073033674056,1.587713807625214
121.45860141453296,1.0139778143417215
121.46647249232537,1.0014992670467269
121.47434357011775,0.25866994058547516
121.48221464791015,1.367655307888997
121.49008572570254,0.5360631689381316
121.49795680349494,1.8455741727810822
121.50582788128736,2.0011442682007874
121.51369895907976,1.5488443953298379
121.52157003687216,0.30870332365064557
121.52944111466456,2.7200844833758766
121.53731219245697,0.8134910965213472
121.54518327024935,1.4354809651036498
121.55305434804175,0.1317779609303442
121.56092542583416,0.05419265500139096
121.56879650362656,0.8257936363224049
121.57666758141896,1.1730386760663738
121.58453865921136,0.18206623067341718
121.59240973700376,0.7065572956623486
121.60028081479616,0.8340979184436269
121.60815189258857,2.645425059065691
121.61602297038095,0.9025451689848845
121.62389404817336,1.4086246184945903
121.63176512596576,0.013030815895722771
121.63963620375816,1.1503047987939063
121.64750728155056,1.595041787619853
121.65537835934296,2.488435762025656
121.66324943713536,0.16303501078379523
121.67112051492776,0.8827082500194552
121.67899159272017,1.0822413405958324
121.68686267051255,1.6625090573659433
121.69473374830496,2.2096215931172156
121.70260482609736,0.6814217614189061
121.71047590388976,0.19001198993433563
121.71834698168216,0.4658935677082676
121.72621805947456,0.632835176653114
121.73408913726696,0.4989191829263298
121.74196021505936,0.9438789477902407
121.74983129285177,1.4804227771146021
121.75770237064415,0.10399521585900826
121.76557344843656,0.00840482620746082
121.77344452622896,0.5576595561865312
121.78131560402136,0.6101362875637316
121.78918668181376,1.1989521372063996
121.79705775960618,0.41886800071943037
121.80492883739858,0.3621806182287272
121.81279991519096,0.16382499729497382
121.82067099298337,1.8769029979988572
121.82854207077575,0.5787156944550795
121.83641314856816,0.19891941091304954
121.84428422636056,0.7884787549897694
121.85215530415296,4.209145913368607
121.86002638194536,0.1734538404126473
121.86789745973778,0.6524401898391192
121.87576853753018,0.007853426407581765
121.88363961532258,1.468151529448555
121.89151069311498,0.08776467374192724
121.89938177090738,0.1350242130607174
121.90725284869978,0.15865535803483147
121.9151239264922,0.8211547183150723
121.92299500428456,1.4497304446855415
121.93086608207696,1.7926506210218618
121.93873715986938,0.2656132083759403
121.94660823766178,1.2295720145146718
121.95447931545418,0.485614062981566
121.96235039324658,0.8499631794380001
121.97022147103898,0.8656110264076143
121.97809254883138,0.9142927958845304
121.9859636266238,2.3335897722621697
121.9938347044162,0.4378211732192172
122.0017057822086,0.33032989458390366
122.009576860001,4.26066272824529
122.0174479377934,2.848476850288284
122.02531901558578,0.5177928389215986
122.03319009337818,2.305048010193072
122.04106117117058,3.4512204238012236
122.04893224896298,2.3748289494092423
122.0568033267554,2.3812872309067097
122.0646744045478,1.094069428146833
122.0725454823402,0.9919677131304364
122.0804165601326,4.731837718238186
122.088287637925,2.761978932051156
122.0961587157174,2.4833890969517807
122.1040297935098,1.2256723838970953
122.1119008713022,0.5572516173659884
122.1197719490946,1.4852130141875828
122.127643026887,0.21656458359508218
122.1355141046794,0.24702378438981068
122.1433851824718,0.0013015138681680626
122.1512562602642,0.5935958664184037
122.1591273380566,1.404724451257354
122.166998415849,0.7459914612739728
122.1748694936414,0.7233670679936017
122.1827405714338,0.6959734883454027
122.1906116492262,1.8006761570256535
122.1984827270186,0.47616710145321445
122.206353804811,0.013509381742863253
122.2142248826034,1.1144661630550483
122.2220959603958,0.6835071353445606
122.2299670381882,0.042803700150623424
122.2378381159806,0.2547303687739241
122.245709193773,0.5652883925971556
122.2535802715654,0.015448957190359018
122.2614513493578,0.04388061998536649
122.2693224271502,0.5164048901282963
122.2771935049426,0.28690243762345724
122.285064582735,2.6303812159548743
122.2929356605274,0.37222946038021987
122.3008067383198,1.076382468604234
122.3086778161122,1.469099380758837
122.3165488939046,0.5257110230601468
122.324419971697,1.2372750812878701
122.3322910494894,3.836970264968348
122.3401621272818,0.4059200508427688
122.3480332050742,0.07017841061774889
122.3559042828666,0.03467620306653808
122.363775360659,2.1157362600530045
122.3716464384514,0.7242150197969669
122.3795175162438,0.7528412813816154
122.3873885940362,1.1021765159267247
122.3952596718286,0.27697310475573184
122.403130749621,0.026902625589364473
122.4110018274134,1.0877581853925797
122.41887290520582,2.096952482418646
122.42674398299822,0.3046405412824385
122.43461506079062,0.2257237324615541
122.44248613858302,1.8585425358549452
122.45035721637542,2.0592231605994535
122.4582282941678,1.5132720857011817
122.4660993719602,0.08359877641509857
122.4739704497526,0.2762676617086306
122.481841527545,0.8049019429189173
122.48971260533742,1.7186581842747062
122.49758368312982,0.9140995437080268
122.50545476092222,0.1806042946640078
122.51332583871462,0.6934206981759877
122.52119691650702,0.30050116647187836
122.52906799429942,0.47093701987281206
122.53693907209184,0.24559370813477369
122.54481014988424,2.9686910684958203
122.55268122767664,0.008302683855196655
122.56055230546905,0.3442558580242228
122.56842338326142,1.7416254090175016
122.57629446105382,0.8535223059712491
122.58416553884622,0.8677809766986081
122.59203661663862,0.11646002874307146
122.59990769443102,0.3255090960316746
122.60777877222344,0.8320080341491327
122.61564985001584,1.1647532387614827
122.62352092780824,0.727342374234232
122.63139200560065,0.210511997820721
122.63926308339305,0.2519702200153825
122.64713416118543,0.12153761505440108
122.65500523897784,0.5576313454295269
122.66287631677024,0.42557711795391867
122.67074739456262,0.6541067745332949
122.67861847235504,0.13435887076171096
122.68648955014744,0.44005306853802917
122.69436062793984,0.7117061372455076
122.70223170573225,0.09711748043096327
122.71010278352465,1.0725779362580512
122.71797386131703,0.45033847699150176
122.72584493910944,0.16239673883922096
122.73371601690184,0.4772805123141214
122.74158709469424,0.8123946998534008
122.74945817248664,1.1557734854254615
122.75732925027904,1.2635104335307297
122.76520032807144,0.8211120087215865
122.77307140586385,0.2297687993459089
122.78094248365625,0.6723155777399065
122.78881356144863,0.9066256052861554
122.79668463924104,2.468579955569125
122.80455571703344,0.6285207184708553
122.81242679482584,0.15098227369563055
122.82029787261824,0.33077534631952626
122.82816895041064,2.08881408494624
122.83604002820304,0.7928787413787591
122.84391110599545,1.2574764282842013
122.85178218378783,0.17008261756119314
122.85965326158023,0.014365790499333243
122.86752433937264,0.5634269070014106
122.87539541716504,0.21760698678041274
122.88326649495744,0.6892956812418702
122.89113757274984,1.5533193465318882
122.89900865054224,0.21248283808424523
122.90687972833464,0.5648895532199613
122.91475080612705,1.2717553477127865
122.92262188391943,3.2458338592782474
122.93049296171183,0.07430832157527145
122.93836403950424,0.1509038931495106
122.94623511729664,1.0679504023778597
122.95410619508904,1.2057663883731469
122.96197727288146,1.0279508417708334
122.96984835067386,1.965338457057546
122.97771942846626,0.7569667085161316
122.98559050625866,0.15711655967199012
122.99346158405103,1.4437596490540356
123.00133266184343,0.5695550252952565
123.00920373963584,1.1203591949565694
123.01707481742824,1.5754787766770617
123.02494589522064,2.614256536631839
123.03281697301306,0.5260476211517442
123.04068805080546,0.20137324144657368
123.04855912859786,1.9141853678460399
123.05643020639026,2.0704532795644517
123.06430128418266,0.631014424938715
123.07217236197506,2.0200027960415667
123.08004343976746,2.8727300029256257
123.08791451755988,0.5440381145099141
123.09578559535228,0.13072345071666103
123.10365667314466,1.0952510981966033
123.11152775093706,0.567989641438507
123.11939882872946,0.093756524724957
123.12726990652186,1.2383880483428065
123.13514098431426,1.4151878835875409
123.14301206210666,0.49245286966962537
123.15088313989908,0.9003091504305711
123.15875421769148,0.9202096296605919
123.16662529548388,0.08404286509828568
123.17449637327628,0.3493024757220499
123.18236745106869,0.13890794739769893
123.19023852886107,0.7800012657029657
123.19810960665347,1.3743930154590838
123.20598068444588,0.7550807368009109
123.21385176223826,0.2502227103494628
123.22172284003068,0.05897612395601451
123.22959391782308,0.17089851336740663
123.23746499561548,0.136538967532129
123.24533607340788,0.6032990434382364
123.25320715120029,0.3517080457618551
123.26107822899267,0.2509004477331652
123.26894930678507,2.4432486810395497
123.27682038457748,0.5629737254400161
123.28469146236988,0.35613627539149206
123.29256254016228,0.11104552074754948
123.30043361795468,0.5494280661480477
123.30830469574708,3.732401419309695
123.31617577353948,0.3191348114710229
123.32404685133189,1.9284777400888886
123.33191792912427,2.295955510727661
123.33978900691667,0.4248740190580497
123.34766008470908,1.5906811239389271
123.35553116250148,1.063812915562834
123.36340224029388,0.48828892624567516
123.37127331808628,2.124537402433547
123.37914439587868,0.5970922450584842
123.38701547367108,0.8975979061020408
123.39488655146349,1.4489851921474939
123.40275762925587,0.770233309620717
123.41062870704828,0.2797263390748924
123.41849978484068,2.7760889040245953
123.42637086263308,0.7919638105118936
123.43424194042548,1.6060940609386265
123.44211301821788,1.4698080365419273
123.44998409601028,0.3791798704027312
123.45785517380268,0.3232169872878168
123.46572625159509,0.4042393377157695
123.47359732938747,0.016200202662040374
123.48146840717988,0.3435542725442688
123.48933948497228,0.2142159683447438
123.49721056276468,0.5604410666812475
123.5050816405571,0.35275302491786426
123.5129527183495,0.006444040969502158
123.5208237961419,0.6932057265512074
123.5286948739343,0.5330189391853982
123.53656595172669,0.2725014086261373
123.54443702951907,0.8995287934375099
123.55230810731148,1.0251379350114096
123.56017918510388,0.5125352318606603
123.56805026289628,0.1509878180202078
123.5759213406887,0.2465747388344413
123.5837924184811,0.953415267349818
123.5916634962735,1.6664094968864798
123.5995345740659,1.060002936093022
123.6074056518583,1.3135372332223583
123.6152767296507,1.6300596893511736
123.6231478074431,0.33021477881954764
123.6310188852355,0.11387571387155966
123.6388899630279,1.5191399369025884
123.6467610408203,0.1028635415525034
123.6546321186127,0.12509656167194222
123.6625031964051,2.0047515384985597
123.6703742741975,2.254239182349049
123.6782453519899,0.2147671425286833
123.6861164297823,0.46216956111896523
123.6939875075747,0.07099782879003148
123.7018585853671,2.1148610518057445
123.70972966315952,3.312630564039529
123.71760074095192,0.2712221440928996
123.72547181874432,0.3199129742500923
123.73334289653673,0.17191221011837368
123.74121397432911,0.8878825801263523
123.7490850521215,0.7869015871942965
123.7569561299139,0.5806482874212056
123.7648272077063,1.6165815544815623
123.7726982854987,2.4823256183902704
123.78056936329112,0.7208561291149133
123.78844044108352,0.8872127992398058
123.79631151887592,0.046743608575470816
123.80418259666833,1.2923184587276548
123.81205367446071,2.50484699684163
123.81992475225312,0.04675412699835744
123.82779583004552,1.1238572272838194
123.83566690783792,0.840718946851759
123.84353798563032,0.050853963541113295
123.85140906342272,0.29218153529393676
123.85928014121512,0.005947593985467109
123.86715121900752,0.08934515380787776
123.87502229679993,0.9603374282642124
123.88289337459231,0.15228409526290101
123.89076445238472,1.3293070778160672
123.89863553017712,0.928767415870136
123.90650660796952,0.013164611610431759
123.91437768576192,0.7670993718804422
123.92224876355432,0.592906888064469
123.93011984134672,0.3702394140964448
123.93799091913912,0.47184599517419545
123.94586199693153,0.45871696222411296
123.95373307472391,0.96124967474074
123.96160415251632,1.347511903963503
123.96947523030872,0.17591491228619588
123.97734630810112,2.6031130623461993
123.98521738589352,0.25004753827145243
123.99308846368592,1.1569350921696813
124.00095954147832,0.3771331457582634
124.00883061927073,0.10583932955473975
124.01670169706313,0.030785332948260045
124.02457277485551,0.2509354579211992
124.03244385264792,0.7493373381915578
124.04031493044032,0.2201860660174942
124.04818600823272,0.12005224583906854
124.05605708602512,0.08618092172307183
124.06392816381754,0.666586671702253
124.07179924160992,0.9365688124986458
124.07967031940233,0.13197938237715212
124.08754139719473,0.43290434669232775
124.09541247498711,0.4435976261910689
124.10328355277952,0.3377061384201122
124.11115463057192,0.8828188580151446
124.11902570836432,0.0421633644173949
124.12689678615672,0.9775901561797873
124.13476786394914,0.5583514813109488
124.14263894174154,0.024200491491082346
124.15051001953394,0.9075181916368014
124.15838109732634,1.1474380188123645
124.16625217511874,0.5896829245001554
124.17412325291114,0.02542596442404788
124.18199433070352,3.2845646304226137
124.18986540849592,2.0876197229997366
124.19773648628832,0.017959417699791116
124.20560756408074,0.08093392608243301
124.21347864187314,1.4179780760579546
124.22134971966554,1.3934136110913233
124.22922079745794,1.0409497325004344
124.23709187525034,0.2148447762872625
124.24496295304274,0.6912398765178095
124.25283403083516,0.9877033575031343
124.26070510862756,0.8557423108862431
124.26857618641996,2.5475341083498266
124.27644726421236,1.185955332538763
124.28431834200477,0.30449355233632014
124.29218941979714,0.807060520001871
124.30006049758954,0.6951282929110674
124.30793157538194,0.38848653270447303
124.31580265317434,1.2801704278625323
124.32367373096676,1.1671242013302148
124.33154480875916,0.3924676414831954
124.33941588655156,0.2976201728380912
124.34728696434397,1.3048812438420727
124.35515804213637,0.9841203313764635
124.36302911992875,1.2526738243828621
124.37090019772116,6.354950265167037
124.37877127551356,0.5133060163390388
124.38664235330596,1.9728561065596868
124.39451343109836,1.1649705099620957
124.40238450889076,0.6550058965136608
124.41025558668316,0.9669997021620226
124.41812666447557,1.8434355308558419
124.42599774226797,0.7309760504983136
124.43386882006035,0.9445413872773495
124.44173989785276,1.6472293189580514
124.44961097564516,0.639722953818505
124.45748205343756,0.15290211528667474
124.46535313122996,0.19114544624464863
124.47322420902236,0.1259929796373626
124.48109528681476,0.8938359673852164
124.48896636460717,0.7983155222943946
124.49683744239957,0.8558532260071887
124.50470852019195,0.0011884494721585022
124.51257959798436,1.8461402312125004
124.52045067577676,0.8473879435402835
124.52832175356916,1.3153979892313716
124.53619283136156,0.9467824640869127
124.54406390915396,0.5748852690272708
124.55193498694636,1.0141884138121626
124.55980606473877,2.6377272566661367
124.56767714253117,2.855695000592668
124.57554822032355,5.02931755059941
124.58341929811596,2.8485290016647924
124.59129037590836,3.146649792046133
124.59916145370076,0.9360705073087867
124.60703253149318,1.6889257550932526
124.61490360928556,2.046454162267778
124.62277468707796,0.37969076813628744
124.63064576487037,1.3782836963807377
124.63851684266275,1.0400352139961346
124.64638792045515,0.044352766332172014
124.65425899824756,1.0029596087014505
124.66213007603996,1.0472179953417888
124.67000115383236,0.229443688133477
124.67787223162478,1.1450509218130245
124.68574330941718,0.7553797582731505
124.69361438720958,0.2158130889492243
124.70148546500198,0.7635218177504278
124.70935654279438,1.9457889456621504
124.71722762058675,0.3445999973883661
124.72509869837916,0.09402368974345453
124.73296977617156,0.15007003522177537
124.74084085396396,0.5506812486373951
124.74871193175638,0.6670012721940554
124.75658300954878,0.06774272699359021
124.76445408734118,0.11647070591453822
124.77232516513358,0.38941019667656507
124.78019624292598,0.7833386961502522
124.78806732071838,1.5013235465887274
124.79593839851078,0.6762658670905964
124.8038094763032,0.7779604537972198
124.8116805540956,1.0328211305644743
124.819551631888,1.3387637012822486
124.82742270968038,1.5930525247663185
124.83529378747278,0.4561472698621421
124.84316486526518,0.5695148869076775
124.85103594305758,0.37673363345268646
124.85890702084998,1.098696785683817
124.86677809864238,1.0012105630868464
124.8746491764348,1.2551144635147966
124.8825202542272,0.2526719550933571
124.8903913320196,0.21417928786887336
124.898262409812,0.2883751271094164
124.9061334876044,0.3604735835287798
124.9140045653968,3.2116638758390343
124.9218756431892,0.5017878596336913
124.9297467209816,0.05616395488300913
124.937617798774,0.9323397878458217
124.9454888765664,0.07529406797636139
124.9533599543588,2.662283448845303
124.9612310321512,2.0118825976494605
124.9691021099436,0.08742335358322487
124.976973187736,1.7031986000824908
124.9848442655284,1.5778114199952231
124.9927153433208,0.5629288319560979
125.0005864211132,10.69515133563207
125.0084574989056,0.5552510787094559
125.016328576698,1.7159954551681837
125.0241996544904,0.7595004437169237
125.0320707322828,0.6016419074384199
125.0399418100752,0.4886847080040295
125.0478128878676,0.6374821377608254
125.05568396566,2.107782271088725
125.0635550434524,0.8286455813641019
125.0714261212448,0.18383309866959016
125.0792971990372,1.0590610620545766
125.0871682768296,1.3482361587207823
125.095039354622,0.0859452523506896
125.1029104324144,0.8029871527004336
125.1107815102068,0.5332297133940017
125.1186525879992,1.2571143783876078
125.1265236657916,0.06278836172637964
125.134394743584,0.06897398376362412
125.1422658213764,0.9039678149747812
125.1501368991688,0.43657874668573504
125.1580079769612,0.986390022475153
125.1658790547536,0.24066790904302718
125.173750132546,0.9948521527818839
125.1816212103384,1.7676903560424682
125.1894922881308,2.318937043412793
125.1973633659232,9.25739881766566
125.2052344437156,0.6825680739104043
125.213105521508,2.3192291209156473
125.2209765993004,1.9142253103586901
125.22884767709282,0.6233525413120854
125.23671875488522,0.7811819094561814
125.24458983267762,2.2623149616206506
125.25246091047002,0.0841657075950909
125.2603319882624,0.5655946302518164
125.2682030660548,0.549562783994054
125.2760741438472,0.03974345987275036
125.2839452216396,1.3714745946795184
125.291816299432,0.06630006656493671
125.29968737722442,1.2022494209731132
125.30755845501682,2.1477524625822024
125.31542953280922,0.08860540044891736
125.32330061060162,0.7108883859897371
125.33117168839402,0.8406857043176839
125.33904276618642,0.44823096215073877
125.34691384397884,0.9558139177608511
125.35478492177124,3.0405626150893474
125.3626559995636,2.0437244971288338
125.37052707735602,5.360389546808434
125.37839815514842,0.4473182685049444
125.38626923294082,0.28762617750192154
125.39414031073322,2.2650458385816115
125.40201138852562,0.3894992560903544
125.40988246631802,0.43970586628195363
125.41775354411044,0.2269362907900799
125.42562462190284,3.184241795441201
125.43349569969524,0.8981035121207771
125.44136677748764,2.6252144511619515
125.44923785528005,3.619879198622622
125.45710893307243,1.142944100344199
125.46498001086483,0.7542209761681627
125.47285108865722,2.0128439674737835
125.48072216644962,0.536291774781866
125.48859324424204,0.03407966470746068
125.49646432203444,0.050234533844614515
125.50433539982684,0.030420694334638693
125.51220647761924,0.23370829802285795
125.52007755541165,0.019497145748677246
125.52794863320403,0.2611365487731369
125.53581971099644,0.7299604717491082
125.54369078878884,0.4666618961055491
125.55156186658124,0.1812576275358481
125.55943294437364,0.5079284037293541
125.56730402216604,0.1627399992108928
125.57517509995844,1.4422212228601947
125.58304617775084,0.37651574582077096
125.59091725554325,0.6919824371005463
125.59878833333563,1.2239282816644208
125.60665941112804,1.8089642757811506
125.61453048892044,1.1025460582194382
125.62240156671284,0.12198063820746369
125.63027264450524,0.414992621326978
125.63814372229764,2.5841013625110247
125.64601480009004,0.2832145252996403
125.65388587788244,0.9980063230585698
125.66175695567485,1.6792083404538378
125.66962803346723,1.5622197150743091
125.67749911125964,0.5231978902177484
125.68537018905204,0.48526293103279505
125.69324126684444,1.8087048100120806
125.70111234463684,2.3432997810787293
125.70898342242924,0.1460887557070689
125.71685450022164,0.22063818532013893
125.72472557801404,0.023792761855960323
125.73259665580645,1.2385660968254624
125.74046773359883,0.2186358115958809
125.74833881139124,0.6699734091526777
125.75620988918364,0.4195010246225264
125.76408096697604,1.510610548900388
125.77195204476844,0.24689117297514626
125.77982312256086,4.213229532709322
125.78769420035326,0.3554443054564011
125.79556527814565,2.27485618717668
125.80343635593805,0.7039561020898474
125.81130743373043,0.43398656221217063
125.81917851152284,0.4953189659270293
125.82704958931524,0.07024242137246929
125.83492066710764,0.5687629417867962
125.84279174490004,0.04264779151087882
125.85066282269246,0.8125282625951663
125.85853390048486,0.6160787661640128
125.86640497827726,0.28777596691460133
125.87427605606966,0.0572609129108848
125.88214713386206,0.06672198784266199
125.89001821165446,1.0512940846241319
125.89788928944688,1.886848096413892
125.90576036723924,0.20166014206863017
125.91363144503164,6.043797898657524
125.92150252282406,0.092197031150444
125.92937360061646,4.383035329647951
125.93724467840886,2.3314657983206564
125.94511575620126,0.015061755365633665
125.95298683399366,4.73399242588693
125.96085791178606,1.1110711881091786
125.96872898957848,3.5455405204281893
125.97660006737088,2.3973926113096735
125.98447114516328,2.1142896238845994
125.99234222295568,2.3165900642798793
126.00021330074809,1.806280370686903
126.00808437854046,8.807322333825399
126.01595545633286,0.6743897050000641
126.02382653412526,5.6980983677894645
126.03169761191766,10.00520338990351
126.03956868971008,4.2746791086370735
126.04743976750248,8.660001727489481
126.05531084529488,10.549153845795109
126.06318192308728,3.2683401759933997
126.07105300087969,13.137596226858541
126.07892407867207,2.5129768659517837
126.08679515646448,7.400923547394933
126.09466623425688,1.5332181277870494
126.10253731204928,2.637372904425603
126.11040838984168,1.3136117952207373
126.11827946763408,2.3314303866912685
126.12615054542648,0.5503383079203304
126.13402162321889,1.3384102493784396
126.14189270101129,0.22733092007050054
126.14976377880367,0.38859600799406857
126.15763485659608,4.246813388541944
126.16550593438848,0.7478075985709307
126.17337701218088,0.6229355942735225
126.18124808997328,0.3076807679129184
126.18911916776568,2.1599218966501073
126.19699024555808,2.1514862553236083
126.20486132335049,0.7412935598994281
126.21273240114289,1.3628155741832002
126.22060347893527,0.8825417929170721
126.22847455672768,0.23533782547573753
126.23634563452008,0.12123538365974232
126.24421671231248,2.896508990332422
126.25208779010488,5.115591005044713
126.25995886789728,4.8783235646579906
126.26782994568968,1.4697059529761896
126.27570102348209,1.116430547893982
126.28357210127449,0.505796028822811
126.29144317906687,2.6416934357920625
126.29931425685928,1.378963049651252
126.30718533465168,0.044817245130362664
126.3150564124441,0.8011367643310094
126.3229274902365,0.6155035552434229
126.33079856802888,1.0620155885382885
126.33866964582128,0.49282408355389207
126.34654072361369,9.093116906120324
126.35441180140609,1.1400600658131106
126.36228287919847,4.173806681535384
126.37015395699088,3.523583470966637
126.37802503478328,5.40232319221438
126.3858961125757,1.1328262390215273
126.3937671903681,0.96616353213451
126.4016382681605,5.387679478805599
126.4095093459529,1.4554637486477073
126.4173804237453,2.1530196888381288
126.4252515015377,3.5118091928678736
126.4331225793301,1.6457675735606458
126.44099365712248,2.6484270389624904
126.44886473491488,0.5274627296219627
126.4567358127073,5.668136619373363
126.4646068904997,2.0847363065179776
126.4724779682921,2.853711304724992
126.4803490460845,1.9719679227736109
126.4882201238769,4.310882915104306
126.4960912016693,1.0453299386127548
126.5039622794617,3.175948090377821
126.5118333572541,3.7100940991919855
126.5197044350465,18.18490365139425
126.52757551283892,5.796028682589329
126.53544659063132,5.14660791927887
126.54331766842373,1.2928549871285302
126.5511887462161,3.1771676466311924
126.5590598240085,0.06953650295617014
126.5669309018009,2.6248025620710727
126.5748019795933,4.368703479081611
126.5826730573857,0.42380666441521025
126.5905441351781,0.32408555969301206
126.59841521297052,0.21851397161022462
126.60628629076292,0.8080211805718119
126.61415736855533,2.587011877952631
126.62202844634773,0.8013608232092427
126.62989952414011,1.8361354731207609
126.63777060193252,1.4700933113002317
126.64564167972492,0.68239463584777
126.6535127575173,0.3796083078174244
126.6613838353097,3.483778568492338
126.66925491310212,1.6863052094347395
126.67712599089452,3.223615407802695
126.68499706868693,0.811121708081757
126.69286814647931,1.9400892215792087
126.70073922427171,1.9550592205080937
126.70861030206412,0.5312599268629957
126.71648137985652,0.2918322224039657
126.72435245764892,0.1122655700460994
126.73222353544132,1.3450380208044082
126.74009461323372,0.4269444769630158
126.74796569102612,2.8316205622410706
126.75583676881853,2.395701482297944
126.76370784661091,0.6105187675893861
126.77157892440331,0.09322803338519753
126.77945000219572,0.03445607229630106
126.78732107998812,0.6641494701374439
126.79519215778052,2.1938577619830166
126.80306323557292,1.722857942630218
126.81093431336532,0.09729160752724128
126.81880539115772,1.2023094644812846
126.82667646895013,0.30650042841328234
126.83454754674251,43.08576878997109
126.84241862453491,8.635152549817493
126.85028970232732,5.8086443706731625
126.85816078011972,11.697622414392288
126.86603185791212,9.714958147084563
126.87390293570452,0.11953693967034437
126.88177401349692,16.219934351188712
126.88964509128932,14.152533207435823
126.89751616908173,1.5345171725443034
126.90538724687411,1.927894034797158
126.91325832466651,1.9150991682439533
126.92112940245892,0.7879678958256311
126.92900048025132,0.3766499647959283
126.93687155804372,1.4249272345315867
126.94474263583614,0.8164391046118898
126.95261371362854,0.5225280565521969
126.96048479142094,0.21500670428695548
126.96835586921334,0.7046789159989023
126.97622694700571,2.8526622798054073
126.98409802479812,0.4454415188723194
126.99196910259052,1.401339870018594
126.99984018038292,3.731601743781716
127.00771125817532,2.4510532761109514
127.01558233596774,1.592664057809047
127.02345341376014,0.48274023217718726
127.03132449155254,0.9492496996563561
127.03919556934494,0.5295624474004657
127.04706664713734,0.6295759200373942
127.05493772492974,0.3243038889631172
127.06280880272216,0.8772673253421753
127.07067988051456,1.8465012561723557
127.07855095830696,3.4429355920446025
127.08642203609934,0.40586201094458524
127.09429311389174,0.4638241098761199
127.10216419168414,1.0312350946114344
127.11003526947654,0.8612143831673531
127.11790634726894,0.5934078643483298
127.12577742506134,0.20673740885670544
127.13364850285376,2.581369936169669
127.14151958064616,0.04543574116819006
127.14939065843856,1.7158495018697029
127.15726173623096,1.5810429408776112
127.16513281402337,1.439391857573953
127.17300389181575,2.4350951162975014
127.18087496960815,0.12883843637395884
127.18874604740056,2.3858151334960613
127.19661712519294,0.7070611987699423
127.20448820298536,0.009560115581278988
127.21235928077776,2.837808789793987
127.22023035857016,4.033372520859922
127.22810143636256,5.573962645249393
127.23597251415497,0.023644016558851108
127.24384359194735,1.3690003504297017
127.25171466973975,2.4675863587097524
127.25958574753216,3.1490447959959478
127.26745682532456,3.137578584275933
127.27532790311696,2.213748725382521
127.28319898090936,2.561248290597128
127.29107005870176,2.0151744359712436
127.29894113649416,1.400342992671411
127.30681221428657,1.788985491872133
127.31468329207895,9.512054289040423
127.32255436987136,0.13578295195375095
127.33042544766376,1.2990175591956408
127.33829652545616,3.2689734737636957
127.34616760324856,0.11447450677741056
127.35403868104096,0.5860615115068132
127.36190975883336,1.4327615633719806
127.36978083662576,1.7375568839122801
127.37765191441817,0.6950432692598781
127.38552299221055,0.37861833540997936
127.39339407000296,2.109701975363033
127.40126514779536,1.034921457703729
127.40913622558776,0.4751276569853466
127.41700730338016,1.4249493462402416
127.42487838117256,4.5655781077680615
127.43274945896496,0.05520000812162342
127.44062053675736,2.740759209876222
127.44849161454977,2.2635179210961414
127.45636269234215,0.3996848642006972
127.46423377013456,0.9720936916999262
127.47210484792696,1.5585843406580562
127.47997592571936,3.6510608969799327
127.48784700351176,0.38967922801827914
127.49571808130418,3.815656662234955
127.50358915909658,0.11372783075444229
127.51146023688898,0.207430625501737
127.51933131468137,2.674791581134011
127.52720239247375,1.0831786043678837
127.53507347026616,0.39101446597497125
127.54294454805856,0.06041651951343162
127.55081562585096,2.175666916821131
127.55868670364336,1.0838556453786172
127.56655778143578,1.2467282342365102
127.57442885922818,1.598916204375255
127.58229993702058,0.9555392857161324
127.59017101481298,0.17747606594784926
127.59804209260538,0.5164534398824021
127.60591317039778,0.4703021085721223
127.6137842481902,1.338117129701935
127.6216553259826,0.09870104535371582
127.62952640377496,1.290650642869497
127.63739748156738,0.03660434124575604
127.64526855935978,0.695218825156428
127.65313963715218,0.7970493572007493
127.66101071494458,0.5149033281088947
127.66888179273698,0.015125104126269112
127.67675287052938,0.02613011607992277
127.6846239483218,0.28606534519117466
127.6924950261142,0.4339639413000284
127.7003661039066,1.121768763581596
127.708237181699,1.2782537124833406
127.7161082594914,0.7575269745125248
127.7239793372838,0.06445642224895912
127.73185041507618,2.2939523838763423
127.73972149286858,1.2586565365817084
127.74759257066098,1.567007349908903
127.7554636484534,1.146733730052383
127.7633347262458,0.2564090425825425
127.7712058040382,0.11139161384781371
127.7790768818306,0.8205922713664038
127.786947959623,0.26553739553725675
127.7948190374154,0.06593531247376909
127.8026901152078,0.367466328629835
127.8105611930002,0.00494550908079445
127.8184322707926,0.4465699537036071
127.826303348585,0.1402531861049725
127.8341744263774,0.7718786628339399
127.8420455041698,0.01724420855190652
127.8499165819622,1.0768556036348214
127.8577876597546,0.0064421517174090386
127.865658737547,0.09720794425409825
127.8735298153394,0.27122691887727257
127.8814008931318,0.9075113558734802
127.8892719709242,0.2919569523583283
127.8971430487166,0.04564888965852651
127.905014126509,0.17390064490960064
127.9128852043014,0.19805451955675163
127.9207562820938,0.7582171393542079
127.9286273598862,0.36929942859425186
127.9364984376786,2.527734964372341
127.944369515471,3.8292032441055976
127.9522405932634,2.6226778636542565
127.9601116710558,1.708916794107248
127.9679827488482,1.4195335105348372
127.9758538266406,2.525525631902608
127.983724904433,1.8814586376550617
127.9915959822254,0.16949649416733112
127.9994670600178,0.5300269754492113
128.0073381378102,0.15882684443677703
128.0152092156026,0.025778583822405998
128.023080293395,0.6373852623206154
128.0309513711874,0.5070518248363056
128.0388224489798,0.31148780163043754
128.0466935267722,0.5574643377433112
128.0545646045646,0.05686561395836485
128.062435682357,0.013449279661200944
128.0703067601494,0.5521092354610633
128.0781778379418,0.19347979943492383
128.0860489157342,0.03749424882780512
128.0939199935266,0.8694251413207381
128.101791071319,0.6013948724868802
128.1096621491114,1.1718134632246977
128.11753322690382,0.6946292839165163
128.12540430469622,1.3038089455615292
128.13327538248862,0.6954326416186984
128.14114646028102,0.14855468294951435
128.14901753807342,2.5065011203776595
128.15688861586582,0.4726302100938128
128.16475969365823,0.45429653602184755
128.17263077145063,1.8739199158083866
128.18050184924303,1.4931891904065617
128.18837292703543,2.372801087353426
128.19624400482783,0.5261631651867775
128.20411508262023,0.8433372378670859
128.21198616041264,3.2549952139759264
128.219857238205,0.27494842157029276
128.2277283159974,1.6129891568327988
128.2355993937898,0.19663946787681003
128.2434704715822,1.3292346877153276
128.25134154937462,0.20603084265943972
128.25921262716702,0.12212787963438682
128.26708370495942,2.623024464695127
128.27495478275182,4.221024468111505
128.28282586054422,2.53199853905338
128.29069693833662,0.6399273614179108
128.29856801612902,0.9360817234083593
128.30643909392143,0.19506132159803485
128.31431017171383,0.769362378680496
128.32218124950623,1.6657396759592338
128.33005232729863,0.23938786762496375
128.33792340509103,1.251316207117764
128.34579448288343,1.1511868451957623
128.35366556067584,1.8963009642749669
128.36153663846824,1.7680004378674046
128.36940771626064,1.3310756611995107
128.37727879405304,0.0022852736011231
128.38514987184544,3.3152403437683438
128.39302094963784,0.10879297003417582
128.40089202743025,0.6848950786478215
128.40876310522265,0.8534511236095348
128.41663418301505,0.7890001575922574
128.42450526080745,1.3214795910213155
128.43237633859982,0.11259202496026022
128.44024741639222,1.6664867445369453
128.44811849418463,3.280599562172362
128.45598957197703,0.05258267768652383
128.46386064976943,1.3399471245436374
128.47173172756183,0.33910248107649593
128.47960280535423,1.6313692068016856
128.48747388314663,1.7074691468017356
128.49534496093904,0.8901616955711984
128.50321603873144,1.6329814375009144
128.51108711652384,0.17117290625426695
128.51895819431624,0.045388409364625217
128.52682927210864,1.0275232590417123
128.53470034990104,0.3261623496599214
128.54257142769345,1.1279465438497311
128.55044250548585,1.5149033390164899
128.55831358327825,0.5047983521760453
128.56618466107065,0.5822230280658054
128.57405573886305,0.9352926255320811
128.58192681665545,0.1650776809818523
128.58979789444786,2.3051158869938027
128.59766897224026,1.6441194354958233
128.60554005003266,0.026543157169074603
128.61341112782506,0.6652360216638782
128.62128220561746,2.1416468832388817
128.62915328340986,1.401369731583476
128.63702436120226,0.4357601920839475
128.64489543899464,0.9659040644637712
128.65276651678704,2.4118926349190044
128.66063759457944,0.6159966751445326
128.66850867237184,0.5779628241386079
128.67637975016424,0.07311363639528204
128.68425082795665,0.762296372900789
128.69212190574905,0.0836626479157783
128.69999298354145,0.5670476116766321
128.70786406133385,0.897691428331101
128.71573513912625,0.19488581963444784
128.72360621691865,0.13719129223939278
128.73147729471106,0.12000740534541306
128.73934837250346,0.8175077407511665
128.74721945029586,0.48400622454410297
128.75509052808826,0.16815747620507598
128.76296160588066,0.12801650385911859
128.77083268367306,1.1279461743928536
128.7787037614655,0.11713983133814988
128.78657483925787,0.3752222848567799
128.79444591705027,0.7684056565711285
128.80231699484267,0.21274396558632735
128.81018807263507,0.6633856669229351
128.81805915042747,1.0997697323210553
128.82593022821987,0.8310112678816097
128.83380130601228,0.7022324440694784
128.84167238380468,5.21494128792546
128.84954346159708,2.8145955588913614
128.85741453938948,1.2170319074224256
128.86528561718185,1.0501970987913847
128.87315669497426,0.31455339618670813
128.88102777276666,0.784510205957802
128.88889885055906,1.11924013437081
128.89676992835146,2.2553356696483915
128.90464100614386,0.41611620975169566
128.91251208393626,0.8052353682195404
128.9203831617287,0.12785371617243088
128.92825423952107,0.08941505259268816
128.93612531731347,0.17992753117725613
128.94399639510587,0.5592360209935835
128.95186747289827,0.14048933181868659
128.95973855069067,0.32383315222398484
128.96760962848307,0.6748571779253643
128.97548070627548,1.547755096270009
128.98335178406788,0.774696651694562
128.99122286186028,1.780295876987138
128.99909393965268,0.5280427289457378
129.00696501744508,0.48064803480944285
129.01483609523748,0.05333610131951249
129.0227071730299,0.03052473026289517
129.0305782508223,0.034688035225156
129.0384493286147,0.30208733705009055
129.0463204064071,0.10997030199972754
129.0541914841995,0.6155546872085862
129.0620625619919,0.393496830839507
129.0699336397843,0.6308670461502683
129.07780471757667,0.31560994741638426
129.08567579536907,1.4941725188104928
129.09354687316147,0.672393790686889
129.10141795095387,0.43865703311331194
129.10928902874628,0.30803347280902715
129.11716010653868,0.1747089229084217
129.12503118433108,0.28944538971335465
129.13290226212348,0.7978186810598621
129.14077333991588,0.4036791044253814
129.14864441770828,0.36870974493275416
129.15651549550068,1.194148463056483
129.1643865732931,2.878204134648314
129.1722576510855,0.4362221640318506
129.1801287288779,0.4052553321029549
129.1879998066703,0.600336376535848
129.1958708844627,2.1566736328019696
129.2037419622551,2.050738666720782
129.2116130400475,0.7056837182430906
129.2194841178399,0.7814268915505129
129.2273551956323,0.7390135567834253
129.2352262734247,1.2457702819325243
129.2430973512171,0.20173058703958158
129.2509684290095,0.012148841226736401
129.2588395068019,2.632043443191967
129.2667105845943,3.124321378064804
129.2745816623867,1.8397154306842776
129.2824527401791,0.06582006244222433
129.2903238179715,0.803850016115635
129.29819489576388,2.7930198694717383
129.3060659735563,0.9541810390825054
129.3139370513487,0.6290569606469688
129.3218081291411,2.769643328233656
129.3296792069335,0.2978594430381262
129.3375502847259,2.4459544733914065
129.3454213625183,1.0392699321604744
129.3532924403107,0.13456010698084067
129.3611635181031,0.3369072463409981
129.3690345958955,0.39931316662355887
129.3769056736879,3.222278636738886
129.3847767514803,1.5746279524176428
129.3926478292727,0.4698731850260563
129.4005189070651,0.7530540739354903
129.4083899848575,2.4758192737635256
129.4162610626499,1.148460727359032
129.4241321404423,0.2733169682841794
129.4320032182347,1.0299600016557588
129.4398742960271,0.7466707004654966
129.44774537381952,1.3379266097237281
129.45561645161192,5.759781346951468
129.46348752940432,0.27747605330397934
129.47135860719672,0.40912155534853284
129.47922968498912,0.7261753268098713
129.48710076278152,0.39536708081427496
129.49497184057392,0.07532846737646134
129.50284291836633,0.1311563846670009
129.5107139961587,0.003585076031240101
129.5185850739511,0.24163913783862165
129.5264561517435,0.08501917598143365
129.5343272295359,0.17300683354068203
129.5421983073283,0.5730027540895336
129.5500693851207,0.11967569916724725
129.5579404629131,0.3437955813777406
129.5658115407055,0.2037941092125239
129.5736826184979,0.04686812711483881
129.5815536962903,0.09213127186323539
129.58942477408272,0.28595465868364034
129.59729585187512,0.1656364389769936
129.60516692966752,0.47000559725562224
129.61303800745992,0.8720075255803595
129.62090908525232,0.39359251499874615
129.62878016304472,0.6291845600387083
129.63665124083712,0.8304053689703201
129.64452231862953,0.2092754979340953
129.65239339642193,0.28713403542564253
129.66026447421433,0.05167304687947031
129.66813555200673,3.303656043760416
129.67600662979913,0.9426913782661308
129.6838777075915,0.3128069241060524
129.69174878538394,1.183180591294403
129.69961986317634,0.05718845377708096
129.70749094096874,0.47722973573800204
129.71536201876114,3.4406348954369284
129.7232330965535,0.7928582268110177
129.73110417434592,0.3161542345617441
129.73897525213832,2.5808058692949283
129.74684632993072,1.147098973654587
129.75471740772312,0.8669157570556272
129.76258848551552,2.5039349375540683
129.77045956330792,2.0838441333909246
129.77833064110033,1.6730450144664826
129.78620171889273,0.5142267497409551
129.79407279668513,0.2409215179289984
129.80194387447753,1.8659490974032915
129.80981495226993,1.554773254610204
129.81768603006233,0.670522842900068
129.8255571078547,0.7910084634140736
129.83342818564714,0.2929563072795743
129.84129926343954,0.869622995786385
129.84917034123194,0.8865615963563488
129.85704141902434,0.07525603827601267
129.86491249681674,1.148191885573575
129.87278357460914,1.004873274190264
129.88065465240155,0.1241979582761887
129.88852573019395,3.302538735729329
129.89639680798635,1.8267303013251444
129.90426788577875,0.6245347789150566
129.91213896357115,0.21858325856177346
129.92001004136355,0.4156962858562291
129.92788111915596,0.5046371512436184
129.93575219694836,0.5280676631065003
129.94362327474073,0.22714802703609444
129.95149435253313,2.419829383582555
129.95936543032553,0.5748711380027555
129.96723650811794,1.3532511485266856
129.97510758591034,0.6164497726864365
129.98297866370274,2.1700472003069686
129.99084974149514,0.33797585536507635
129.99872081928754,1.0950164976602572
130.00659189707994,0.7148825749484781
130.01446297487234,0.26064589403064675
130.02233405266475,1.4407642616347847
130.03020513045715,0.9496541045509322
130.03807620824955,0.3002144769491291
130.04594728604195,1.4511049045561768
130.05381836383435,2.180846221678827
130.06168944162675,0.9044391087464141
130.06956051941916,1.856923924640027
130.07743159721156,2.1822682057387204
130.08530267500396,0.1637394448831991
130.09317375279636,0.25109925698749863
130.10104483058876,1.640051413925711
130.10891590838116,0.21862747482883962
130.11678698617357,0.9720947957686606
130.12465806396597,2.747917507433528
130.13252914175837,1.4247397124807992
130.14040021955077,0.5117368580214647
130.14827129734317,0.9879738236804213
130.15614237513554,0.5570090777992893
130.16401345292795,0.3925995166673211
130.17188453072035,0.6636700645396274
130.17975560851275,0.4948537168493241
130.18762668630515,0.9964611918585191
130.19549776409755,0.1247847345283413
130.20336884188995,1.2317851789377463
130.21123991968236,0.5311139606638395
130.21911099747476,2.4664374085626495
130.22698207526716,0.8986274916893722
130.23485315305956,1.0313216138381864
130.24272423085196,0.7390031377926003
130.25059530864436,3.4964251115638656
130.25846638643677,0.00623207752057245
130.26633746422917,0.22301908273973395
130.27420854202157,0.28101735478474915
130.28207961981397,0.5407413770169048
130.28995069760637,0.28213063920323417
130.29782177539877,1.9961175999990048
130.30569285319118,0.3958878408527994
130.31356393098358,0.4183237604748372
130.32143500877598,1.9802902214422757
130.32930608656838,1.8743851456548037
130.33717716436078,0.31410337253583576
130.34504824215318,0.2523552040771528
130.35291931994558,0.39031252978970543
130.360790397738,0.24109173503043133
130.36866147553036,0.29526024127838063
130.37653255332276,0.029632752690874096
130.38440363111516,1.5688383814339202
130.39227470890756,1.6042172441999372
130.40014578669997,1.027995569540158
130.40801686449237,0.7427536878734748
130.41588794228477,0.6239792736625759
130.42375902007717,1.3185437276884373
130.43163009786957,0.22366752345728444
130.43950117566197,0.1327132624602937
130.44737225345438,0.9564449583387549
130.45524333124678,1.3645911684085086
130.46311440903918,0.6646076091924544
130.47098548683158,0.8101351682278357
130.47885656462398,0.8657569799868157
130.48672764241638,0.9968934956108543
130.49459872020878,4.719927100013557
130.5024697980012,4.032056419586493
130.5103408757936,0.698336106943493
130.518211953586,0.7996550586329214
130.5260830313784,0.7804863513086934
130.5339541091708,1.204727294915745
130.5418251869632,8.68007353639297
130.5496962647556,6.397915239392498
130.557567342548,0.22246261771430095
130.5654384203404,2.5886838882113716
130.5733094981328,1.72330379813434
130.5811805759252,9.753956675832713
130.58905165371758,4.391947474209321
130.59692273150998,3.781474244735957
130.60479380930238,0.5620293047430757
130.61266488709478,3.2087174933383955
130.62053596488718,7.6428604081597795
130.62840704267958,4.7195236183808555
130.636278120472,6.002831523285792
130.6441491982644,1.9491403552295303
130.6520202760568,0.07784469498143273
130.6598913538492,4.465222645876326
130.6677624316416,0.6830831883162969
130.675633509434,0.284640624176953
130.6835045872264,3.153282200349982
130.6913756650188,4.8069444004564055
130.6992467428112,1.5375496145284995
130.7071178206036,9.524375318600521
130.714988898396,0.43994388588039773
130.7228599761884,3.3440374779070954
130.7307310539808,2.0494655231787586
130.7386021317732,1.1176527955274818
130.7464732095656,2.431405024126724
130.754344287358,0.1397753898695615
130.7622153651504,5.730812897799974
130.7700864429428,2.539192976758817
130.7779575207352,1.5496482669716674
130.78582859852762,3.6412280942616695
130.79369967632002,1.0197341542866931
130.8015707541124,1.0270764331078848
130.8094418319048,5.72889872920384
130.8173129096972,6.0811225004410305
130.8251839874896,13.874533130137495
130.833055065282,3.1333895184692504
130.8409261430744,2.1849109238807523
130.8487972208668,6.188816766563721
130.8566682986592,0.20086152387653988
130.8645393764516,3.174828505761719
130.872410454244,4.961026228841835
130.8802815320364,2.068243159064775
130.8881526098288,12.257604742714403
130.8960236876212,1.8618656093220978
130.9038947654136,10.909180838992224
130.911765843206,0.24910431511459286
130.9196369209984,1.2095566676127645
130.92750799879082,1.8073480446936665
130.93537907658322,8.97378714049043
130.94325015437562,3.590804169090676
130.95112123216802,1.7801050784916623
130.95899230996042,4.8723887494974285
130.96686338775282,2.413317501258608
130.97473446554525,0.8390590134738987
130.98260554333763,1.901973951141785
130.99047662113003,0.10981411834659195
130.99834769892243,1.1476173343379157
131.00621877671483,3.2572439642543403
131.0140898545072,2.979682892946741
131.0219609322996,2.4787152606481206
131.029832010092,0.5010612846205165
131.0377030878844,0.3772425522825789
131.0455741656768,0.7219485580387384
131.0534452434692,2.053607989846275
131.0613163212616,0.7737000602331701
131.06918739905402,1.2839098402402276
131.07705847684642,0.5011116207759412
131.08492955463882,1.6097198979746616
131.09280063243122,0.7909062951620186
131.10067171022362,1.8142986324311863
131.10854278801602,0.5585220446054221
131.11641386580845,0.9389739410257117
131.12428494360083,0.9033102602775936
131.13215602139323,1.975955736539433
131.14002709918563,4.0483005646350385
131.14789817697803,2.8976503955912762
131.15576925477043,0.030256366819568156
131.16364033256284,1.3147174513423852
131.17151141035524,4.495317370318464
131.17938248814764,2.8504780714921574
131.18725356594004,0.554468602454695
131.19512464373244,6.198707348101701
131.20299572152484,1.1693480926949185
131.21086679931724,0.3320630445945856
131.21873787710965,1.300262540316247
131.22660895490205,1.150602378355165
131.23448003269442,3.2338562546130176
131.24235111048682,0.24611687755392012
131.25022218827922,0.7142316558214485
131.25809326607165,2.4045732854892936
131.26596434386403,0.4444944583689191
131.27383542165643,2.335198609182587
131.28170649944883,3.2478815426026286
131.28957757724123,0.876342799788985
131.29744865503363,0.4236721953465902
131.30531973282604,1.4882644813253687
131.31319081061844,0.29962571172418107
131.32106188841084,0.2789202197155083
131.32893296620324,2.5205902782816794
131.33680404399564,1.0639892376569022
131.34467512178804,0.17154047911656034
131.35254619958044,0.10287900509340502
131.36041727737285,0.6225786700532773
131.36828835516525,0.16695540621334143
131.37615943295765,0.6425601724375564
131.38403051075005,0.17577239874434197
131.39190158854245,1.4594092670443823
131.39977266633483,0.05867159527210242
131.40764374412726,0.9830589940734423
131.41551482191966,1.5060834596039017
131.42338589971206,0.4899717656400241
131.43125697750446,1.5011482261180504
131.43912805529686,0.23329327894755736
131.44699913308924,0.0370593167603691
131.45487021088164,0.33718792030698935
131.46274128867404,2.551060523773323
131.47061236646644,1.2690058747363877
131.47848344425884,0.4456788949964268
131.48635452205124,2.5591708391754655
131.49422559984365,0.18735214272797945
131.50209667763605,2.4481603756451085
131.50996775542845,0.033750090248595654
131.51783883322085,2.2850055792462896
131.52570991101325,3.191372480920269
131.53358098880565,2.028594298087341
131.54145206659803,1.9273756135656381
131.54932314439046,0.7834441768825513
131.55719422218286,0.4934522702662718
131.56506529997526,2.375709638180149
131.57293637776766,6.19486708799496
131.58080745556006,1.6130151923153833
131.58867853335246,0.5534026891316233
131.59654961114487,1.0576996547023108
131.60442068893727,0.2669466708383553
131.61229176672967,0.17357377319703887
131.62016284452207,1.2350504103924878
131.62803392231447,0.3607575389318905
131.63590500010687,0.3054613085437887
131.64377607789928,2.858029142012008
131.65164715569168,3.5760773926465617
131.65951823348405,1.5814476685186611
131.66738931127645,0.5730522195497489
131.67526038906885,0.11357012050616219
131.68313146686123,1.3190772640399502
131.69100254465366,0.684669557884528
131.69887362244606,0.28618766534013
131.70674470023846,2.6208057549849553
131.71461577803086,1.0482094659821353
131.72248685582326,1.6755350492364232
131.73035793361566,0.5104441944509311
131.73822901140807,0.04524330231637918
131.74610008920047,1.1475031485287122
131.75397116699287,0.8173719879328097
131.76184224478527,1.0445491089555103
131.76971332257767,0.020769335540333986
131.77758440037007,0.8778234787753133
131.78545547816248,2.4219004184030974
131.79332655595488,2.038658585523432
131.80119763374728,2.222955330106651
131.80906871153968,1.4823631916164768
131.81693978933208,0.08211381395672186
131.82481086712448,2.2697413689977175
131.83268194491689,3.4405125678041832
131.8405530227093,1.7878605584609708
131.8484241005017,2.0149560324682976
131.8562951782941,1.4539527329151631
131.8641662560865,2.661128721624731
131.8720373338789,0.47463199169219294
131.87990841167127,0.8877175816212455
131.88777948946367,1.196141327907276
131.89565056725607,1.4384388876841987
131.90352164504847,2.9505669625442423
131.91139272284087,0.40344401032384586
131.91926380063327,0.08843146729384466
131.92713487842568,0.16120482371154848
131.93500595621808,0.6624092166397
131.94287703401048,2.6577913590880624
131.95074811180288,1.163722613376546
131.95861918959528,2.9086822664660987
131.96649026738768,1.205297251321266
131.97436134518009,1.400022272469613
131.9822324229725,5.936428876889899
131.9901035007649,0.25912597050187125
131.9979745785573,0.29151444158938994
132.0058456563497,2.6835671699026573
132.0137167341421,0.34700131070654655
132.0215878119345,0.37481499625837167
132.0294588897269,0.27221397803405295
132.0373299675193,0.7994841475128277
132.0452010453117,1.5641629334112281
132.0530721231041,0.21378822704559391
132.0609432008965,0.3653180484028216
132.0688142786889,0.4679908960022032
132.0766853564813,0.031963307479323744
132.0845564342737,0.2543606678013037
132.09242751206608,1.1434841028239318
132.10029858985848,0.036841270504427245
132.10816966765088,0.6127965379028868
132.11604074544329,2.2585734606873156
132.1239118232357,4.146171694881864
132.1317829010281,0.7214210922852528
132.1396539788205,1.7408198100708416
132.1475250566129,0.32348847509546236
132.1553961344053,3.046107741435244
132.1632672121977,0.1937786462458135
132.1711382899901,0.4204413990396928
132.1790093677825,0.8158325063994741
132.1868804455749,0.7387873052926518
132.1947515233673,1.8487593142097716
132.2026226011597,0.3482877051806335
132.2104936789521,0.38458423187767504
132.2183647567445,6.41325501940649
132.2262358345369,1.2165096620276752
132.2341069123293,0.8559687193974211
132.2419779901217,0.15614023828853077
132.2498490679141,1.216794200200283
132.25772014570651,5.369803503093519
132.26559122349892,0.4054090316394639
132.27346230129132,2.541757217040503
132.28133337908372,6.653369197095564
132.28920445687612,1.1076882350776336
132.29707553466852,1.237524949696991
132.3049466124609,2.4904933839819905
132.3128176902533,0.9443373175072298
132.3206887680457,0.3074573940739278
132.3285598458381,2.9451315889724863
132.3364309236305,0.9717310203657934
132.3443020014229,4.698589473887964
132.3521730792153,2.1546020844197944
132.3600441570077,1.2006109815332822
132.3679152348001,0.31615435419491766
132.3757863125925,0.03800954915945863
132.3836573903849,1.0530855098889562
132.3915284681773,0.6194353684198624
132.39939954596971,0.9869023693795259
132.40727062376212,0.194494997795421
132.41514170155452,1.425979283399906
132.42301277934692,1.8955604791926008
132.43088385713932,1.4379954772497336
132.43875493493172,0.11802594710813741
132.44662601272412,2.486806485995852
132.45449709051653,2.8102140351237876
132.46236816830893,1.123123157176699
132.47023924610133,0.19501425901665498
132.47811032389373,0.0631432667643448
132.48598140168613,1.305888828265445
132.49385247947853,1.446090975534496
132.50172355727094,0.4184587473090134
132.50959463506334,0.3577197935672918
132.51746571285574,3.1435858435349475
132.5253367906481,0.6358295008967602
132.5332078684405,1.5751913901776746
132.54107894623291,0.8821971566475354
132.54895002402532,4.549326382568875
132.55682110181772,4.802134584380516
132.56469217961012,1.8177603968979028
132.57256325740252,14.079979592771188
132.58043433519492,11.092703696311913
132.58830541298732,4.5960820366232875
132.59617649077973,5.048159057763009
132.60404756857213,29.691167473740272
132.61191864636453,13.797864809968543
132.61978972415693,20.91961685729081
132.62766080194933,24.866845480411953
132.63553187974173,2.9130594859700887
132.64340295753414,23.254388418674512
132.65127403532654,2.602414872329227
132.65914511311894,89.76621761333377
132.66701619091134,53.12380232543004
132.67488726870374,13.135648052129673
132.68275834649614,15.17310687424074
132.69062942428857,2.603112159925959
132.69850050208095,1.378271464980775
132.70637157987335,3.0419397136836928
132.71424265766575,7.777871191673626
132.72211373545815,2.4448185659454915
132.72998481325055,4.395240939460627
132.73785589104293,0.994239323165967
132.74572696883533,0.30310436574995286
132.75359804662773,0.17072045616152964
132.76146912442013,1.2383603797650602
132.76934020221253,1.8817171967571509
132.7772112800049,0.8629871556808335
132.78508235779734,2.733985754181875
132.79295343558974,1.7373076017872384
132.80082451338214,3.1695285951409935
132.80869559117454,2.506208243797026
132.81656666896694,5.554266576550712
132.82443774675934,1.9322252551477896
132.83230882455177,4.954199897925017
132.84017990234415,2.983063923332761
132.84805098013655,1.4697194792622865
132.85592205792895,4.533675633408462
132.86379313572135,0.8775342757415334
132.87166421351375,3.9212102898849066
132.87953529130615,2.179967218051591
132.88740636909856,0.6591165317720488
132.89527744689096,2.589450113741556
132.90314852468336,2.409530487305879
132.91101960247576,1.4695924232655588
132.91889068026816,0.38592005232104776
132.92676175806056,1.3240918726055282
132.93463283585297,0.13325398460060764
132.94250391364537,0.8602805182576905
132.95037499143777,1.4794198042357751
132.95824606923014,0.34267029898578594
132.96611714702254,0.06262843265281806
132.97398822481497,1.2935070689452783
132.98185930260735,0.8314253960990767
132.98973038039975,0.19674443845544218
132.99760145819215,0.6771309878324329
133.00547253598455,0.2868796358014265
133.01334361377695,1.204949095961464
133.02121469156936,0.27134945497916635
133.02908576936176,0.034844201793577056
133.03695684715416,0.42507612075640216
133.04482792494656,0.4216537754805386
133.05269900273896,3.680216511313676
133.06057008053136,0.7370614117322978
133.06844115832376,0.7265927416628604
133.07631223611617,0.16652235409231295
133.08418331390857,0.6638056629611051
133.09205439170097,3.3989139041931837
133.09992546949337,0.5519284166826663
133.10779654728577,1.099441073427013
133.11566762507815,0.05855522462054424
133.12353870287058,0.32373769148607173
133.13140978066298,0.5354038127971706
133.13928085845538,1.5688562932712544
133.14715193624778,0.187699827926089
133.15502301404018,2.0545203087049275
133.16289409183258,2.543381391804245
133.17076516962496,2.2091136388659476
133.17863624741736,1.2833954350351724
133.18650732520976,3.759767457248291
133.19437840300216,0.4935283698338987
133.20224948079456,3.1422023618788324
133.21012055858696,1.304643127547432
133.21799163637937,0.09082445962499681
133.22586271417177,1.4518539934568655
133.23373379196417,0.03689181030167495
133.24160486975657,0.7204921424478884
133.24947594754897,1.0055175625960224
133.25734702534135,2.1447817262628432
133.26521810313378,2.7237457007628043
133.27308918092618,0.7353759059268532
133.28096025871858,2.756510861121019
133.28883133651098,0.19370480556930214
133.29670241430338,4.79487231026099
133.30457349209578,2.6178872566850013
133.3124445698882,0.38891026377795646
133.3203156476806,0.12308804797734124
133.328186725473,1.7473760856718497
133.3360578032654,0.12764367366629306
133.3439288810578,2.135261685259932
133.3517999588502,0.43176066050209144
133.3596710366426,3.124970264013954
133.367542114435,0.8021238446717496
133.3754131922274,0.6252930335025412
133.38328427001977,0.28420858863239673
133.39115534781217,0.09563669074933866
133.39902642560455,1.5430130900811545
133.40689750339698,1.745451462407848
133.41476858118938,1.44044432357376
133.42263965898178,0.06182308486493378
133.43051073677418,0.2507211230153772
133.43838181456658,1.1798586344741138
133.44625289235898,0.48756779407117906
133.4541239701514,1.1154565462329489
133.4619950479438,0.16615897626675613
133.4698661257362,0.243387063041342
133.4777372035286,0.9063411861557038
133.485608281321,0.42503394233252356
133.4934793591134,1.6566702352793858
133.5013504369058,0.7013218059327976
133.5092215146982,0.03035166356883041
133.5170925924906,0.5769391404636004
133.524963670283,0.4666087155342961
133.5328347480754,1.089089688472774
133.5407058258678,1.6458708415874281
133.5485769036602,0.8003693471883154
133.5564479814526,0.5499903478412566
133.564319059245,1.3784797775375588
133.5721901370374,0.013357280187442217
133.5800612148298,0.5260867555482283
133.5879322926222,0.07278978409176441
133.5958033704146,0.26398477392520125
133.603674448207,0.5772157213885816
133.6115455259994,0.04100296042606906
133.6194166037918,0.017420126311232298
133.6272876815842,0.03905013153666709
133.6351587593766,0.24594975947341516
133.643029837169,0.24159965886865284
133.6509009149614,0.053957563204818544
133.6587719927538,0.28805708182665846
133.6666430705462,0.06309333370235816
133.6745141483386,0.6436448513583609
133.682385226131,0.25529679004200645
133.6902563039234,0.2377829629124933
133.6981273817158,0.4713023365926411
133.7059984595082,0.4088125130950117
133.7138695373006,0.4198257445916337
133.721740615093,0.06996711004897427
133.7296116928854,1.38842514382151
133.7374827706778,0.07642908278796874
133.74535384847022,1.3180837186415275
133.75322492626262,0.20000796687504233
133.76109600405502,1.1606999903665083
133.76896708184742,0.3114720063759766
133.77683815963982,0.5890920499341602
133.78470923743222,0.6702987369455126
133.79258031522463,1.6675322048918033
133.80045139301703,1.0697616639774639
133.80832247080943,0.17981661402729693
133.8161935486018,0.08805148498758435
133.8240646263942,1.9846081522935428
133.8319357041866,1.1289823242375212
133.839806781979,1.7589638286068316
133.8476778597714,0.25681878774385386
133.8555489375638,0.5362263022332238
133.8634200153562,0.3493229636198929
133.8712910931486,0.23196441521498268
133.87916217094102,0.06751773264209746
133.88703324873342,0.3135505135902838
133.89490432652582,0.2859570958780565
133.90277540431822,0.22871772963904
133.91064648211062,0.2561039313124683
133.91851755990302,0.16157531219035162
133.92638863769542,0.006842675068800532
133.93425971548783,1.5678303927738404
133.94213079328023,0.13000720504458307
133.95000187107263,0.7161320907422811
133.95787294886503,0.5680728920815432
133.96574402665743,0.11978323511490177
133.97361510444983,1.545298440843794
133.98148618224224,0.561400919850025
133.98935726003464,0.3887675538650623
133.99722833782704,0.03880857445365201
134.00509941561944,0.23167273864162702
134.01297049341184,0.8309515929061968
134.02084157120424,0.8084780043031319
134.02871264899662,0.2916337386627166
134.03658372678902,1.0288084902417185
134.04445480458142,0.8017806921942731
134.05232588237382,0.21050417755418854
134.06019696016622,0.7308314207854877
134.06806803795862,0.9914701217412605
134.07593911575103,0.05834500731320017
134.08381019354343,0.36713623279410484
134.09168127133583,0.39319495890138323
134.09955234912823,0.24564171765067597
134.10742342692063,1.1545007610810831
134.11529450471303,0.4701886411495659
134.12316558250544,0.21091080705078383
134.13103666029784,1.1878892445627607
134.13890773809024,0.9803102893103518
134.14677881588264,2.4746605558640002
134.15464989367504,0.25783915036424504
134.16252097146744,0.31075232284869625
134.17039204925985,0.05176990232902191
134.17826312705225,0.11417365523039524
134.18613420484465,0.28481422363368986
134.19400528263705,0.4780697445141339
134.20187636042945,0.161424352669852
134.20974743822185,1.067252434144855
134.21761851601426,0.31602276445611
134.22548959380666,1.0103291958016547
134.23336067159906,0.6666114060607217
134.24123174939146,0.2958023770672294
134.24910282718383,0.008446715336475862
134.25697390497623,0.18368776690954394
134.26484498276864,1.179399006345006
134.27271606056104,0.3549199478728141
134.28058713835344,0.8879597729677328
134.28845821614584,0.6003235383448814
134.29632929393824,0.9672962611669639
134.30420037173064,0.13958964313918704
134.31207144952305,0.5209029238439542
134.31994252731545,1.2405502617963302
134.32781360510785,1.833521294918063
134.33568468290025,0.470776254593111
134.34355576069265,3.1999938335113947
134.35142683848505,0.2147029284030621
134.35929791627746,0.9496424129734852
134.36716899406986,0.14982795878597172
134.37504007186226,1.7667754646627827
134.38291114965466,0.32891767199281197
134.39078222744706,0.09788129589390673
134.39865330523946,1.0311650566291293
134.40652438303186,0.35018683281803403
134.41439546082427,1.4338329818834408
134.42226653861667,3.161194532777575
134.43013761640907,0.8181695869253818
134.43800869420147,0.9870394498935592
134.44587977199387,0.027256913451019417
134.45375084978627,1.2401714474179195
134.46162192757865,0.3823167737503319
134.46949300537105,0.9036202613962792
134.47736408316345,0.9252426401695387
134.48523516095585,0.06441757379440329
134.49310623874825,0.876698441501412
134.50097731654066,1.1727525371822218
134.50884839433306,0.5617790765208938
134.51671947212546,0.5154860444413715
134.52459054991786,0.5317488796753979
134.53246162771026,1.0383484429547407
134.54033270550266,0.1937180694001885
134.5482037832951,0.25926775868264473
134.55607486108747,2.0217544961888345
134.56394593887987,1.6107261205912993
134.57181701667227,0.19712616316434686
134.57968809446467,1.312263814760468
134.58755917225707,0.11229930723581054
134.59543025004947,3.8937957647179897
134.60330132784188,0.18864849683452015
134.61117240563428,0.22193988476561638
134.61904348342668,0.5789155718939374
134.62691456121908,0.6281826239324784
134.63478563901148,0.9476010483181113
134.64265671680388,1.5369810179289232
134.6505277945963,0.11107382095636159
134.6583988723887,0.2749411654444193
134.6662699501811,1.3626753315791325
134.67414102797346,2.159198392643335
134.68201210576586,0.9206116475887016
134.6898831835583,0.3402020013688865
134.69775426135067,4.842757716443012
134.70562533914307,0.4608532919665888
134.71349641693547,0.5658828918180505
134.72136749472787,2.2368637549189394
134.72923857252027,2.1219939963656103
134.73710965031268,0.05732534736357048
134.74498072810508,0.36720420162213846
134.75285180589748,0.7322192168424287
134.76072288368988,0.45973253389687874
134.76859396148228,2.750624478350714
134.77646503927468,1.7497438150636513
134.78433611706708,0.007295230452535478
134.7922071948595,0.7935148783772075
134.8000782726519,2.8584579254917704
134.8079493504443,1.8142546821063799
134.8158204282367,3.5102020633048086
134.8236915060291,2.690715635325005
134.8315625838215,0.2612660661647879
134.8394336616139,0.3423194111690424
134.8473047394063,2.3927724110175266
134.8551758171987,1.4955970404721615
134.8630468949911,1.955692417739089
134.8709179727835,6.8789493141176
134.8787890505759,3.2004997715590195
134.8866601283683,1.3099193702633958
134.89453120616068,0.5993353867291037
134.90240228395308,0.7011070269959278
134.91027336174548,0.7491886372740859
134.91814443953788,2.4328088340981595
134.92601551733028,4.6896723765956025
134.9338865951227,1.5696320715552563
134.9417576729151,0.30510759157331413
134.9496287507075,3.1463033864672894
134.9574998284999,0.51738983972323
134.9653709062923,2.241388274432416
134.9732419840847,1.9958235085852274
134.9811130618771,1.5837871491493793
134.9889841396695,2.6343535692333253
134.9968552174619,5.768356795292295
135.0047262952543,2.0608793729517925
135.0125973730467,2.94048382297191
135.0204684508391,0.8110554230534457
135.0283395286315,0.9169428220674782
135.0362106064239,3.096852468399998
135.0440816842163,4.127073856305541
135.0519527620087,0.10686528551266858
135.0598238398011,0.2649970189609398
135.0676949175935,0.0438537343430732
135.07556599538592,2.658996995080491
135.08343707317832,0.5590854815488366
135.09130815097072,1.2532200874840869
135.09917922876312,2.435631348972885
135.1070503065555,1.457384390689388
135.1149213843479,1.4902670986608553
135.1227924621403,3.770261841341171
135.1306635399327,0.47091997959475845
135.1385346177251,0.78204998957468
135.1464056955175,0.6120893983252519
135.1542767733099,2.0952915013866282
135.1621478511023,0.5162034151230896
135.1700189288947,1.009857993431385
135.1778900066871,0.0252166886716803
135.1857610844795,1.3855070424744298
135.1936321622719,0.1431972224419327
135.2015032400643,0.5099734997542125
135.2093743178567,0.9219107080451158
135.21724539564912,0.23401611334659322
135.22511647344152,0.3517704755085412
135.23298755123392,1.035369482501174
135.24085862902632,0.3986767037500055
135.24872970681872,2.8970979573586266
135.25660078461112,0.1378320618687681
135.26447186240352,0.7255555353895602
135.27234294019593,0.350170311188348
135.28021401798833,1.6672059567999586
135.28808509578073,0.118566125501884
135.29595617357313,0.9754007449427157
135.30382725136553,0.009725141883813439
135.3116983291579,0.4388189470372061
135.3195694069503,0.9367275179081465
135.3274404847427,0.15748775239119783
135.3353115625351,0.04094016291287063
135.3431826403275,1.0393015943278898
135.3510537181199,0.8587058280622519
135.35892479591232,0.05104657250023841
135.36679587370472,2.6423835270945255
135.37466695149712,0.03994078393482619
135.38253802928952,1.5724474667656156
135.39040910708192,1.825563223574578
135.39828018487432,0.3874312367264442
135.40615126266673,0.6959895861608872
135.41402234045913,0.645559329593227
135.42189341825153,0.808585647376787
135.42976449604393,0.15835983690148692
135.43763557383633,0.3466602386872643
135.44550665162873,0.42268168547186646
135.4533777294211,0.37561423421998924
135.46124880721354,2.146856937486343
135.46911988500594,1.2145325485485952
135.47699096279834,0.890773313408769
135.48486204059074,0.9626033309814253
135.49273311838314,3.304810243930603
135.50060419617554,1.6411149815002153
135.50847527396795,0.12007659536383908
135.51634635176035,0.7780346767716586
135.52421742955275,0.6227003316817455
135.53208850734515,0.7947047836583059
135.53995958513752,0.062002453941307316
135.54783066292993,0.8026567766872837
135.55570174072233,1.4279832734598605
135.56357281851473,1.4343274910525992
135.57144389630713,0.4824216900277922
135.57931497409953,1.113514211472111
135.58718605189193,1.0238865316744625
135.5950571296843,2.7162253517135064
135.60292820747674,0.06758226048426874
135.61079928526914,1.3679213661562586
135.61867036306154,2.5910426055409586
135.62654144085394,0.7000196047581577
135.63441251864634,1.1051353665099743
135.64228359643874,0.602141307974222
135.65015467423115,2.3083381998054047
135.65802575202355,0.11501902897361764
135.66589682981595,0.2344389110581854
135.67376790760835,0.029635822228348613
135.68163898540075,0.6834335677948981
135.68951006319315,0.12892867184175152
135.69738114098556,0.34188832581715356
135.70525221877796,1.5372568728410756
135.71312329657036,1.3784647305197248
135.72099437436276,0.18631650607395042
135.72886545215516,0.7947773522759032
135.73673652994756,0.7568103946195457
135.74460760773997,0.6026763596589575
135.75247868553234,0.0017085915233920278
135.76034976332474,0.5623628270298072
135.76822084111714,0.27714033477717737
135.77609191890954,0.26212893085509126
135.78396299670194,1.2956541927539185
135.79183407449435,0.01616300642946381
135.79970515228675,0.1271349762781503
135.80757623007915,1.7747633870472121
135.81544730787155,0.43291120333464533
135.82331838566395,0.9323391463659068
135.83118946345635,2.2172919727895026
135.83906054124876,0.14053737649805426
135.84693161904116,1.631144463904394
135.85480269683356,0.2079204844379543
135.86267377462596,0.43708733840343816
135.87054485241836,1.0264018355564712
135.87841593021076,3.8291573951404954
135.88628700800317,0.14405100920331532
135.89415808579557,0.3280588696233036
135.90202916358797,0.36659664780794976
135.90990024138037,0.21187917348696403
135.91777131917277,0.19790322414236644
135.92564239696517,1.55494779884618
135.93351347475758,0.146854049699178
135.94138455254998,0.8715950722717251
135.94925563034238,0.4794465947217799
135.95712670813478,0.6888475562522153
135.96499778592715,1.2738070509370056
135.97286886371955,0.5525239759566298
135.98073994151196,0.5622990142231078
135.98861101930436,0.6499075539145984
135.99648209709676,1.0849460043014794
136.00435317488916,1.0678776447763807
136.01222425268156,0.5259504743695782
136.02009533047396,0.31140764835919393
136.02796640826637,0.5527144295621417
136.03583748605877,0.4350890643672896
136.04370856385117,0.5806516089603033
136.05157964164357,0.5033888003626595
136.05945071943597,1.222127471819674
136.06732179722837,1.7998307438309606
136.07519287502078,0.09141441833167614
136.08306395281318,0.14446553858496292
136.09093503060558,0.15232231608955896
136.09880610839798,0.8738850871454029
136.10667718619038,0.884576497835481
136.11454826398278,2.3241802026230367
136.12241934177518,0.7256105463293496
136.1302904195676,0.22736477243076036
136.13816149736,3.4780760715560253
136.1460325751524,3.4788729522596697
136.1539036529448,0.11505460113670549
136.1617747307372,2.258144036602501
136.1696458085296,1.0998125874730005
136.177516886322,0.27727366657683494
136.18538796411437,0.012320215901561349
136.19325904190677,0.6726137879089862
136.20113011969917,0.826557374476292
136.20900119749157,0.07353952265312609
136.21687227528398,1.0792213834304745
136.22474335307638,0.11525362163315571
136.23261443086878,0.7081576898912697
136.24048550866118,0.1026340749290292
136.24835658645358,0.3485484356340873
136.25622766424598,0.24886305758807795
136.2640987420384,0.39008961519392304
136.2719698198308,0.11725160076620086
136.2798408976232,0.15287759323314748
136.2877119754156,0.8561940948314553
136.295583053208,0.8839520484349492
136.3034541310004,0.2942091691468134
136.3113252087928,0.28191283085227226
136.3191962865852,0.22408001614228917
136.3270673643776,1.04636809327994
136.33493844217,0.6028411408691154
136.3428095199624,0.6301423558720003
136.3506805977548,2.6669473419617726
136.3585516755472,3.7424448777288126
136.3664227533396,1.2518426115019625
136.374293831132,0.1653616257844922
136.3821649089244,1.8803176254103204
136.3900359867168,0.8961506069658829
136.39790706450918,0.04211292765876873
136.4057781423016,0.057516602658784825
136.413649220094,0.5116458406279163
136.4215202978864,0.014070429113002877
136.4293913756788,0.5640093752619921
136.4372624534712,1.302715718667197
136.4451335312636,0.47834117210316
136.453004609056,0.8666641259280914
136.4608756868484,1.5302728204799536
136.4687467646408,0.8883092707940945
136.4766178424332,1.4204340664491788
136.4844889202256,0.8857601111527795
136.492359998018,1.4721606421832722
136.5002310758104,0.8781415487472045
136.5081021536028,0.4114388621914586
136.5159732313952,3.08447240808128
136.5238443091876,0.7160421939907909
136.53171538698,1.5058533380942
136.5395864647724,0.29775002158390945
136.5474575425648,0.9223063330213511
136.55532862035722,1.4624077187556814
136.56319969814962,2.0315393062810374
136.57107077594202,0.4070466182258879
136.57894185373442,1.0516462025856022
136.58681293152682,0.09163326833669275
136.59468400931922,1.2904771857975694
136.60255508711165,1.8932467287687964
136.61042616490403,2.1504299850037647
136.6182972426964,3.056817048780622
136.6261683204888,1.006220241568047
136.6340393982812,0.8343831892776138
136.6419104760736,0.47212455258999886
136.649781553866,0.5685704453968068
136.6576526316584,2.122733578244655
136.6655237094508,0.7216085798045826
136.6733947872432,0.9785421707556047
136.6812658650356,1.2228134572038438
136.689136942828,2.3188466684354028
136.69700802062042,0.06492322227767199
136.70487909841282,1.6035636861834994
136.71275017620522,0.5363785101783499
136.72062125399762,1.170114916729074
136.72849233179002,0.8205134288187966
136.73636340958242,0.12708596661929733
136.74423448737485,0.1146366266234643
136.75210556516723,0.5634616119481402
136.75997664295963,0.003648789810845124
136.76784772075203,0.3284920554694879
136.77571879854443,0.04348973728472587
136.78358987633683,1.1113015964711346
136.79146095412924,0.2912322550169422
136.79933203192164,0.5130842666259878
136.80720310971404,1.0225353956127026
136.81507418750644,1.0134606992307056
136.82294526529884,0.17462217221291848
136.8308163430912,0.11897442760136986
136.83868742088362,0.30658671578299734
136.84655849867602,0.006585811938753643
136.85442957646842,0.3786291928806643
136.86230065426082,0.007703883468752508
136.87017173205322,0.16736406100726672
136.87804280984562,0.11559258006015236
136.88591388763805,0.4779352900799704
136.89378496543043,0.6176754160872393
136.90165604322283,0.9965889035307306
136.90952712101523,2.4385995280668364
136.91739819880763,0.14322824460197348
136.92526927660003,0.12102384010569628
136.93314035439244,0.6564077874608375
136.94101143218484,0.9447065665004577
136.94888250997724,2.853094138400412
136.95675358776964,2.2181522185172926
136.96462466556204,1.1524298872235286
136.97249574335444,0.13665589485607857
136.98036682114684,0.00438903517214707
136.98823789893925,0.7650405457685374
136.99610897673165,0.6782985223975853
137.00398005452405,1.746507730962098
137.01185113231645,0.11904664113700457
137.01972221010885,0.4101055810233564
137.02759328790123,1.0813671534502882
137.03546436569366,1.3119591299552262
137.04333544348603,0.3415422766507434
137.05120652127843,0.9997176034214658
137.05907759907083,1.851121951651916
137.06694867686323,0.1361558076544011
137.07481975465564,1.9796750775655974
137.08269083244804,0.5114324161680838
137.09056191024044,1.662145716479284
137.09843298803284,0.8265797156295923
137.10630406582524,0.08294960809988562
137.11417514361764,1.2114718554546953
137.12204622141005,0.30750696170176733
137.12991729920245,1.1610305420415306
137.13778837699485,1.273323565801685
137.14565945478725,2.970080144143817
137.15353053257965,0.7043456100229202
137.16140161037205,0.7011442904908121
137.16927268816443,0.6715396037092637
137.17714376595686,0.051060539978005
137.18501484374926,0.894836444474996
137.19288592154166,1.726532433675565
137.20075699933406,1.377772976857446
137.20862807712646,0.47889844556565947
137.21649915491886,2.484509550767817
137.2243702327113,0.05466655618326407
137.23224131050367,0.5448066980977678
137.24011238829607,0.2972575882125309
137.24798346608847,0.8082965853133118
137.25585454388087,1.0734180641213669
137.26372562167325,1.1791087668649844
137.27159669946565,3.4411289088673134
137.27946777725805,0.23804607492564753
137.28733885505045,0.9910261185723106
137.29520993284285,2.346046374047384
137.30308101063525,0.8399042925556599
137.31095208842763,3.3804307197690155
137.31882316622006,0.8187840744966931
137.32669424401246,2.299786635431209
137.33456532180486,1.4354682205710196
137.34243639959726,0.33361463836352584
137.35030747738966,1.171343054597867
137.35817855518206,0.5930553090073509
137.36604963297447,0.34961941233938926
137.37392071076687,0.838085464574567
137.38179178855927,0.7079443431987666
137.38966286635167,0.10488920683305585
137.39753394414407,1.2512757884195846
137.40540502193647,1.1944388403656863
137.41327609972888,1.7120960134447794
137.42114717752128,0.8057632539898051
137.42901825531368,2.6810168061526913
137.43688933310608,0.908918008337681
137.44476041089848,0.5330424883435425
137.45263148869088,0.9165913239338314
137.46050256648329,0.214234961322333
137.4683736442757,0.043364753821950125
137.47624472206806,1.0766296927098247
137.48411579986046,0.04581469614078416
137.49198687765286,0.19599238591218052
137.49985795544526,0.9204803559882329
137.50772903323767,0.12223074600985662
137.51560011103007,0.4195616586374187
137.52347118882247,0.6011138078830608
137.53134226661487,1.2356680896748446
137.53921334440727,0.24259291173665679
137.54708442219967,0.2940675508913402
137.55495549999208,0.8475094507073353
137.56282657778448,1.8582485052775575
137.57069765557688,0.9825436891040287
137.57856873336928,6.096666537700064
137.58643981116168,2.786571710165605
137.59431088895408,0.7559153918988758
137.60218196674649,1.4855063290445147
137.6100530445389,0.14408753772555719
137.6179241223313,0.5229316021968506
137.6257952001237,0.09096672121889328
137.6336662779161,0.04193629924654492
137.6415373557085,0.4971264502620688
137.6494084335009,1.1755283661753315
137.6572795112933,2.248917647282256
137.6651505890857,0.9997734950238834
137.6730216668781,0.02544219315898744
137.6808927446705,0.3153871372056594
137.68876382246287,0.799693963469828
137.69663490025528,0.5824578288528972
137.70450597804768,1.2709980582844234
137.71237705584008,0.7037855498590814
137.72024813363248,1.6960776547171657
137.72811921142488,0.2217164065659918
137.73599028921728,0.05079885895024683
137.74386136700969,0.08820261324978253
137.7517324448021,1.3721633026240279
137.7596035225945,2.109224179635157
137.7674746003869,5.234716289344082
137.7753456781793,0.9169684596236709
137.7832167559717,3.194324461369896
137.7910878337641,10.54970978192418
137.7989589115565,10.739808254403941
137.8068299893489,6.781647354710519
137.8147010671413,3.3536440620492662
137.8225721449337,2.44091818728069
137.8304432227261,0.6215897968347606
137.8383143005185,0.28480823283717244
137.8461853783109,0.43282757994125415
137.8540564561033,0.17736162998029922
137.8619275338957,0.09633789781000728
137.8697986116881,0.3090418486845552
137.8776696894805,0.7460831610902046
137.88554076727291,1.0764756648171163
137.89341184506532,1.7356358882505107
137.90128292285772,1.15939680440543
137.9091540006501,0.33296975028724246
137.9170250784425,0.8491413636243336
137.9248961562349,0.6528391361005894
137.9327672340273,5.505957678855165
137.9406383118197,3.9254217286196136
137.9485093896121,0.5453614040071387
137.9563804674045,0.8368107443010873
137.9642515451969,0.2521212880798251
137.9721226229893,0.40196668619876547
137.9799937007817,0.39415643410236095
137.9878647785741,2.367711210222846
137.9957358563665,0.34707603861697617
138.0036069341589,3.4306470058472507
138.0114780119513,1.23741376494859
138.0193490897437,0.27192915825532377
138.02722016753611,5.47179224294291
138.03509124532852,3.669715247467547
138.04296232312092,0.21062351385770386
138.05083340091332,0.34517352436208115
138.05870447870572,0.453283602756183
138.06657555649812,2.315623610864765
138.07444663429052,0.3949636504448403
138.08231771208293,0.8188927899505927
138.09018878987533,0.5487906879491422
138.09805986766773,1.4286714946581347
138.10593094546013,0.07835039650485273
138.11380202325253,3.2103418178419254
138.1216731010449,0.1834744769446821
138.1295441788373,4.842158819532346
138.1374152566297,1.0266323877585581
138.1452863344221,0.16559803456092217
138.1531574122145,0.46560403968221653
138.1610284900069,0.6520186438872667
138.16889956779931,0.597660158143563
138.17677064559172,0.3262375830799149
138.18464172338412,3.6909340325961653
138.19251280117652,0.6526518276204673
138.20038387896892,0.984358668193134
138.20825495676132,1.561916561213341
138.21612603455372,0.8629473598599516
138.22399711234613,4.743242419184151
138.23186819013853,0.44192260260793126
138.23973926793093,2.7613524171878705
138.24761034572333,0.041073295521487474
138.25548142351573,3.132059835487733
138.26335250130813,2.9478521600866654
138.27122357910054,5.223144146594472
138.27909465689294,5.851119398986495
138.28696573468534,1.2325046673397042
138.29483681247774,2.174359978339952
138.30270789027014,0.5108939967536845
138.31057896806254,3.1082622132540623
138.31845004585497,1.3321298177412446
138.32632112364735,0.409535832906103
138.33419220143972,4.329261317445961
138.34206327923212,1.8848000705995385
138.34993435702452,0.9633886367703253
138.35780543481692,1.9543329086592136
138.36567651260933,1.3632170147744673
138.37354759040173,0.39160127707150366
138.38141866819413,2.27768577516593
138.38928974598653,0.8146092780519385
138.39716082377893,1.105533371198746
138.40503190157133,0.39955020754942155
138.41290297936374,0.41471998056238424
138.42077405715614,1.160308037454451
138.42864513494854,0.687651355307364
138.43651621274094,0.5308412002929463
138.44438729053334,0.2815540028777606
138.45225836832574,1.4082651155830743
138.46012944611817,0.7853486706456804
138.46800052391055,0.15117274111777812
138.47587160170295,0.010048148566150506
138.48374267949535,1.4038055680630586
138.49161375728775,0.641551606047928
138.49948483508015,0.8121752726444481
138.50735591287255,5.5894952679255745
138.51522699066496,1.9927833872412242
138.52309806845736,0.5749483634225709
138.53096914624976,2.5513034494606783
138.53884022404216,0.9555963920342087
138.54671130183456,1.3880750477920003
138.55458237962694,0.8956194446183212
138.56245345741934,0.43351614832949165
138.57032453521174,2.4268839363349657
138.57819561300414,3.1301301080069357
138.58606669079654,1.423453293546502
138.59393776858894,0.2513996471435828
138.60180884638137,3.835206447986981
138.60967992417375,0.8946613463765342
138.61755100196615,0.9201667821529849
138.62542207975855,8.804658099160655
138.63329315755095,11.373546282376232
138.64116423534335,0.7858006862240651
138.64903531313576,0.7902836941515406
138.65690639092816,12.489162509428454
138.66477746872056,3.563547727931138
138.67264854651296,15.29680008248476
138.68051962430536,2.8776744563419423
138.68839070209776,1.614499815785358
138.69626177989016,1.8109134509710634
138.70413285768257,0.8587282455513751
138.71200393547497,1.80820153596087
138.71987501326737,0.3819449161912498
138.72774609105977,0.11771132347714562
138.73561716885217,1.2103050976122034
138.74348824664455,0.5686954892501851
138.75135932443698,0.19724466695990509
138.75923040222938,0.47974321194700653
138.76710148002175,1.1905807732655624
138.77497255781415,0.30854700560315096
138.78284363560655,0.7667170159452066
138.79071471339896,0.1257382961793212
138.79858579119136,0.2867092234306342
138.80645686898376,1.4892097079544833
138.81432794677616,1.4335199005906525
138.82219902456856,0.5654724602869942
138.83007010236096,0.8867239948947594
138.83794118015336,0.378650422080897
138.84581225794577,0.5885816385922727
138.85368333573817,2.1866351982093093
138.86155441353057,2.731581410776712
138.86942549132297,0.13682928316450577
138.87729656911537,1.0031648385154746
138.88516764690775,3.821055008291567
138.89303872470018,0.3834172702805517
138.90090980249258,0.7537257080911479
138.90878088028498,1.512832040363348
138.91665195807738,0.9888174877545967
138.92452303586978,2.6438171456683928
138.93239411366218,0.12238844827132524
138.9402651914546,3.8582722440076944
138.948136269247,0.7501902087417532
138.9560073470394,0.025706785491890614
138.9638784248318,30.04917536739403
138.9717495026242,1.6239256409010785
138.97962058041657,27.246179536560128
138.98749165820897,12.346401527140085
138.99536273600137,3.535675829108275
139.00323381379377,2.130636930425558
139.01110489158617,45.720825719379
139.01897596937857,7.937428439308768
139.02684704717095,18.038636416485268
139.03471812496338,7.888487837679849
139.04258920275578,14.585782899605018
139.05046028054818,13.711332629443831
139.05833135834058,1.7219812467451288
139.06620243613298,4.935332473527936
139.07407351392538,5.403348309688135
139.0819445917178,18.018984493338703
139.0898156695102,5.760128969434656
139.0976867473026,11.23005029561778
139.105557825095,1.6051326419382146
139.1134289028874,1.125956308010307
139.1212999806798,1.0065188672112095
139.1291710584722,0.4106546883721165
139.1370421362646,2.086824150914036
139.144913214057,2.369846671859663
139.1527842918494,0.21714443081929571
139.1606553696418,2.8803575692053753
139.1685264474342,2.7852418576911306
139.1763975252266,2.0610040122953817
139.184268603019,1.2652934106241513
139.1921396808114,2.5160480767918094
139.20001075860378,1.0693462275268892
139.20788183639618,7.681084178874174
139.21575291418858,0.05639285134758231
139.223623991981,2.1259806747548917
139.2314950697734,2.2297126164714527
139.2393661475658,0.07529310857887375
139.2472372253582,0.950592629438011
139.2551083031506,1.8789079374046505
139.262979380943,6.258727816047346
139.2708504587354,0.7937001153694507
139.2787215365278,3.6011162334701434
139.2865926143202,1.811534582578711
139.2944636921126,7.084616243238614
139.302334769905,2.8091847825413807
139.3102058476974,9.14329980383634
139.3180769254898,11.175958224743303
139.3259480032822,25.917657849913134
139.3338190810746,10.917942276242709
139.341690158867,2.4060539574301223
139.3495612366594,0.3237424211823966
139.3574323144518,32.89294974766059
139.3653033922442,15.134265223720092
139.37317447003662,5.158359987624375
139.38104554782902,1.846238300859532
139.38891662562142,3.4551562568089897
139.39678770341382,0.9352840831637568
139.40465878120622,0.6539906519256751
139.4125298589986,0.8670941903820829
139.420400936791,0.5262087475123621
139.4282720145834,4.19996327999447
139.4361430923758,0.7477158751551038
139.4440141701682,1.144498326648278
139.4518852479606,0.8832624662812265
139.459756325753,1.2408777568570593
139.4676274035454,0.7384188538202742
139.4754984813378,3.488473284081111
139.4833695591302,1.0062056170922817
139.4912406369226,0.23865418098868796
139.499111714715,0.020470589432860446
139.50698279250742,1.4273407852927908
139.51485387029982,0.6686377093701643
139.52272494809222,1.0275210223984117
139.53059602588462,0.3005144361065327
139.53846710367702,0.45600648077098443
139.54633818146942,0.004715536874761444
139.55420925926182,0.1339345133364049
139.56208033705423,2.674962501164379
139.56995141484663,0.97098824879754
139.57782249263903,5.626385879915992
139.58569357043143,0.661814070897133
139.59356464822383,1.8089623075015604
139.60143572601623,5.541119399901195
139.60930680380864,3.381978275761215
139.61717788160104,11.66724373129134
139.6250489593934,0.8145244122618979
139.6329200371858,3.559712413780405
139.6407911149782,1.8531923369304562
139.64866219277062,5.326546574625593
139.65653327056302,7.439715999993357
139.66440434835542,4.124282342807939
139.67227542614782,2.8317052189033447
139.68014650394022,2.179943329985302
139.68801758173262,0.7871763265400322
139.69588865952502,0.07314797859817433
139.70375973731743,0.16842485328547704
139.71163081510983,1.913047969072173
139.71950189290223,0.29305212523781404
139.72737297069463,1.4748654482453207
139.73524404848703,0.9152613840016922
139.74311512627943,1.3612481395263831
139.75098620407184,0.01613208044007561
139.75885728186424,0.06913989071980041
139.76672835965664,0.5463799950297525
139.77459943744904,0.9629799080877225
139.78247051524144,0.39534709389048356
139.79034159303384,0.5226123727722443
139.79821267082625,0.8078475162426119
139.80608374861865,2.410306441195621
139.81395482641105,2.815247495682425
139.82182590420345,1.8542695128278213
139.82969698199585,0.5215339818121949
139.83756805978825,0.6138144893352363
139.84543913758063,0.1709126156967781
139.85331021537303,2.2890807498512222
139.86118129316543,0.47207586026738935
139.86905237095783,0.7748570978535015
139.87692344875023,1.3813924079544144
139.88479452654263,0.6778754041443563
139.89266560433504,2.0104006973148416
139.90053668212744,0.656576022736529
139.90840775991984,0.912677490694175
139.91627883771224,0.7188778751474184
139.92414991550464,1.4282118450576975
139.93202099329704,1.9980814765813575
139.93989207108945,29.294978451662246
139.94776314888185,6.438274128916701
139.95563422667425,13.061702446681245
139.96350530446665,82.81102324483128
139.97137638225905,0.9864096390114574
139.97924746005145,0.17512991872035089
139.98711853784386,3.3093235526925557
139.99498961563626,1.3965323550111315
140.00286069342866,4.014633562180526
140.01073177122106,3.559845578184412
140.01860284901346,4.195558174288227
140.02647392680586,1.6525384205996756
140.03434500459826,4.395663770430164
140.04221608239067,1.3447328726494987
140.05008716018307,1.9653063954815828
140.05795823797544,8.1246704524021
140.06582931576784,4.004258005789789
140.07370039356024,1.2821865053110353
140.08157147135265,4.082832245910453
140.08944254914505,0.08347723863873409
140.09731362693745,0.021174424761757946
140.10518470472985,1.992408210700762
140.11305578252225,0.49926597698266045
140.12092686031465,4.212196410278893
140.12879793810706,1.4278707802774722
140.13666901589946,1.1600517302807583
140.14454009369186,0.4370710939260995
140.15241117148426,0.3159006678858398
140.16028224927666,2.228091903959773
140.16815332706906,2.1567625649732625
140.1760244048615,5.104109908577638
140.18389548265387,1.7534553210812573
140.19176656044627,3.6467242655279115
140.19963763823867,4.311282091951226
140.20750871603107,5.6665041288733775
140.21537979382347,3.8484353081730625
140.22325087161587,0.3981816926398698
140.23112194940828,0.23680250399561337
140.23899302720068,0.060066855341226626
140.24686410499308,0.4782024001459471
140.25473518278548,1.050899900997392
140.26260626057788,1.7242060604478002
140.27047733837026,0.7770263869466412
140.27834841616266,3.3176503796828265
140.28621949395506,0.7982104790194348
140.29409057174746,1.8116345302980454
140.30196164953986,2.157615765961197
140.30983272733226,0.04305239969867159
140.3177038051247,1.0622316741751885
140.32557488291707,6.168012235918469
140.33344596070947,5.647966876548103
140.34131703850187,6.021402337015265
140.34918811629427,0.8528962407280437
140.35705919408667,0.6160036162641338
140.36493027187908,7.0208587484925
140.37280134967148,11.787958460847484
140.38067242746388,17.442864760241683
140.38854350525628,4.605265619645209
140.39641458304868,7.196957407595556
140.40428566084108,10.915398711662574
140.41215673863348,0.35701757831322334
140.4200278164259,1.3555856421050099
140.4278988942183,1.6414109494997293
140.4357699720107,0.5411719612602222
140.4436410498031,0.6523618366910894
140.4515121275955,10.444273214999095
140.4593832053879,0.6977603105964651
140.4672542831803,0.2132626639587875
140.4751253609727,0.9296172588874545
140.4829964387651,1.382919458351993
140.49086751655747,0.897603324987047
140.49873859434987,0.5919682308532175
140.50660967214228,0.20518839292830918
140.51448074993468,0.5230033120618243
140.52235182772708,1.4882725289795513
140.53022290551948,2.819464270402974
140.53809398331188,1.1772341810345222
140.54596506110428,0.6811888939171646
140.55383613889668,2.1060577994296095
140.5617072166891,1.4650418231627658
140.5695782944815,0.604890128610264
140.5774493722739,1.174186192269696
140.5853204500663,1.8731852755875966
140.5931915278587,1.7873544392547585
140.6010626056511,1.5037700256487223
140.6089336834435,1.9895826343449143
140.6168047612359,0.5832056622418937
140.6246758390283,0.6182396845821159
140.6325469168207,0.031339820574929816
140.6404179946131,0.18602351970863404
140.6482890724055,1.495048594802604
140.6561601501979,0.009857671479072933
140.6640312279903,0.29332247732285355
140.6719023057827,0.8778114763145225
140.6797733835751,0.3491586096216693
140.6876444613675,1.9038343106512507
140.6955155391599,2.297718714716678
140.7033866169523,1.75575513313421
140.7112576947447,0.5326165958298815
140.7191287725371,0.06833761099809385
140.7269998503295,1.2469271262057735
140.7348709281219,1.041130951029694
140.7427420059143,0.12850123184144457
140.7506130837067,0.12752368069937928
140.7584841614991,2.146808678337814
140.7663552392915,1.6358322090739297
140.7742263170839,0.15023071374032576
140.7820973948763,0.44584005211744854
140.7899684726687,1.071309447844593
140.7978395504611,2.4752896943008245
140.8057106282535,0.7079273385887399
140.8135817060459,0.14002431646124816
140.8214527838383,0.6906428203097511
140.8293238616307,1.8660275279874927
140.8371949394231,1.5953899629754507
140.84506601721552,9.393397904124232
140.85293709500792,3.3374309582471717
140.86080817280032,4.750353251678192
140.86867925059272,4.473906640862164
140.87655032838512,2.064536397862275
140.88442140617752,5.074427718550588
140.89229248396992,1.156964307039804
140.90016356176233,1.1998725182507213
140.90803463955473,0.9949059198292317
140.91590571734713,0.584462312282472
140.9237767951395,1.757325535691385
140.9316478729319,0.8350952901484194
140.9395189507243,0.20217851961486943
140.9473900285167,3.0296462229927745
140.9552611063091,3.8327726758236893
140.9631321841015,1.3730891113149202
140.9710032618939,0.5525994273785116
140.9788743396863,1.8506658670010805
140.98674541747872,0.15632450842739018
140.99461649527112,2.900553144455193
141.00248757306352,0.46777587730675496
141.01035865085592,6.207115192289967
141.01822972864832,0.5014911631391938
141.02610080644072,3.139484711229487
141.03397188423313,1.5821190611975555
141.04184296202553,0.459301061287811
141.04971403981793,0.10517015293548015
141.05758511761033,2.983019463546365
141.06545619540273,0.7862023364700229
141.07332727319513,0.3187396031937097
141.0811983509875,0.7498791329895372
141.08906942877994,0.3683062835022696
141.09694050657234,0.36612322667968067
141.10481158436474,1.4384707853198586
141.11268266215714,1.2387217579122762
141.12055373994954,0.9536062324125456
141.12842481774194,0.32630216667274353
141.13629589553432,0.722269313580831
141.14416697332672,0.16684668801186398
141.15203805111912,2.4158710984340317
141.15990912891152,0.029771310804466555
141.16778020670392,0.813519158634515
141.17565128449633,0.2271140453214031
141.18352236228873,0.10346278217797762
141.19139344008113,1.1599000453217974
141.19926451787353,0.45259503757735725
141.20713559566593,1.1666807057009883
141.21500667345833,1.9209860533834207
141.2228777512507,0.09041259569535208
141.23074882904314,0.5311032700341027
141.23861990683554,3.4199957389977755
141.24649098462794,0.2564569582006321
141.25436206242034,4.538256674864029
141.26223314021274,0.9441482475758434
141.27010421800514,1.976832823861641
141.27797529579755,1.138017126454782
141.28584637358995,2.830450810852917
141.29371745138235,0.9320808070839234
141.30158852917475,6.057069835819346
141.30945960696715,0.09114436977710005
141.31733068475955,3.7966718468309346
141.32520176255196,1.8634761929670614
141.33307284034436,1.5534126874395908
141.34094391813676,14.285241821897205
141.34881499592913,41.256659228344866
141.35668607372153,4.287524708376202
141.36455715151394,4.942203768520359
141.37242822930634,0.1255053090053
141.38029930709874,0.8219333817254849
141.38817038489114,1.7013959332660318
141.39604146268354,0.22110043029567225
141.40391254047594,2.4450417299950766
141.41178361826834,0.6817380760829552
141.41965469606075,1.4284993580306533
141.42752577385315,0.3621561650166303
141.43539685164555,0.12353707582611606
141.44326792943795,0.23916365550922272
141.45113900723035,5.912772101203302
141.45901008502275,0.6888452587290311
141.46688116281516,1.4422905765409642
141.47475224060756,2.4889044324963385
141.48262331839996,0.6390263189173274
141.49049439619236,0.29972457172303935
141.49836547398476,0.28755657970897275
141.50623655177716,0.2543675265654583
141.51410762956957,0.9611250067175626
141.52197870736197,0.20859787380625439
141.52984978515437,0.20632027311548015
141.53772086294677,0.3522145810953266
141.54559194073917,0.16840368183077412
141.55346301853157,1.0543335047517393
141.56133409632398,0.5783767272256348
141.56920517411635,0.7984256542990862
141.57707625190875,0.7469723150585259
141.58494732970115,0.9721698195639369
141.59281840749355,0.1356311640730345
141.60068948528595,1.1099630218374796
141.60856056307836,2.0263087945975706
141.61643164087076,0.3610407079843681
141.62430271866316,0.4564971417749614
141.63217379645556,1.2536425844039878
141.64004487424796,0.42496821513180427
141.64791595204036,0.32848146835781356
141.65578702983277,0.3534326212099847
141.66365810762517,0.25130701961109864
141.67152918541757,0.37264858773155995
141.67940026320997,1.9527246931289086
141.68727134100237,0.15846483141280407
141.69514241879477,0.6987803859762348
141.70301349658718,1.1322276094440236
141.71088457437958,0.021975713299121385
141.71875565217198,0.49547213087775555
141.72662672996438,0.4404313008497776
141.73449780775678,0.030675169665957035
141.74236888554918,1.3367046726078997
141.75023996334158,1.431901082638123
141.758111041134,2.0099283360712437
141.7659821189264,1.0158178906277888
141.7738531967188,0.06798636221725206
141.78172427451116,0.22146551990334787
141.78959535230356,1.7089442542629634
141.79746643009597,0.7549023894300635
141.80533750788837,0.704712524672925
141.81320858568077,1.2335967329754207
141.82107966347317,2.7173004195392685
141.82895074126557,0.20069312006358564
141.83682181905797,2.4682172070411004
141.84469289685038,0.8045371416203488
141.85256397464278,0.10329109234044287
141.86043505243518,14.822254236302316
141.86830613022758,4.189478121251391
141.87617720801998,1.2076957951619973
141.88404828581238,4.95085268136178
141.8919193636048,1.2332915585928554
141.8997904413972,1.6075282873011716
141.9076615191896,0.8680514387402989
141.915532596982,0.5412771849220395
141.9234036747744,1.2856689711140104
141.9312747525668,0.7923161508869335
141.9391458303592,0.7850424425029275
141.9470169081516,1.6741313674734744
141.954887985944,0.14859963368260376
141.9627590637364,1.7692949290158602
141.9706301415288,1.1194384032059028
141.9785012193212,0.426705708048652
141.9863722971136,2.9255533967511393
141.99424337490598,0.975128812502081
142.00211445269838,1.5512867121672216
142.00998553049078,1.1959072986021657
142.01785660828318,0.23228619963003813
142.02572768607558,0.8966664435348122
142.033598763868,0.16894188283472067
142.0414698416604,0.17202274955980948
142.0493409194528,0.2156438593011912
142.0572119972452,0.7085893777024183
142.0650830750376,0.12079470100133918
142.07295415283,0.23960470761036534
142.0808252306224,1.6575639949492331
142.0886963084148,0.07634171881426148
142.0965673862072,0.27404747990102585
142.1044384639996,0.4043796500262393
142.112309541792,0.0015173879479158895
142.1201806195844,0.12359589232179159
142.1280516973768,0.3511497536931485
142.1359227751692,0.5668929159326398
142.1437938529616,0.7373746403634024
142.151664930754,0.5279682324456008
142.1595360085464,0.35103206641020374
142.1674070863388,3.625333495765453
142.1752781641312,0.49522251324042293
142.18314924192362,0.0043896592523585635
142.19102031971602,1.1272923656878249
142.19889139750842,1.6536475219936406
142.20676247530082,0.48593096723087537
142.2146335530932,1.967285561198727
142.2225046308856,0.4523714591390978
142.230375708678,0.9742289218572632
142.2382467864704,1.9799802512642422
142.2461178642628,1.1606558303221102
142.2539889420552,0.86016023016691
142.2618600198476,0.22031983350431258
142.26973109764,0.6951934965761375
142.2776021754324,0.8081777489653792
142.2854732532248,0.7954215578265741
142.2933443310172,0.003038981232530712
142.3012154088096,0.1797113088691479
142.309086486602,1.4508939659244457
142.3169575643944,0.7819084485440458
142.32482864218682,1.455220003468177
142.33269971997922,0.14492536972821712
142.34057079777162,2.928247590332209
142.34844187556402,1.2655245759059126
142.35631295335642,1.3702260666415167
142.36418403114882,1.8231734313937538
142.37205510894125,3.7012675272261295
142.37992618673363,3.1716332572248938
142.38779726452603,1.7487951447028487
142.39566834231843,0.9155390707491853
142.40353942011083,0.2178949519363832
142.41141049790323,0.8782408325968496
142.41928157569563,1.7585816950963797
142.427152653488,1.9823381038345838
142.4350237312804,4.693516096730476
142.4428948090728,0.8050878820652813
142.4507658868652,3.278518960194136
142.4586369646576,0.9843837068019691
142.46650804245002,0.7920058484458483
142.47437912024242,0.4386708623281136
142.48225019803482,1.658996280979822
142.49012127582722,1.239793607526486
142.49799235361962,0.18659460072899442
142.50586343141202,1.299693194843286
142.51373450920445,0.1441925722613961
142.52160558699683,1.1678003850858167
142.52947666478923,1.3119558593274745
142.53734774258163,0.25716603392346654
142.54521882037403,0.5345468020012415
142.55308989816643,1.1529097660235552
142.56096097595884,0.8861749667120719
142.56883205375124,0.27428756455273723
142.57670313154364,0.6118748602307743
142.58457420933604,0.9738276879276908
142.59244528712844,0.5672877215016026
142.60031636492084,1.8492419230118893
142.60818744271324,0.24101274048168445
142.61605852050565,2.609295823554257
142.62392959829805,4.179547484080616
142.63180067609045,0.4697479565402848
142.63967175388282,0.8359207701980179
142.64754283167522,1.334283982905741
142.65541390946763,0.9828877152554852
142.66328498726003,0.13299725433608758
142.67115606505243,0.8658230639590185
142.67902714284483,0.3162238315429499
142.68689822063723,1.0334980485106673
142.69476929842963,0.19384519326261265
142.70264037622204,0.10142309848217444
142.71051145401444,0.07002107182777666
142.71838253180684,0.02942943717331522
142.72625360959924,0.5891294865679161
142.73412468739164,0.22244247459620467
142.74199576518404,0.800791371687238
142.74986684297645,0.26393288438045964
142.75773792076885,0.3783177833754895
142.76560899856125,1.5468031864746967
142.77348007635365,1.2788406242511472
142.78135115414605,1.9153455639739072
142.78922223193845,0.8719864898118264
142.79709330973083,0.20187997603127492
142.80496438752326,0.5377350048294782
142.81283546531566,0.3934334871903326
142.82070654310806,4.947805835839913
142.82857762090046,5.380087012494063
142.83644869869286,0.3805150884136621
142.84431977648526,0.6003962024041704
142.8521908542777,0.12093825514440172
142.86006193207004,0.5791785312064732
142.86793300986244,0.7225005023057849
142.87580408765484,1.945631207124767
142.88367516544724,0.0964128031138317
142.89154624323965,0.4623931476756764
142.89941732103205,0.7899436125583157
142.90728839882445,1.9998811504945884
142.91515947661685,3.893737459173528
142.92303055440925,5.346996547519459
142.93090163220165,10.465388144501734
142.93877270999403,46.694315584612
142.94664378778646,2.6359231881854286
142.95451486557886,0.3872203064179213
142.96238594337126,2.3349667994993455
142.97025702116366,0.735552637203502
142.97812809895606,2.317105912472011
142.98599917674846,0.4961753460707336
142.99387025454087,0.9996591362268625
143.00174133233327,0.7265228314006307
143.00961241012567,1.5783261117092495
143.01748348791807,1.7062392195516303
143.02535456571047,2.8339118816615207
143.03322564350287,2.0636446652158997
143.04109672129528,1.1577462932534708
143.04896779908768,5.669339955936896
143.05683887688008,0.5767991326704499
143.06470995467248,0.8578782079785555
143.07258103246485,0.5876183015604486
143.08045211025726,1.2732579264194277
143.08832318804966,1.2321828515933573
143.09619426584206,0.15948689530360793
143.10406534363446,1.6456043822902027
143.11193642142686,0.43405009657738164
143.11980749921926,2.962005160953081
143.12767857701166,0.6193435328444221
143.13554965480407,0.11534705165489739
143.14342073259647,0.014814294462465061
143.15129181038887,1.3268254316550325
143.15916288818127,0.1322511720340974
143.16703396597367,1.1088827834981059
143.17490504376607,0.31193526174760705
143.18277612155848,0.9363669790813517
143.19064719935088,1.146591881860364
143.19851827714328,0.3749411455570778
143.20638935493568,0.6043932320179527
143.21426043272808,0.971123718686131
143.22213151052048,1.5551466005504135
143.23000258831289,2.160079068588683
143.2378736661053,0.051515516457777105
143.2457447438977,1.9002531855596876
143.2536158216901,0.4045918272283398
143.2614868994825,0.8681420066135852
143.2693579772749,0.22683850388158422
143.2772290550673,3.250689408876995
143.28510013285967,1.0868049041615564
143.29297121065207,0.9683715681314355
143.30084228844447,0.7711164292279375
143.30871336623687,0.4166836330841161
143.31658444402927,5.353915199597804
143.32445552182168,1.7752133789183007
143.33232659961408,3.820959235904925
143.34019767740648,0.0513682623410958
143.34806875519888,0.24187443297459105
143.35593983299128,1.6871835563960529
143.36381091078368,5.633420135953989
143.37168198857609,2.439913064228314
143.3795530663685,0.2391314058804443
143.3874241441609,2.0121059435962816
143.3952952219533,1.688041725414579
143.4031662997457,9.029435523314616
143.4110373775381,0.5268902299760081
143.4189084553305,0.7278954071996677
143.4267795331229,0.4010743189880418
143.4346506109153,0.46728374014960666
143.4425216887077,0.06270801257639544
143.4503927665001,0.05040097645050234
143.4582638442925,0.7644765097657975
143.4661349220849,1.8441071918721261
143.4740059998773,0.6378992924581534
143.4818770776697,2.664267513625924
143.4897481554621,5.303062567306208
143.4976192332545,0.06734024012444025
143.50549031104688,0.39443780668038825
143.5133613888393,0.23460377690802606
143.5212324666317,3.358789380227127
143.5291035444241,0.6845112218580628
143.5369746222165,3.7595463322431604
143.5448457000089,3.491492140989117
143.5527167778013,3.0052942052934064
143.5605878555937,1.500562536385868
143.5684589333861,1.5530212713471194
143.5763300111785,1.0096743957838645
143.5842010889709,1.488054611234683
143.5920721667633,2.338371973965347
143.5999432445557,7.402253581367469
143.6078143223481,0.8388548839897424
143.6156854001405,11.533079518501086
143.6235564779329,7.612457933299876
143.6314275557253,5.560219558557964
143.6392986335177,3.0423022702194036
143.6471697113101,0.7530070659762313
143.65504078910251,13.532580503215105
143.66291186689492,1.8435861626036985
143.67078294468732,3.408018669727923
143.67865402247972,3.2371374961576045
143.68652510027212,31.341429418079006
143.69439617806452,4.285655449682758
143.70226725585692,23.840921147082025
143.71013833364933,30.05136930377156
143.7180094114417,7.568033887863581
143.7258804892341,73.52970611870788
143.7337515670265,133.10644553085385
143.7416226448189,3.290724834596269
143.7494937226113,77.87077684829251
143.7573648004037,14.831828175812225
143.7652358781961,220.68902568402316
143.7731069559885,3.991821746546939
143.7809780337809,25.214998882383977
143.7888491115733,1.420119374601216
143.79672018936571,16.660248549371687
143.80459126715812,3.2694362453766126
143.81246234495052,7.651922983154249
143.82033342274292,1.0262602661783613
143.82820450053532,10.744010243727722
143.83607557832772,6.606991103371596
143.84394665612012,3.2189377289692223
143.85181773391253,5.752089632333643
143.85968881170493,2.5738514315126673
143.86755988949733,9.920668759160982
143.87543096728973,3.3489020617131113
143.88330204508213,18.412592436525678
143.89117312287453,1.0625217714503028
143.89904420066694,5.126768974060312
143.90691527845934,0.45193292574215166
143.91478635625174,0.8500881165482997
143.92265743404414,2.737129271234826
143.9305285118365,0.8035393945359596
143.93839958962892,0.34346404598363045
143.94627066742132,1.3828232446943696
143.95414174521372,3.2441492934508314
143.96201282300612,3.2677113062944243
143.96988390079852,0.5043926151864845
143.97775497859092,0.8977789422797041
143.98562605638332,1.9611013251700167
143.99349713417573,3.8359218333068528
144.00136821196813,0.9838092152586505
144.00923928976053,1.2510435011108068
144.01711036755293,0.9395547506270988
144.02498144534533,2.803699271342222
144.03285252313773,2.4105719227260094
144.04072360093014,8.241510164097097
144.04859467872254,6.660381987784118
144.05646575651494,5.318849666312508
144.06433683430734,0.04400551696190745
144.07220791209974,10.909392560600656
144.08007898989214,1.8974627648705695
144.08795006768457,2.3742624988984566
144.09582114547695,2.3421567440020064
144.10369222326935,3.045582739867733
144.11156330106175,1.6342872720260335
144.11943437885415,8.844045425486371
144.12730545664655,3.0329356375608083
144.13517653443895,0.5778751919812695
144.14304761223136,0.27499536574945505
144.15091869002373,5.861031791264879
144.15878976781613,10.611608119536958
144.16666084560853,2.9640596577592966
144.1745319234009,1.1359726230628364
144.18240300119334,15.678390782800834
144.19027407898574,1.393796152310024
144.19814515677814,1.891811883499689
144.20601623457054,0.7454707967669418
144.21388731236294,1.5363546477458911
144.22175839015534,0.09844974814075057
144.22962946794777,0.39354946193088297
144.23750054574015,1.0340955358051702
144.24537162353255,1.0625441590230111
144.25324270132495,1.484480468031989
144.26111377911735,0.802845932420308
144.26898485690975,0.09350567699589354
144.27685593470216,0.10922257641416802
144.28472701249456,0.7443007725814484
144.29259809028696,1.817847645295843
144.30046916807936,1.193142665055956
144.30834024587176,0.03270881025667451
144.31621132366416,1.935420916905881
144.32408240145656,1.1657262928196408
144.33195347924897,0.4996580713275008
144.33982455704137,3.178760333805339
144.34769563483377,1.020281880167881
144.35556671262617,2.8700388952542957
144.36343779041854,1.1298147679165451
144.37130886821097,0.6788016343038211
144.37917994600335,1.011276835094754
144.38705102379575,0.561485779765912
144.39492210158815,0.2990402440400585
144.40279317938055,0.008372983023011442
144.41066425717295,0.8298925936153799
144.41853533496536,0.24448013384569786
144.42640641275776,0.21092927794772248
144.43427749055016,0.5459346754706484
144.44214856834256,1.0698830319188481
144.45001964613496,0.8222440733124003
144.45789072392736,2.445078962114229
144.46576180171976,1.2942316195938475
144.47363287951217,1.8018750652002504
144.48150395730457,1.8360198361943678
144.48937503509697,0.0972595859948586
144.49724611288937,0.3199428773561126
144.50511719068177,1.8966329178997616
144.51298826847415,1.7032169615760484
144.52085934626658,0.5809332894366632
144.52873042405898,0.16681850011467975
144.53660150185138,1.349378794563862
144.54447257964378,1.5473457617343267
144.55234365743618,0.8640656669479477
144.56021473522858,0.3455344725454937
144.568085813021,0.08404878978794506
144.5759568908134,0.9034044311718675
144.58382796860576,0.9057671387467556
144.59169904639816,0.6395407716242015
144.59957012419056,2.0973435929739783
144.60744120198297,1.0234214606333052
144.61531227977537,2.423013540782899
144.62318335756777,0.5964050237691008
144.63105443536017,1.8766516377795601
144.63892551315257,0.7278122549076748
144.64679659094497,0.3184531110311188
144.65466766873735,0.3799684390959846
144.66253874652978,2.084199518535431
144.67040982432218,0.48478398919380883
144.67828090211458,0.7658918344677794
144.68615197990698,0.7929532807150195
144.69402305769938,0.43364470149689516
144.70189413549178,0.48022959509420365
144.7097652132842,0.32258842259419757
144.7176362910766,0.3792159635921498
144.725507368869,1.015451464606283
144.7333784466614,0.6375043462662809
144.7412495244538,0.4360831134820689
144.7491206022462,1.0461124874925818
144.7569916800386,0.8008898885242294
144.764862757831,0.533704038794718
144.7727338356234,0.0020634341891453793
144.7806049134158,1.9128939943411833
144.7884759912082,0.31503954490722397
144.79634706900055,0.9671323267859714
144.80421814679298,1.8341485912738822
144.81208922458538,0.4756631203709021
144.81996030237778,1.2591383894420787
144.82783138017018,0.7952710246334213
144.83570245796258,1.465824128932393
144.84357353575498,0.21058908145972247
144.8514446135474,0.2976038224597668
144.8593156913398,1.040720726687883
144.8671867691322,1.9581022268704815
144.8750578469246,1.5493656516428578
144.882928924717,4.293330888817104
144.8908000025094,0.41031006309092033
144.8986710803018,0.6776121390226633
144.9065421580942,1.6163420357556662
144.9144132358866,0.17179585224738989
144.922284313679,1.656869754555745
144.9301553914714,0.16433219382120695
144.9380264692638,1.015043824665389
144.9458975470562,2.4198388524222807
144.9537686248486,0.4284777416490712
144.961639702641,1.2063134870209682
144.9695107804334,0.4894372695380856
144.9773818582258,1.2681169197429776
144.9852529360182,6.97521342259852
144.9931240138106,0.6761038105512115
145.00099509160302,0.7829925801947749
145.0088661693954,0.9280299984292906
145.0167372471878,3.4073547366507473
145.0246083249802,1.9388798589524838
145.0324794027726,1.1755943609675452
145.040350480565,0.46219690996320323
145.0482215583574,0.45203761776354173
145.0560926361498,0.8595135401421937
145.0639637139422,2.7104552373465927
145.0718347917346,0.8103947507726545
145.079705869527,0.745472183151777
145.0875769473194,1.1222502556104201
145.0954480251118,1.916420048137993
145.1033191029042,2.7614223300515213
145.1111901806966,4.05060938192845
145.119061258489,0.20349278403292625
145.1269323362814,0.70536891601781
145.13480341407382,9.887428489424694
145.14267449186622,3.18804264456167
145.15054556965862,5.550181148597182
145.15841664745102,0.9825870976380767
145.16628772524342,0.6323084095379247
145.17415880303582,0.602057782703585
145.18202988082822,4.708217528756475
145.18990095862063,2.2152513600502446
145.19777203641303,0.30354584043852145
145.20564311420543,1.7149165805181117
145.21351419199783,1.1827133624114767
145.22138526979023,0.6638484169792039
145.2292563475826,1.27477694782556
145.237127425375,0.7711245675543597
145.2449985031674,0.9757571701433492
145.2528695809598,5.695019282470018
145.2607406587522,0.21637929857951693
145.2686117365446,0.3256178867080599
145.27648281433702,5.551855687805747
145.28435389212942,3.198553816334119
145.29222496992182,2.7400647378050933
145.30009604771422,1.1637242066156304
145.30796712550662,0.6982641380373824
145.31583820329902,2.104757909018875
145.32370928109142,0.808392845781866
145.33158035888383,2.7241744612860557
145.33945143667623,1.4076743110853438
145.34732251446863,3.4633551867182253
145.35519359226103,16.831582156092423
145.36306467005343,5.617526087423106
145.37093574784583,4.464101082516469
145.37880682563824,2.951241125876758
145.38667790343064,2.8107296187053454
145.39454898122304,9.463529723187344
145.40242005901544,6.255170885088559
145.41029113680784,6.6688538327401625
145.41816221460024,10.321394172070551
145.42603329239265,1.661555950679894
145.43390437018505,26.779236620983962
145.44177544797742,10.848026810072255
145.44964652576982,3.4650087968903582
145.45751760356222,1.668214662039711
145.46538868135465,29.429875866822243
145.47325975914703,23.73204078270016
145.48113083693943,37.131565770788804
145.48900191473183,73.9890150399969
145.49687299252423,99.02180301201578
145.50474407031663,24.471925139281034
145.51261514810903,17.135625424806513
145.52048622590144,35.975241344088005
145.52835730369384,43.33617922580431
145.53622838148624,84.56119863052409
145.54409945927864,41.24248889997054
145.55197053707104,15.681422716632753
145.55984161486344,5.896339726748279
145.56771269265585,276.03163701983453
145.57558377044825,6.490395389102018
145.58345484824065,44.57940539853249
145.59132592603305,5.265284065570628
145.59919700382545,53.497005788463554
145.60706808161785,33.8787708688658
145.61493915941026,6.0366001276819485
145.62281023720266,0.4870771149065884
145.63068131499506,7.854265313240464
145.63855239278746,3.7293278892248676
145.64642347057986,14.793934867791364
145.65429454837223,5.918432607452947
145.66216562616464,3.8378880778929334
145.67003670395704,11.226646247974942
145.67790778174944,15.35951009616649
145.68577885954184,3.379094411116695
145.69364993733424,0.043758206376041726
145.70152101512664,1.5815970972161355
145.70939209291905,0.4420491809999764
145.71726317071145,12.590812535782582
145.72513424850385,10.521578866355567
145.73300532629625,0.32580013485798026
145.74087640408865,7.645330833817268
145.74874748188105,1.5687256961156122
145.75661855967346,4.833100252625884
145.76448963746586,0.869152226979257
145.77236071525826,0.5824007443859622
145.78023179305066,9.112389798988495
145.78810287084306,0.2594658987088437
145.79597394863546,4.614820293229561
145.8038450264279,12.054670326857284
145.81171610422027,1.640235035489631
145.81958718201267,1.4978476078774143
145.82745825980507,4.174935742704396
145.83532933759747,1.7531903398021311
145.84320041538987,3.8300504813579836
145.85107149318227,9.390572171029515
145.85894257097468,2.458467306743709
145.86681364876708,2.5505517621580793
145.87468472655945,0.6281292792167965
145.88255580435185,0.7795010934293592
145.89042688214423,1.7931920937498453
145.89829795993666,5.038660648653413
145.90616903772906,1.080890390041233
145.91404011552146,3.3250410677901163
145.92191119331386,1.1310342059696525
145.92978227110626,0.9102892147066804
145.93765334889866,1.0200629174839035
145.9455244266911,1.5219661106703557
145.95339550448347,1.2605977957328984
145.96126658227587,2.9528062925449596
145.96913766006827,1.0923863163886018
145.97700873786067,0.10776710268221389
145.98487981565307,0.8547557192097871
145.99275089344547,0.6734018870484475
146.00062197123788,2.00194473624307
146.00849304903028,0.41392890047381387
146.01636412682268,0.29964719752071156
146.02423520461508,0.07197749373423153
146.03210628240748,0.3846649425804836
146.03997736019988,0.8875879846694299
146.0478484379923,1.615359733027471
146.0557195157847,0.2606022235909651
146.0635905935771,0.3418308397997937
146.0714616713695,2.533950469973795
146.0793327491619,0.6340026655811367
146.0872038269543,0.8021746586787647
146.09507490474667,0.7966506023038883
146.10294598253907,0.04096501344031639
146.11081706033147,1.214218354028507
146.11868813812387,0.4997597302737187
146.12655921591627,0.16969532779413374
146.13443029370868,0.8724877764823914
146.14230137150108,0.21517850079295775
146.15017244929348,0.628789605988306
146.15804352708588,2.578326566476544
146.16591460487828,0.012150495764151422
146.17378568267068,0.275942660570683
146.18165676046308,0.09503932827122942
146.1895278382555,4.6722375055189165
146.1973989160479,0.3635383328155435
146.2052699938403,0.22468911598200425
146.2131410716327,0.14426904182753053
146.2210121494251,2.538714615992358
146.2288832272175,0.5969555739212004
146.2367543050099,1.336178468469115
146.2446253828023,0.2235637317665297
146.2524964605947,1.2949047618650515
146.2603675383871,0.8601392481547062
146.2682386161795,4.591243708154006
146.2761096939719,3.049889628860104
146.2839807717643,1.3349208542531557
146.2918518495567,3.6466322742496953
146.29972292734908,3.6209573531117734
146.30759400514148,6.098224611631124
146.31546508293388,10.315184701187842
146.32333616072629,0.5672780986931291
146.3312072385187,1.9103218045380688
146.3390783163111,0.5810461272353625
146.3469493941035,3.5490666892141722
146.3548204718959,2.395888313206105
146.3626915496883,1.1207111953660267
146.3705626274807,0.1698587470954801
146.3784337052731,3.2304204853520213
146.3863047830655,0.07260083182615616
146.3941758608579,0.29672703909214615
146.4020469386503,0.6122541836913239
146.4099180164427,0.7868537012211506
146.4177890942351,0.10015271690958805
146.4256601720275,0.21694870850795603
146.4335312498199,0.8867996624113097
146.4414023276123,0.3627551203506998
146.4492734054047,0.21674631176068304
146.4571444831971,0.869549168172421
146.4650155609895,0.588373646420123
146.47288663878192,1.2812056825212832
146.48075771657432,0.31068238351654215
146.48862879436672,0.229769019467552
146.49649987215912,0.6849183998623914
146.50437094995152,2.0932444284918525
146.51224202774392,0.014036089346548836
146.5201131055363,0.732002456466521
146.5279841833287,0.2361983134105643
146.5358552611211,0.7495178503859332
146.5437263389135,0.23521247302298917
146.5515974167059,2.0947331769405784
146.5594684944983,0.1760564050136369
146.5673395722907,0.7765498055883436
146.5752106500831,0.06972600256900342
146.5830817278755,0.7601209072837496
146.5909528056679,0.07090226277355671
146.5988238834603,0.2988918459509735
146.6066949612527,0.08365431676293764
146.61456603904512,0.30155348780987895
146.62243711683752,0.03674407130994288
146.63030819462992,0.17651734142457412
146.63817927242232,1.339230447238557
146.64605035021472,0.17833933528062992
146.65392142800712,0.7555750989327832
146.66179250579953,1.220117664216854
146.66966358359193,0.3580481912183398
146.67753466138433,0.6126748831048173
146.68540573917673,0.3640970608978408
146.69327681696913,0.32492213462718056
146.70114789476153,0.11335175675705943
146.7090189725539,1.0440069871943458
146.71689005034634,0.1536322748587335
146.72476112813874,0.6474268775916566
146.7326322059311,0.6216033948706657
146.7405032837235,0.9991299374762469
146.7483743615159,0.7529739610944384
146.75624543930832,0.8172114347866842
146.76411651710072,1.705490197059756
146.77198759489312,0.34756910831071086
146.77985867268552,0.46741683350210755
146.78772975047792,0.30199110534014223
146.79560082827032,1.2432205186730116
146.80347190606273,2.42105711470936
146.81134298385513,2.2416873430216686
146.81921406164753,0.9102125744500338
146.82708513943993,0.46353435926515935
146.83495621723233,2.206853492705103
146.84282729502473,0.42703724885573663
146.8506983728171,0.4543879143032118
146.85856945060954,1.0758990293170083
146.86644052840194,0.5258005480207598
146.87431160619434,0.017969555787199037
146.88218268398674,0.11054351486967437
146.89005376177914,0.31695072961565673
146.89792483957154,0.5638637246048784
146.90579591736395,1.6735231837400557
146.91366699515635,0.564075736405154
146.92153807294875,0.9489770383977918
146.92940915074115,0.447779745549526
146.93728022853355,0.13048380134904658
146.94515130632593,0.22468284207740455
146.95302238411833,0.08884298617735042
146.96089346191073,0.0031359491959836875
146.96876453970313,0.576397892521814
146.97663561749553,0.08622175898492275
146.98450669528793,0.9018048408828473
146.99237777308034,0.8314683706291551
147.00024885087274,1.0607032759203547
147.00811992866514,0.6347070597255449
147.01599100645754,2.0256833241933854
147.02386208424994,0.0780325363036837
147.03173316204234,1.4675115000999563
147.03960423983474,0.19753695758586975
147.04747531762715,1.6934077963546514
147.05534639541955,1.090576125675405
147.06321747321195,0.802538355163676
147.07108855100435,0.31036523923161324
147.07895962879675,1.3245468856201295
147.08683070658915,0.14569072530153476
147.09470178438156,0.9780864442781972
147.10257286217396,0.12219987433698741
147.11044393996636,1.1082321021466588
147.11831501775876,1.9652804056637159
147.12618609555116,0.29231586712196816
147.13405717334356,1.3946934502573682
147.14192825113597,0.28451481042620025
147.14979932892837,1.3866342935148166
147.15767040672077,0.24316559052104997
147.16554148451314,0.7065429950336745
147.17341256230554,0.3364099723617236
147.18128364009794,3.0758768411539883
147.18915471789035,0.06324743023877767
147.19702579568275,1.7663188868442152
147.20489687347515,1.9726922210146447
147.21276795126755,0.02455082209755309
147.22063902905995,2.7075401012622384
147.22851010685235,0.5380087705894115
147.23638118464476,3.48076125526224
147.24425226243716,3.671612326935673
147.25212334022956,3.2715633567537195
147.25999441802196,1.779588065408162
147.26786549581436,0.04757825438450274
147.27573657360676,1.8993724466702993
147.28360765139917,0.001906498135963648
147.29147872919157,1.8725079284169805
147.29934980698397,0.33488476877235124
147.30722088477637,0.17440017782847292
147.31509196256877,0.05684413168421425
147.32296304036117,0.2168894779306861
147.33083411815358,0.6065006034805019
147.33870519594598,0.5215537897592036
147.34657627373838,2.0515961284010302
147.35444735153078,4.0838800253787815
147.36231842932318,0.7894294047280085
147.37018950711558,0.7734263685938375
147.37806058490796,2.794551470205198
147.38593166270036,2.847301467093848
147.39380274049276,2.2288917578586576
147.40167381828516,2.363816065488926
147.40954489607756,1.8896593802003037
147.41741597386996,0.626748448092798
147.42528705166237,0.16649517883941048
147.43315812945477,0.02361893321302274
147.44102920724717,0.4586068312330853
147.44890028503957,1.0740428251053087
147.45677136283197,0.16887643125919152
147.46464244062437,1.0986471580833272
147.47251351841678,2.8353976829925873
147.48038459620918,2.0644988239017907
147.48825567400158,1.514865615886729
147.49612675179398,0.84409075654354
147.50399782958638,0.7896459803337755
147.51186890737878,4.5343814160673155
147.5197399851712,1.370261285912603
147.5276110629636,1.5927063112044342
147.535482140756,1.1989504009584946
147.5433532185484,2.167115064214642
147.5512242963408,0.06837053205727543
147.5590953741332,1.040161077878041
147.5669664519256,0.06802032921293137
147.574837529718,0.889992780290463
147.5827086075104,0.7994135309935919
147.59057968530277,0.09043565295043994
147.59845076309517,0.8749959974865569
147.60632184088757,0.9426174425685034
147.61419291867998,0.7646032572158294
147.62206399647238,0.05725146899314561
147.62993507426478,2.183350483589805
147.63780615205718,0.5764924545793229
147.64567722984958,0.26498710945113796
147.65354830764198,0.29345009126161037
147.6614193854344,0.3177241460865123
147.6692904632268,1.3754722112380502
147.6771615410192,0.27642763630912376
147.6850326188116,0.20401423716360306
147.692903696604,1.1202621804947628
147.7007747743964,0.849737165440972
147.7086458521888,2.033475176687133
147.7165169299812,0.23651239957215994
147.7243880077736,0.27653959835021175
147.732259085566,0.6940028178243596
147.7401301633584,3.1321203293977473
147.7480012411508,3.3860805652952037
147.7558723189432,3.87685688306713
147.7637433967356,2.3949893096967183
147.771614474528,0.08555939439041362
147.7794855523204,0.0452667510573106
147.7873566301128,0.2357263483840619
147.7952277079052,0.865065823756679
147.8030987856976,0.5864166570375484
147.81096986349,0.7797992392839648
147.8188409412824,4.039184206737404
147.8267120190748,0.7250693767754108
147.8345830968672,2.4319110963594173
147.8424541746596,0.6680993390353914
147.850325252452,2.764999282181643
147.8581963302444,5.457347425040233
147.8660674080368,2.361692630323155
147.8739384858292,0.5148946706025529
147.8818095636216,2.1155135869651076
147.889680641414,4.985643951011682
147.8975517192064,0.00023130415147930742
147.9054227969988,0.34638761909691185
147.9132938747912,4.77688660360295
147.9211649525836,6.409409179806007
147.929036030376,2.6054351937685754
147.9369071081684,8.144831197415977
147.9447781859608,7.113602090740071
147.95264926375322,0.34297222892930884
147.96052034154562,0.2311780126251605
147.96839141933802,2.7076389910198
147.97626249713042,2.9948141907918187
147.98413357492282,4.915137308427437
147.99200465271522,1.0344376574966612
147.99987573050765,5.201386958695635
148.00774680830003,3.206614298329519
148.01561788609243,6.517575715415885
148.0234889638848,0.4058388872381185
148.0313600416772,0.0011429308610814658
148.0392311194696,6.016302202838564
148.047102197262,0.9099851879811798
148.0549732750544,4.828857917363301
148.0628443528468,3.0708696936544015
148.0707154306392,0.23295134083311597
148.0785865084316,2.8121758725910886
148.086457586224,1.9597095540791893
148.09432866401642,0.6619008691017984
148.10219974180882,0.36942151259937134
148.11007081960122,0.46881709733147114
148.11794189739362,1.2752946854602258
148.12581297518602,1.4525652329238936
148.13368405297842,2.3632007392876897
148.14155513077085,0.6952687356851166
148.14942620856323,0.2730646594782127
148.15729728635563,0.7429787320403299
148.16516836414803,0.24832928628847842
148.17303944194043,0.8838978300278194
148.18091051973283,0.21123835621035736
148.18878159752524,0.12626787518133742
148.19665267531764,0.03874679242682119
148.20452375311004,0.7307487282231557
148.21239483090244,0.030861457480827793
148.22026590869484,1.0909362160052025
148.22813698648724,0.932543933276848
148.23600806427964,0.33258223307366686
148.24387914207202,0.9939062418181679
148.25175021986442,2.17349628517957
148.25962129765682,0.7971701661196332
148.26749237544922,0.98932568297343
148.27536345324162,0.42685587598921837
148.28323453103403,0.6419336340581004
148.29110560882643,2.4522182467082994
148.29897668661883,0.27640438388207345
148.30684776441123,0.6680214220802831
148.31471884220363,0.17037712405876676
148.32258991999603,1.948705789583081
148.33046099778844,3.109839743517471
148.33833207558084,1.7547096350444624
148.34620315337324,0.12348793441414224
148.35407423116564,0.0908187507990158
148.36194530895804,0.8181879092174672
148.36981638675044,0.19076864265356036
148.37768746454284,0.06447507949536839
148.38555854233525,2.1259200049332563
148.39342962012765,1.9810634210693112
148.40130069792005,0.41789249340801826
148.40917177571245,0.4215934906347762
148.41704285350485,1.008338864920625
148.42491393129723,0.11304955141583269
148.43278500908966,0.4144258075073455
148.44065608688206,2.6279831933769806
148.44852716467446,0.6476667603631657
148.45639824246683,1.8244485637806398
148.46426932025923,2.647059522850451
148.47214039805164,1.8877419538374691
148.48001147584404,0.3446223870107135
148.48788255363644,0.009788904106748892
148.49575363142884,0.8158279880622755
148.50362470922124,1.338995907646331
148.51149578701364,0.8752272264443901
148.51936686480605,0.22156808989545507
148.52723794259845,0.3366153878336051
148.53510902039085,0.4623884083529292
148.54298009818325,0.6145819745265895
148.55085117597565,1.3026047341936873
148.55872225376805,0.1450899807863018
148.56659333156043,2.2254833787200394
148.57446440935286,4.953607556993268
148.58233548714526,3.2640653866665392
148.59020656493766,1.2225539910825187
148.59807764273006,1.854395932800674
148.60594872052246,0.034876412771687
148.61381979831486,1.606823081363299
148.62169087610727,0.36671621759318535
148.62956195389967,0.6790367417955834
148.63743303169207,0.054540227797206166
148.64530410948447,0.6239017399627262
148.65317518727687,0.2644402039628673
148.66104626506927,0.02298954424577336
148.66891734286165,2.144136580857768
148.67678842065405,0.040681605545570924
148.68465949844645,1.465432890601661
148.69253057623885,3.0085767773240164
148.70040165403125,0.42244051022711826
148.70827273182366,0.7727707332207
148.71614380961606,0.1093078310867072
148.72401488740846,0.009609444938157317
148.73188596520086,4.14463580057465
148.73975704299326,2.1423337422736184
148.74762812078566,1.3259696176558993
148.75549919857806,4.235701458584712
148.76337027637047,2.5129546202967923
148.77124135416287,5.103717887225272
148.77911243195527,1.4434560480158463
148.78698350974767,4.401444267706438
148.79485458754007,1.7045683732253818
148.80272566533247,4.3866894797598315
148.81059674312488,0.4582014060179216
148.81846782091728,1.2533759825025872
148.82633889870968,3.6365590533491483
148.83420997650208,0.2513606046687068
148.84208105429448,2.8190720389642934
148.84995213208688,2.923017928281934
148.85782320987929,0.8155247424508201
148.8656942876717,0.1791073553232944
148.8735653654641,0.6373523653541434
148.8814364432565,0.3799525236695185
148.88930752104886,0.3957917298017513
148.89717859884126,1.5171405398744533
148.90504967663367,0.18336455234061994
148.91292075442607,0.33959312089447535
148.92079183221847,0.6480388535544997
148.92866291001087,1.0530796379103704
148.93653398780327,1.4518152732906406
148.94440506559567,1.0990477670395475
148.95227614338808,1.7836401990791908
148.96014722118048,2.664512105031732
148.96801829897288,0.11831088555976627
148.97588937676528,0.036031110380403464
148.98376045455768,0.024139061098891836
148.99163153235008,0.044036356166359016
148.99950261014249,2.478260950039279
149.0073736879349,0.23016611259963812
149.0152447657273,0.01709757261003166
149.0231158435197,0.42901612266549666
149.0309869213121,1.065891937157499
149.0388579991045,0.04927950902701294
149.0467290768969,0.5099006326547619
149.0546001546893,0.1495513131530806
149.0624712324817,0.5727762429785789
149.0703423102741,1.3313557229146133
149.0782133880665,0.4282838192530429
149.0860844658589,0.06904608344614419
149.0939555436513,0.571126396383486
149.10182662144368,0.0975135297147706
149.10969769923608,0.5885359092412384
149.11756877702848,0.2752537714386419
149.12543985482088,0.48283482017288193
149.13331093261328,0.2070164458306793
149.14118201040569,0.21713890167822486
149.1490530881981,0.1098048310457897
149.1569241659905,1.0900373970384958
149.1647952437829,0.0602450666386305
149.1726663215753,0.2574045609946113
149.1805373993677,1.253738590925919
149.1884084771601,0.9207038679296198
149.1962795549525,1.2705152903253722
149.2041506327449,0.20512176760501546
149.2120217105373,1.1647887841694435
149.2198927883297,0.3853571777071606
149.2277638661221,0.9242818780136084
149.2356349439145,0.9554451300349487
149.2435060217069,0.7319135866580637
149.2513770994993,2.208001081589006
149.2592481772917,0.28074331258011065
149.2671192550841,0.42821628353786556
149.2749903328765,0.026761264296338773
149.28286141066891,0.8411621691371793
149.29073248846132,2.4152258879842323
149.29860356625372,5.540040339587385
149.30647464404612,0.36569347899203936
149.3143457218385,0.1835157065673424
149.3222167996309,4.395542188462059
149.3300878774233,0.8382979403399549
149.3379589552157,0.3492608938353215
149.3458300330081,0.973188248184195
149.3537011108005,0.3235795425550773
149.3615721885929,0.46889480035908737
149.3694432663853,0.1646930933425698
149.3773143441777,0.15100972423731285
149.3851854219701,3.121541580614415
149.3930564997625,1.12589306796903
149.4009275775549,0.3704076546859578
149.4087986553473,0.010229628921537193
149.4166697331397,0.9481363268966345
149.42454081093211,1.2185727045119084
149.43241188872452,2.718089112857772
149.44028296651692,0.17942088300397946
149.44815404430932,0.4474123715506806
149.45602512210172,1.1014170752796717
149.46389619989412,0.9858739767380387
149.47176727768652,0.3212072533146835
149.47963835547893,3.107688916201749
149.48750943327133,0.9922271619655759
149.49538051106373,0.1256337449756647
149.50325158885613,0.08255147894034022
149.51112266664853,0.07710733246348145
149.51899374444093,0.030340139645632414
149.52686482223334,0.5240993979984994
149.5347359000257,0.03914323309120005
149.5426069778181,0.09633157748310515
149.5504780556105,0.02244049787960293
149.5583491334029,0.9468692607474438
149.56622021119531,1.1264644721435806
149.57409128898772,1.707187011543121
149.58196236678012,1.9302573244152432
149.58983344457252,1.210132582191136
149.59770452236492,0.675642419416713
149.60557560015732,2.5116515880983523
149.61344667794972,2.326560245007027
149.62131775574213,0.04443209298346558
149.62918883353453,0.419909804076218
149.63705991132693,0.6607859609939397
149.64493098911933,1.8096705952541685
149.65280206691173,0.7297936834473494
149.66067314470413,0.8726833382078376
149.66854422249654,0.33658115116234116
149.67641530028894,0.521042675089236
149.68428637808134,0.8464667398670604
149.69215745587374,0.7996249540397746
149.70002853366614,0.501382868708641
149.70789961145854,0.33889596071983286
149.71577068925097,0.310556650662755
149.72364176704335,0.7682048206216273
149.73151284483575,3.125087475932705
149.73938392262815,2.4403936269775284
149.74725500042052,2.5369815061316237
149.75512607821292,0.28294303123973674
149.76299715600533,2.087659977376242
149.77086823379773,1.7220570574221525
149.77873931159013,1.1235284100048963
149.78661038938253,4.195145010709533
149.79448146717493,7.925471514665518
149.8023525449673,11.962595875629498
149.81022362275974,45.44289275650575
149.81809470055214,0.668458985657068
149.82596577834454,3.2952683017288744
149.83383685613694,0.8585690327836313
149.84170793392934,1.1847376247754402
149.84957901172174,1.483875674499659
149.85745008951417,0.3121571148523371
149.86532116730655,2.0388329599695014
149.87319224509895,0.6063172398401484
149.88106332289135,0.3166714015358018
149.88893440068375,2.402249025347202
149.89680547847615,0.7347568690914947
149.90467655626856,3.3596625279959924
149.91254763406096,0.7216956807574537
149.92041871185336,0.048848357528625805
149.92828978964576,2.7816452515993686
149.93616086743816,3.466719223426752
149.94403194523056,1.8166870158106105
149.95190302302296,0.9554817053602565
149.95977410081534,0.422800394652435
149.96764517860774,0.36497613922340505
149.97551625640014,2.145050784376757
149.98338733419254,1.101624476283576
149.99125841198494,0.0980564012443253
149.99912948977737,1.5302332503583003
150.00700056756975,0.24500934683454118
150.01487164536215,1.3459505433390457
150.02274272315455,0.1522102135988039
150.03061380094695,0.03810177147955269
150.03848487873935,0.44673798164593076
150.04635595653176,1.6292743951946338
150.05422703432416,0.14232432415273544
150.06209811211656,0.8453953202371091
150.06996918990896,1.587509749903913
150.07784026770136,0.5810147559357114
150.08571134549376,1.235276275039068
150.09358242328616,0.3523776345824754
150.10145350107857,0.9032256216947818
150.10932457887097,0.1655493544502837
150.11719565666337,1.4898201189424882
150.12506673445577,1.9077138011400316
150.13293781224817,0.5220886712787688
150.14080889004055,0.9882561095218967
150.14867996783298,0.28576394068694955
150.15655104562538,0.023667875819380506
150.16442212341778,0.06325014614028449
150.17229320121018,1.2519822043348123
150.18016427900255,0.4440486685848018
150.18803535679496,0.39632046310199825
150.19590643458736,0.8661462909185806
150.20377751237976,2.525137941908349
150.21164859017216,3.2625080773111117
150.21951966796456,0.11158631725969247
150.22739074575696,1.3319699945194052
150.23526182354937,1.096053552461958
150.24313290134177,1.2954801073621742
150.25100397913417,1.3651828544735842
150.25887505692657,1.287672286634775
150.26674613471897,1.8597976039806585
150.27461721251137,2.002943749808665
150.28248829030375,0.510757352625
150.29035936809618,0.40806291081460194
150.29823044588858,1.6974610274907833
150.30610152368098,0.4930656160144702
150.31397260147338,1.0026164852966954
150.32184367926578,1.7438329018117384
150.32971475705818,0.44599344123922563
150.3375858348506,0.5149855901194709
150.345456912643,0.07617145823734059
150.3533279904354,1.406710273103971
150.3611990682278,0.7574087327963948
150.3690701460202,0.23672036656874823
150.3769412238126,0.17322934468777143
150.384812301605,0.3578405127675865
150.39268337939737,0.39585387886809037
150.40055445718977,1.4728549506494149
150.40842553498217,0.18871514053117253
150.41629661277457,2.2848162267420578
150.42416769056695,0.6708043604321366
150.43203876835938,0.09249408050152684
150.43990984615178,1.273399569954772
150.44778092394418,0.08810743664984623
150.45565200173658,0.2658296406408324
150.46352307952898,0.22768625549511362
150.47139415732138,0.5561521806468042
150.4792652351138,0.1509579276754755
150.4871363129062,0.05299922884020661
150.4950073906986,0.001064217742217601
150.502878468491,3.556016382924852
150.5107495462834,2.3154502291037677
150.5186206240758,1.014657105596778
150.5264917018682,0.011008549584732739
150.5343627796606,1.6436419131283917
150.542233857453,1.030351652014542
150.5501049352454,0.5986755359445777
150.5579760130378,0.7613126460472743
150.5658470908302,0.13204515974110978
150.5737181686226,1.1950700723553869
150.581589246415,0.13247725774211
150.5894603242074,0.10435253730097742
150.5973314019998,4.395392355691542
150.60520247979218,0.15802903379798675
150.61307355758458,1.1888280642910507
150.620944635377,1.496143045218436
150.6288157131694,0.5119199314648568
150.6366867909618,4.669735593911649
150.6445578687542,0.4225033081444188
150.6524289465466,2.065779629018679
150.660300024339,2.5578805412542636
150.6681711021314,0.09558634620517653
150.6760421799238,1.3337359457700408
150.6839132577162,1.196597529760114
150.6917843355086,1.9944534808376533
150.699655413301,0.3399450288368031
150.7075264910934,0.07196082745255476
150.7153975688858,0.2310802417255153
150.7232686466782,0.44912450582468993
150.7311397244706,3.5454732501173294
150.739010802263,0.3207339120495507
150.7468818800554,0.3433525130324599
150.7547529578478,0.5970865536878475
150.7626240356402,0.027606640569349448
150.77049511343262,1.2568018697230392
150.77836619122502,0.2875311275060282
150.78623726901742,1.9999406451065274
150.79410834680982,1.4536743943283437
150.80197942460222,1.7999167787492352
150.80985050239462,0.801267675463252
150.81772158018703,0.6977890314448623
150.8255926579794,0.10705921299666821
150.8334637357718,1.1787640357020537
150.8413348135642,1.5642026884789006
150.8492058913566,0.4268495926414871
150.857076969149,0.780183348881717
150.8649480469414,0.728672591541634
150.8728191247338,3.2409659955294674
150.8806902025262,1.3302171587089027
150.8885612803186,2.1089534272427044
150.896432358111,0.15639405773751433
150.90430343590342,3.91771010635191
150.91217451369582,3.773198928128118
150.92004559148822,0.24239915688812796
150.92791666928062,2.4047589922438064
150.93578774707302,1.3637709867920846
150.94365882486542,1.7257805084640534
150.95152990265782,2.251110653566143
150.95940098045023,0.28573784528719387
150.96727205824263,7.784852197525633
150.97514313603503,4.240832927493921
150.98301421382743,10.592675868024179
150.99088529161983,0.10313903254986087
150.99875636941223,5.078601195478648
151.00662744720464,4.629379653994133
151.01449852499704,0.4486397036191401
151.02236960278944,5.950431459808549
151.03024068058184,5.550106315174792
151.0381117583742,1.498337479590436
151.04598283616662,0.38476331066821773
151.05385391395902,1.0385276798875627
151.06172499175142,1.237758633406868
151.06959606954382,2.900288579756468
151.07746714733622,0.57432425762539
151.08533822512862,0.047393830824052866
151.09320930292105,6.0921657139855645
151.10108038071343,1.601587238409424
151.10895145850583,1.5925605481131135
151.11682253629823,0.686850130932631
151.12469361409063,0.40906425586624856
151.13256469188303,0.8839268750050412
151.14043576967543,1.1053403923475396
151.14830684746784,2.990531882408809
151.15617792526024,1.9012185454717667
151.16404900305264,0.058081762168497995
151.17192008084504,3.4450370121863645
151.17979115863744,0.23142753948644296
151.18766223642984,0.8708538252807312
151.19553331422225,1.1884798758939588
151.20340439201465,1.9635662230814197
151.21127546980705,0.533624413602545
151.21914654759945,1.1367638600238668
151.22701762539185,0.8583831723566223
151.23488870318425,1.4073611266037207
151.24275978097666,0.10896461887536427
151.25063085876903,2.4096117692383916
151.25850193656143,1.7884354474291646
151.26637301435383,1.4243528839933441
151.27424409214623,9.05120792625419
151.28211516993863,0.07160825728227237
151.28998624773104,1.8205588543550286
151.29785732552344,0.05030832918167128
151.30572840331584,1.2211566886580896
151.31359948110824,5.477547638286562
151.32147055890064,1.6014989539772122
151.32934163669304,1.9081172604321457
151.33721271448545,5.048488130153432
151.34508379227785,1.1169383586850228
151.35295487007025,2.0098113443865744
151.36082594786265,2.5718678038116285
151.36869702565505,6.540402748701405
151.37656810344745,13.159812127547772
151.38443918123986,7.847704435794249
151.39231025903226,29.779929721766578
151.40018133682466,56.70411345661504
151.40805241461706,61.64639769864874
151.41592349240946,65.25148809827093
151.42379457020186,36.759656278981
151.4316656479943,51.50310556315754
151.43953672578667,1.6899720221884884
151.44740780357907,9.648099475093574
151.45527888137147,5.971286673914811
151.46314995916387,0.06887144133915207
151.47102103695624,0.1693270604840447
151.47889211474865,3.3845716363549085
151.48676319254105,1.2601124689693899
151.49463427033345,10.583158297598212
151.50250534812585,4.11756380717297
151.51037642591825,2.8817783560638546
151.51824750371065,0.20914914997785564
151.52611858150306,1.6003324454872587
151.53398965929546,3.321969330667403
151.54186073708786,0.27800685643919454
151.54973181488026,0.6327079984825602
151.55760289267266,0.035225406087986647
151.56547397046506,3.631335553481963
151.5733450482575,1.1093016917934484
151.58121612604987,0.547498698244543
151.58908720384227,1.154454326245736
151.59695828163467,0.031116202452963156
151.60482935942707,1.0831185158320669
151.61270043721947,0.051087344765984755
151.62057151501187,1.3763244056384183
151.62844259280428,0.38120560813760346
151.63631367059668,1.1103080746760745
151.64418474838908,0.031690967201191425
151.65205582618148,2.2892068791488884
151.65992690397388,2.9411784543922304
151.66779798176628,4.416077980044908
151.6756690595587,5.242905945897259
151.68354013735106,2.835567891762242
151.69141121514346,0.6577201245502879
151.69928229293586,2.151094464248083
151.70715337072826,8.784974985260803
151.7150244485207,10.922633763547799
151.72289552631307,0.29417530666392644
151.73076660410547,10.750532580462414
151.73863768189787,13.909342468455167
151.74650875969027,1.3012021146590227
151.75437983748267,20.818750250076977
151.76225091527508,0.7930687282722428
151.77012199306748,40.41582254557256
151.77799307085988,26.98220976742987
151.78586414865228,1.0721565094815897
151.79373522644468,3.887343255994806
151.80160630423708,1.860431237109846
151.80947738202948,7.189515656471362
151.8173484598219,3.659904653905161
151.8252195376143,1.9487251103492793
151.8330906154067,0.5100235834083393
151.8409616931991,3.1864801144940946
151.8488327709915,2.088403666457035
151.8567038487839,2.2948484017968576
151.8645749265763,0.5037894456257822
151.8724460043687,2.0723211148774214
151.8803170821611,0.10684558358604956
151.8881881599535,1.1483693173002374
151.8960592377459,0.02353167185008794
151.90393031553828,4.211320984652579
151.91180139333068,3.4796768226364825
151.91967247112308,1.3423241851226804
151.92754354891548,0.4243538685079123
151.93541462670788,0.3224865975446658
151.94328570450028,0.2836609581300857
151.95115678229268,0.3529872800156705
151.9590278600851,0.44017188390579043
151.9668989378775,0.31373418941101705
151.9747700156699,2.837469817570605
151.9826410934623,4.565917608213685
151.9905121712547,1.7112833160658183
151.9983832490471,0.09423642374683547
152.0062543268395,1.7841379002208546
152.0141254046319,2.145523651804905
152.0219964824243,0.06882501700441461
152.0298675602167,0.22565078344626702
152.0377386380091,1.9082747627921766
152.0456097158015,1.1171977609157502
152.0534807935939,1.3497277222284843
152.0613518713863,1.9608380345314502
152.0692229491787,2.2820911445088705
152.0770940269711,3.825977378762543
152.0849651047635,0.6122835968413584
152.0928361825559,0.9953492240482946
152.10070726034832,0.872087652549247
152.10857833814072,3.6879434312806874
152.1164494159331,0.892692246930782
152.1243204937255,3.8197010355091723
152.1321915715179,8.211232456076214
152.1400626493103,6.451631094541572
152.1479337271027,8.564961138668894
152.1558048048951,0.07443787974710174
152.1636758826875,6.25401196529314
152.1715469604799,56.59440845575477
152.1794180382723,4.165348346170388
152.1872891160647,43.62853457766281
152.1951601938571,1.7877522321524735
152.2030312716495,13.785393634069884
152.2109023494419,12.646911643734997
152.2187734272343,13.785298258358681
152.2266445050267,18.22762332724185
152.2345155828191,4.083360688524601
152.24238666061152,2.969209733251483
152.25025773840392,1.9196417112856934
152.25812881619632,4.934167087482445
152.26599989398872,0.9223300261568748
152.27387097178112,0.8802714238330706
152.28174204957352,0.11709402376248262
152.28961312736593,0.4809940260199159
152.29748420515833,0.3788511622893034
152.30535528295073,1.0608216075787547
152.31322636074313,1.434521457574645
152.32109743853553,2.279762456614528
152.3289685163279,0.33687487962956075
152.3368395941203,9.760514731022392
152.3447106719127,7.772893442268083
152.3525817497051,2.624260658431803
152.3604528274975,5.88641153694452
152.3683239052899,0.024711338578702627
152.3761949830823,21.293733888712353
152.38406606087472,6.744651650479089
152.39193713866712,11.406845835811946
152.39980821645952,6.553418090592618
152.40767929425192,8.110281389429929
152.41555037204432,8.178738227814732
152.42342144983672,3.721154075834831
152.43129252762913,40.578945935508514
152.43916360542153,113.27725392523752
152.44703468321393,60.77437248497045
152.45490576100633,110.141270474848
152.46277683879873,50.134450089121806
152.47064791659113,37.235892849007584
152.4785189943835,87.32666462638412
152.48639007217594,36.11395417100355
152.49426114996834,38.48652637646362
152.50213222776074,28.318857174583297
152.51000330555314,111.32905419941522
152.51787438334554,12.895563880533219
152.52574546113794,5.041503745988537
152.53361653893035,15.167039996549713
152.54148761672275,0.036478594693174875
152.54935869451512,43.21961791012517
152.55722977230752,6.112720382982974
152.56510085009992,21.73445337034384
152.57297192789233,5.318779927681539
152.58084300568473,7.314041430444683
152.58871408347713,1.6726312924807842
152.59658516126953,6.499420733432402
152.60445623906193,1.8322178291793274
152.61232731685433,1.5773966279161784
152.62019839464674,6.066884814794708
152.62806947243914,1.0579251836829375
152.63594055023154,1.5779835457475022
152.64381162802394,0.4179950626326544
152.65168270581634,2.650092484818183
152.65955378360874,6.036304411008375
152.66742486140114,0.624813488932328
152.67529593919355,1.9648701081080797
152.68316701698595,2.524879148388694
152.69103809477835,5.04359845667867
152.69890917257075,0.7377322432684965
152.70678025036315,3.4212113429929456
152.71465132815555,0.3982258897617179
152.72252240594796,1.490058304934062
152.73039348374036,0.5324726550992206
152.73826456153276,0.15200884921420804
152.74613563932516,0.8299414681949111
152.75400671711756,3.1464184832240405
152.76187779490994,1.8790411757446919
152.76974887270234,0.9122031702215191
152.77761995049474,3.7768814069741845
152.78549102828714,9.713775302927996
152.79336210607954,5.292338433275629
152.80123318387194,7.733222695679089
152.80910426166434,1.2503467470209435
152.81697533945675,10.083735722201142
152.82484641724915,2.639927995473919
152.83271749504155,17.354167653590512
152.84058857283395,6.65437951681206
152.84845965062635,5.68986656201144
152.85633072841875,6.91341382937625
152.86420180621116,2.729805880471514
152.87207288400356,0.4272390793915935
152.87994396179596,5.873669362819031
152.88781503958836,0.32996864751140953
152.89568611738076,0.8177735108343462
152.90355719517316,0.04902038107986141
152.91142827296557,2.442843833551544
152.91929935075797,2.5478033677224254
152.92717042855037,1.5762557158822237
152.93504150634277,0.3357236775058731
152.94291258413517,0.13947628225545325
152.95078366192757,1.7008019981623996
152.95865473971998,2.6974145087501995
152.96652581751238,2.0896788234647965
152.97439689530475,0.28532430076798954
152.98226797309715,0.4242381072818203
152.99013905088955,1.0387359098528701
152.99801012868195,0.12392126373637719
153.00588120647436,0.7748612133766483
153.01375228426676,0.6183059183143953
153.02162336205916,0.46295501615344775
153.02949443985156,1.7240776896595063
153.03736551764396,3.484316644472007
153.04523659543636,2.139374602026278
153.05310767322877,0.7459919886003746
153.06097875102117,0.29831021692624626
153.06884982881357,0.4960897661091486
153.07672090660597,2.1004537823865
153.08459198439837,0.2585301249803832
153.09246306219077,0.016914379552401243
153.10033413998318,0.001074766860653775
153.10820521777558,0.4887661812135067
153.11607629556798,1.2811649920572594
153.12394737336038,0.1396823717846417
153.13181845115278,1.3970830651438766
153.13968952894518,0.32466342307553697
153.14756060673758,0.0008441403735037552
153.15543168453,3.3588794318489605
153.1633027623224,3.541693586402793
153.1711738401148,0.05736280107697913
153.1790449179072,0.44371739481369227
153.1869159956996,0.8410045091214949
153.19478707349197,0.5566147762619695
153.20265815128437,0.16652436014171143
153.21052922907677,0.21754709294388383
153.21840030686917,1.5419229075275311
153.22627138466157,0.7612662425044908
153.23414246245397,2.9870416182501947
153.24201354024638,1.2683739359360386
153.24988461803878,2.018775053624519
153.25775569583118,3.360466180296324
153.26562677362358,0.18290957091699495
153.27349785141598,0.15902721960119207
153.28136892920838,0.39725397059871187
153.2892400070008,0.7313147591786566
153.2971110847932,1.1112742089056844
153.3049821625856,0.14296839056554378
153.312853240378,1.4416465922588975
153.3207243181704,1.1304106976828963
153.3285953959628,4.449266519739783
153.3364664737552,1.3583493609942825
153.3443375515476,1.7598005094392486
153.35220862934,1.286022628573565
153.3600797071324,3.6426338720738176
153.3679507849248,0.47590340495129646
153.3758218627172,0.3049877485070235
153.3836929405096,0.9187069692470554
153.391564018302,1.9524879680495648
153.3994350960944,0.7085993063556754
153.40730617388678,0.31932101803817675
153.41517725167918,3.352639062531719
153.42304832947158,7.948136941835246
153.430919407264,2.4181808416131947
153.4387904850564,0.11371345186091525
153.4466615628488,0.3430284267406197
153.4545326406412,3.4798883730093606
153.4624037184336,3.4364659978578307
153.470274796226,0.7404538058709829
153.4781458740184,1.6349857152410086
153.4860169518108,1.3197355646555136
153.4938880296032,0.49858272588587504
153.5017591073956,0.470696571273423
153.509630185188,1.2877016186754788
153.5175012629804,5.248904222892478
153.5253723407728,0.38584841875395554
153.5332434185652,0.049789786620989845
153.5411144963576,1.838541110013598
153.54898557415,0.009774575155957647
153.5568566519424,0.5311637801007687
153.5647277297348,1.6030986344951996
153.5725988075272,0.316544080958394
153.58046988531962,0.288267374375638
153.58834096311202,0.2840579764805623
153.59621204090442,0.8615653134155619
153.60408311869682,1.6315973896394165
153.61195419648922,0.17580226402755392
153.6198252742816,0.6239719392131307
153.627696352074,1.1778969046844852
153.6355674298664,0.33588679216949746
153.6434385076588,2.243145153690505
153.6513095854512,1.4947921720079318
153.6591806632436,1.4631781769102303
153.667051741036,0.43377677839094936
153.6749228188284,0.5826325516577407
153.6827938966208,0.4451867915506327
153.6906649744132,0.45668984896292436
153.6985360522056,0.384931991100148
153.706407129998,0.8360012547489234
153.7142782077904,0.5600233812080364
153.72214928558282,1.1271738207435908
153.73002036337522,1.4889600922934978
153.73789144116762,1.89069452293098
153.74576251896002,4.163471952710703
153.75363359675242,0.5364102624069691
153.76150467454482,0.4567634527156334
153.76937575233725,0.6966711645036722
153.77724683012963,0.001907662862130294
153.78511790792203,0.9200820775822154
153.79298898571443,0.0552121902061234
153.80086006350683,1.6283195331025628
153.80873114129923,3.473922580939618
153.81660221909164,0.9926515945630536
153.82447329688404,0.21256680484452384
153.83234437467644,0.6089271256707467
153.8402154524688,0.918955453146511
153.8480865302612,0.06857527460059115
153.8559576080536,0.6121057580834741
153.86382868584602,2.016569539752555
153.87169976363842,0.3321765342856279
153.87957084143082,2.0795168878581
153.88744191922322,0.2056188005359974
153.89531299701562,0.11701833076536834
153.90318407480802,0.36173614809219373
153.91105515260043,1.3401637749115478
153.91892623039283,5.567563046641014
153.92679730818523,2.643056046077265
153.93466838597763,7.687179611252633
153.94253946377003,4.388726122900725
153.95041054156243,51.99974180039151
153.95828161935484,9.448439075279834
153.96615269714724,2.1134509979863636
153.97402377493964,18.315067119329235
153.98189485273204,1.1113088360881844
153.98976593052444,0.6624611288224093
153.99763700831684,0.707651796733725
154.00550808610924,0.9989902354556099
154.01337916390165,0.3852683202092533
154.02125024169405,0.2422202863397786
154.02912131948645,0.21170261491923162
154.03699239727885,0.129505984774468
154.04486347507125,1.7179771096724274
154.05273455286363,0.5012639962770757
154.06060563065603,0.18296282682107703
154.06847670844843,0.015046581804462032
154.07634778624083,0.03679002931521879
154.08421886403323,0.7432380954657102
154.09208994182563,0.03784473121841849
154.09996101961804,0.17433930635422049
154.10783209741044,0.3722089537236731
154.11570317520284,1.415253755243878
154.12357425299524,0.8580032633412502
154.13144533078764,0.4006822574107585
154.13931640858004,0.06695805614781165
154.14718748637245,1.7653723685813913
154.15505856416485,1.1841350302446763
154.16292964195725,0.5526595037627723
154.17080071974965,1.4785840722148567
154.17867179754205,0.45221954713626494
154.18654287533445,2.5902321094874163
154.19441395312683,1.5604715199775618
154.20228503091926,1.860855763721032
154.21015610871166,0.08629625590809581
154.21802718650406,0.8910066171266082
154.22589826429646,1.0236881578388695
154.23376934208886,2.8178956500987464
154.24164041988126,0.5949380993635403
154.24951149767367,0.30569225621660395
154.25738257546607,0.9680112018758669
154.26525365325844,0.7493383793285938
154.27312473105084,1.6262850017792387
154.28099580884324,0.04469411272864405
154.28886688663565,0.8752279717532448
154.29673796442805,0.6737470433551841
154.30460904222045,3.3607093093148688
154.31248012001285,2.1600035633067605
154.32035119780525,0.46382049407634657
154.32822227559765,0.09101317327972942
154.33609335339003,0.05822727281030333
154.34396443118246,0.6323910493409193
154.35183550897486,0.038437017308757336
154.35970658676726,2.1129767182385004
154.36757766455966,3.196056598554753
154.37544874235206,0.6154529094798407
154.38331982014446,1.5906241741616927
154.39119089793687,0.374987990492365
154.39906197572927,0.34270989905204424
154.40693305352167,0.050327800277315496
154.41480413131407,0.7169537107038513
154.42267520910647,0.9428476604608181
154.43054628689887,3.332650186369927
154.43841736469128,1.7706158307143487
154.44628844248368,11.482488364188667
154.45415952027608,4.372916416352677
154.46203059806848,5.525172703492613
154.46990167586088,0.6502561792596316
154.47777275365328,0.16408694531820503
154.48564383144566,1.9909760904865976
154.49351490923806,1.636592332556833
154.50138598703046,1.8383394034653684
154.50925706482286,0.5696106122623257
154.51712814261526,2.2060956218559915
154.52499922040766,2.1313387312497176
154.53287029820007,0.14440788714123132
154.54074137599247,0.396257148679909
154.54861245378487,1.800423197904623
154.55648353157727,0.795318379682328
154.56435460936967,1.1311140869455427
154.57222568716207,1.347184110842901
154.58009676495448,0.5423383512377938
154.58796784274688,0.9871115205372571
154.59583892053928,0.5368389131499676
154.60370999833168,0.19165160739018205
154.61158107612408,0.13663370197386224
154.61945215391648,1.671730391352766
154.62732323170889,0.43454643847058105
154.6351943095013,0.4447627825149041
154.6430653872937,0.32664282202076256
154.6509364650861,0.5076109024105622
154.6588075428785,0.2923967786717826
154.6666786206709,0.6138774229082481
154.6745496984633,0.1574859368224234
154.6824207762557,0.08149819724443214
154.6902918540481,0.6837024259286455
154.69816293184047,0.7126829073594083
154.70603400963287,0.12776861314760046
154.71390508742527,0.949297935741488
154.72177616521768,0.23514391011132532
154.72964724301008,0.7191312948019799
154.73751832080248,1.5720072824781814
154.74538939859488,1.7381327759144156
154.75326047638728,0.4146278696272457
154.76113155417968,0.40454853518035044
154.76900263197209,0.05029926747116757
154.7768737097645,0.08786623960517465
154.7847447875569,0.15797929012534875
154.7926158653493,0.2935546043104506
154.8004869431417,0.36507336022800707
154.8083580209341,1.5633936612510868
154.8162290987265,3.1028078676948687
154.8241001765189,0.07935293057292085
154.8319712543113,0.965754020321862
154.8398423321037,3.383609013517461
154.8477134098961,0.5478154395857294
154.8555844876885,0.23844173109378475
154.8634555654809,0.11967374700211762
154.8713266432733,0.6700015429296241
154.8791977210657,0.04317340335015418
154.8870687988581,3.02630018563971
154.8949398766505,1.103308757418653
154.9028109544429,0.1913084798104151
154.9106820322353,0.5101149546178254
154.9185531100277,0.6874770220346585
154.9264241878201,0.9877095096661519
154.9342952656125,0.7497510424212571
154.9421663434049,1.1641429665036964
154.9500374211973,0.39504551703720286
154.9579084989897,0.04130359809558138
154.9657795767821,0.25238448234839095
154.9736506545745,0.45492690496382815
154.9815217323669,1.0983966422748002
154.9893928101593,1.4705521946771398
154.9972638879517,0.8313594591247461
155.0051349657441,3.30634384201727
155.0130060435365,0.7869640987635308
155.0208771213289,1.1845165795409518
155.0287481991213,0.40399978686588356
155.0366192769137,0.7484264071148329
155.0444903547061,0.4546563720448733
155.05236143249851,0.0015730796549712474
155.06023251029092,0.3080040351557009
155.06810358808332,0.08694278791775283
155.07597466587572,0.48016692606795014
155.08384574366812,0.02010682721575569
155.09171682146052,0.3329893850796064
155.09958789925292,0.8299123247410702
155.10745897704533,0.8892129457150463
155.11533005483773,0.4832226347967729
155.12320113263013,0.05886147394040212
155.1310722104225,0.7212299456695146
155.1389432882149,0.008514117801656975
155.1468143660073,2.683513380323983
155.1546854437997,1.844524118414809
155.1625565215921,2.901593115594431
155.1704275993845,0.1741997958443801
155.1782986771769,1.0209121214839671
155.1861697549693,3.459607414403447
155.19404083276171,1.855607767295779
155.20191191055412,2.555840542785554
155.20978298834652,0.06789594195694262
155.21765406613892,0.3069234145306647
155.22552514393132,0.46821748562297644
155.23339622172372,0.8624634259238549
155.24126729951612,0.5952887928639343
155.24913837730853,0.9057220664626286
155.25700945510093,1.4427147821014903
155.26488053289333,0.45908776559670383
155.27275161068573,0.5366567983401286
155.28062268847813,0.1594059219381964
155.28849376627053,19.84284627904106
155.29636484406294,5.4593504195092875
155.30423592185534,0.7082242686634176
155.31210699964774,0.0839161247019521
155.31997807744014,0.5441547368794959
155.32784915523254,2.650433776368915
155.33572023302494,8.320424171121939
155.34359131081732,2.9981558802361805
155.35146238860972,2.2969088440078385
155.35933346640212,1.7692722773820038
155.36720454419452,0.6915334313525225
155.37507562198692,2.8280603876380446
155.38294669977932,1.257128461705329
155.39081777757173,2.804688041529189
155.39868885536413,1.6547145025176013
155.40655993315653,1.0016857627986329
155.41443101094893,1.0977785412833931
155.42230208874133,0.8248862980488719
155.4301731665337,1.3292081735380783
155.43804424432614,0.2217850945683642
155.44591532211854,1.3121219527896424
155.45378639991094,0.015281352544945346
155.46165747770334,0.49367643731846983
155.46952855549574,0.5360885297369543
155.47739963328814,0.5477649392575095
155.48527071108057,0.11023977910415597
155.49314178887295,0.6346666909917195
155.50101286666535,2.4765084911008013
155.50888394445775,1.909732494418064
155.51675502225015,0.9068760632011655
155.52462610004255,0.9050351873023883
155.53249717783495,0.3448932262446596
155.54036825562736,3.9465070269435434
155.54823933341976,2.6835038797503294
155.55611041121216,1.2510969295661332
155.56398148900453,0.24343761146398693
155.5718525667969,0.006591483196014281
155.57972364458934,1.3437620998940056
155.58759472238174,0.18908393076302457
155.59546580017414,2.948232513916926
155.60333687796654,0.5535860992067804
155.61120795575894,4.657313444290661
155.61907903355134,0.936568821510908
155.62695011134377,2.509564414402755
155.63482118913615,0.9962852693995378
155.64269226692855,0.029025030522862844
155.65056334472095,1.1272900894065803
155.65843442251335,1.0041180463043018
155.66630550030575,1.9701969551937926
155.67417657809816,0.009132007139916973
155.68204765589056,0.8560990994621204
155.68991873368296,1.1811436524127776
155.69778981147536,2.316015255708061
155.70566088926776,0.08443935652809496
155.71353196706016,0.6527273753904951
155.72140304485256,0.30673478082024164
155.72927412264497,1.417412906360929
155.73714520043737,0.3439809044228595
155.74501627822977,0.9640576293046538
155.75288735602217,2.390659077210582
155.76075843381457,0.3211783233661739
155.76862951160695,1.4951497688702966
155.77650058939935,5.0371416859625455
155.78437166719175,0.41870418766453066
155.79224274498415,2.2656625220339017
155.80011382277655,5.277031284950173
155.80798490056895,3.376209956281848
155.81585597836136,46.485624095301425
155.82372705615376,2.2867868705344896
155.83159813394616,11.702610590178361
155.83946921173856,4.334327589362765
155.84734028953096,4.343918911056143
155.85521136732336,0.38199466522423486
155.86308244511577,1.0008087442659805
155.87095352290817,0.7089745815101992
155.87882460070057,0.5832016425356079
155.88669567849297,1.1127174118985173
155.89456675628537,0.7187257463082929
155.90243783407777,0.19812358131620747
155.91030891187015,0.5959391250150387
155.91817998966258,1.5227692857268498
155.92605106745498,0.13015766266553755
155.93392214524738,4.393948350881891
155.94179322303978,0.43776279522714756
155.94966430083218,4.5750200060825295
155.95753537862458,1.0759433840242012
155.965406456417,1.838961276612502
155.9732775342094,0.4144867340791553
155.9811486120018,4.59463549940353
155.98901968979416,0.32078087580372056
155.99689076758656,0.16964038028435316
156.00476184537897,0.62290613928037
156.01263292317137,2.5734937709714476
156.02050400096377,3.876342536381007
156.02837507875617,0.9986464465765502
156.03624615654857,4.349000145227233
156.04411723434097,0.8260388449806653
156.05198831213335,3.8351234067311637
156.05985938992578,2.3409915984911263
156.06773046771818,0.7165336039428882
156.07560154551058,2.6605264977707437
156.08347262330298,1.2198812362952385
156.09134370109538,0.16986471576935472
156.09921477888778,0.09412761306162992
156.1070858566802,0.8138490571001662
156.1149569344726,0.017664687496408336
156.122828012265,0.12597399025459274
156.1306990900574,1.0656225572934797
156.1385701678498,0.24991419831713885
156.1464412456422,0.6878957923386865
156.1543123234346,0.017319404710393258
156.162183401227,1.4541212336308822
156.1700544790194,0.4234627151721215
156.1779255568118,1.7317716711402877
156.1857966346042,2.525841859748323
156.1936677123966,0.45556042070485314
156.201538790189,0.6361141033126287
156.20940986798138,0.38640891668497584
156.21728094577378,0.6109861079466972
156.22515202356618,0.6261192930599447
156.23302310135858,4.220340724303238
156.24089417915098,1.0604160823954476
156.2487652569434,1.1651003013509609
156.2566363347358,2.174031012000722
156.2645074125282,1.5161253719006067
156.2723784903206,4.037882381990343
156.280249568113,0.07506908294655593
156.2881206459054,2.366038465788624
156.2959917236978,0.498442660196803
156.3038628014902,1.8099355506514405
156.3117338792826,0.0022464623626359988
156.319604957075,0.42202047401948656
156.3274760348674,2.866577510258153
156.3353471126598,2.5436306565062456
156.3432181904522,0.9943599047464703
156.3510892682446,0.8011536447140951
156.358960346037,3.2300403038468817
156.3668314238294,0.06860394607492812
156.3747025016218,0.8635805107151299
156.3825735794142,0.8605358438230047
156.3904446572066,1.8568142883408711
156.39831573499902,5.978064663592854
156.40618681279142,8.158319648612652
156.41405789058382,12.044962040782671
156.4219289683762,1.753445885046552
156.4298000461686,3.6038170771084803
156.437671123961,1.6212782850957868
156.4455422017534,1.5781607880502617
156.4534132795458,2.800379562056004
156.4612843573382,0.37139325752386304
156.4691554351306,9.807467725392058
156.477026512923,13.743695197392112
156.4848975907154,14.11665129529676
156.4927686685078,6.715044563390523
156.5006397463002,6.246920702890215
156.5085108240926,17.376381751030063
156.516381901885,8.979009345723437
156.5242529796774,0.28159115243208965
156.53212405746982,6.063034737376496
156.53999513526222,8.029015234926964
156.54786621305462,68.53940422327385
156.55573729084702,5.261541112892386
156.56360836863942,6.802603267428632
156.57147944643182,19.57775183868789
156.57935052422422,7.109580138719712
156.58722160201663,14.172801765297903
156.59509267980903,6.976000261250035
156.60296375760143,66.84626351973833
156.61083483539383,5.793954524877236
156.61870591318623,15.677836581611416
156.62657699097863,24.441763006441352
156.634448068771,8.52409756718513
156.6423191465634,14.671246768403927
156.6501902243558,7.905361069995416
156.6580613021482,2.3517186747128824
156.6659323799406,14.350927201502651
156.67380345773302,52.43127743795681
156.68167453552542,6.405625602815142
156.68954561331782,6.961066117123723
156.69741669111022,6.074242245603252
156.70528776890262,15.62204202847228
156.71315884669502,25.391964568066555
156.72102992448742,6.051261758332496
156.72890100227983,2.3062838830442662
156.73677208007223,7.925670905279401
156.74464315786463,39.674389066927844
156.75251423565703,18.96531997042822
156.76038531344943,8.575970899813568
156.76825639124183,36.90831281861581
156.77612746903424,5.041493122999444
156.78399854682664,1.178253075614347
156.79186962461904,1.4198861434255683
156.79974070241144,7.35036630971211
156.80761178020384,10.65681002022063
156.81548285799624,3.4442921025425663
156.82335393578865,4.835409933265267
156.83122501358105,8.756545973675356
156.83909609137345,46.10933138861714
156.84696716916585,9.929418762777685
156.85483824695822,32.670595465292664
156.86270932475065,16.48870963279397
156.87058040254303,3.1293529643118667
156.87845148033543,9.858407879063389
156.88632255812783,17.546064661409417
156.89419363592023,6.316714354633625
156.90206471371263,8.75037387597859
156.90993579150503,1.733851233105755
156.91780686929744,9.155414939470724
156.92567794708984,1.4892009722951822
156.93354902488224,2.6859043755476146
156.94142010267464,1.240208155902316
156.94929118046704,0.27686909506299817
156.95716225825944,0.22421534277635874
156.96503333605185,1.15299249885068
156.97290441384425,2.2999090437807936
156.98077549163665,0.6059515970023029
156.98864656942905,0.9227537155758803
156.99651764722145,1.5292965785502088
157.00438872501385,0.7052554615949873
157.01225980280626,0.9772036292147565
157.02013088059866,3.0479465828236276
157.02800195839106,1.4080660028845484
157.03587303618346,2.458268349645442
157.04374411397586,5.100270741169896
157.05161519176826,6.2168007627004265
157.0594862695607,0.7851537905456029
157.06735734735304,3.737901875668594
157.07522842514544,0.6058011231174638
157.08309950293784,0.5795051452970689
157.09097058073024,3.6908191577480967
157.09884165852264,0.24430079602277313
157.10671273631505,0.23372709200626243
157.11458381410745,4.509715159505229
157.12245489189985,0.05249609749856053
157.13032596969225,0.8095027385713172
157.13819704748465,0.30891464312770295
157.14606812527705,0.8365899607304041
157.15393920306946,0.0709720194233104
157.16181028086186,0.15179213256350332
157.16968135865426,1.9233947720713653
157.17755243644666,2.129873539600919
157.18542351423906,0.8901751177485514
157.19329459203146,0.08373380269586858
157.2011656698239,0.289304435415632
157.20903674761627,4.320416018724329
157.21690782540867,4.068088620330798
157.22477890320107,1.5623975995585748
157.23264998099347,0.3624500678291795
157.24052105878587,1.3343321390412866
157.24839213657827,0.27576951028829094
157.25626321437068,7.217735041015746
157.26413429216308,2.9612157661319185
157.27200536995548,1.5637752325951078
157.27987644774785,1.7236903831000185
157.28774752554023,0.3098089508191571
157.29561860333266,1.7033214522420979
157.30348968112506,6.94938724463052
157.31136075891746,5.049824257082757
157.31923183670986,1.2451031386530294
157.32710291450226,7.2532124302395555
157.33497399229466,1.786844282083221
157.3428450700871,1.3979194685396745
157.35071614787947,0.7358722712490993
157.35858722567187,1.7416503870519164
157.36645830346427,1.3862422350517742
157.37432938125667,1.9873616829177316
157.38220045904907,1.4377635797650934
157.39007153684148,1.145834300111798
157.39794261463388,0.503259164017447
157.40581369242628,0.5193106736657149
157.41368477021868,0.2965710952349027
157.42155584801108,2.1409887037620305
157.42942692580348,0.4809079021115383
157.43729800359588,0.854547025336632
157.4451690813883,0.21815221835143506
157.4530401591807,0.17557269632909886
157.4609112369731,1.1471305613134082
157.4687823147655,0.3611352896901568
157.4766533925579,3.172160078870864
157.4845244703503,0.45342748181938797
157.4923955481427,2.1600752687477076
157.50026662593507,1.0128515340762079
157.50813770372747,0.4221952881561498
157.51600878151987,2.6668419236955514
157.52387985931227,1.0101668694154025
157.53175093710468,3.2820941462941224
157.53962201489708,0.03522037299489165
157.54749309268948,0.7640212250394172
157.55536417048188,0.9115943380751392
157.56323524827428,0.5821870109008206
157.57110632606668,2.375063874684293
157.57897740385908,0.47610298072910545
157.5868484816515,1.6905036602039771
157.5947195594439,3.870829583374687
157.6025906372363,0.5112779540618171
157.6104617150287,3.288923729554058
157.6183327928211,7.724145417904086
157.6262038706135,6.353287369146123
157.6340749484059,4.388439709218282
157.6419460261983,0.6025258339890557
157.6498171039907,3.5077048386289937
157.6576881817831,0.1449730994458527
157.6655592595755,0.5344200966982929
157.6734303373679,5.140150932593771
157.6813014151603,0.31549471188088857
157.6891724929527,0.6538810877525586
157.6970435707451,3.687826889528526
157.7049146485375,2.536973500899522
157.71278572632988,2.2946746390625425
157.72065680412229,0.7117564844865916
157.7285278819147,1.387323748703002
157.7363989597071,2.842591649342741
157.7442700374995,4.3310905335862975
157.7521411152919,2.7302404778758507
157.7600121930843,0.10950329653628899
157.7678832708767,0.10711229830665855
157.7757543486691,2.6872053180135786
157.7836254264615,0.9702510069829005
157.7914965042539,0.2863754866443942
157.7993675820463,1.3123037138452394
157.8072386598387,0.34810722972515257
157.8151097376311,0.5657914682958741
157.8229808154235,4.282823827746072
157.8308518932159,0.48786373783089415
157.8387229710083,1.2552008858751806
157.8465940488007,4.315959639879784
157.8544651265931,0.17754138211345427
157.8623362043855,0.6712854582216761
157.87020728217792,3.6002126940590014
157.87807835997032,1.0166865279486763
157.88594943776272,1.6679471705898123
157.89382051555512,0.64541277256275
157.90169159334752,0.5139453455457068
157.90956267113992,4.021951797770013
157.91743374893232,3.613861434917161
157.9253048267247,4.346585650279896
157.9331759045171,1.2590997987612178
157.9410469823095,2.6330455677865503
157.9489180601019,1.6748337243142997
157.9567891378943,0.01733240394127083
157.9646602156867,1.7964613772839477
157.9725312934791,0.7974035379429223
157.9804023712715,1.0318881609650767
157.9882734490639,0.8975094820201973
157.9961445268563,0.15937459299755707
158.0040156046487,0.37818863081541043
158.01188668244112,2.2381364488694993
158.01975776023352,1.3006164759343284
158.02762883802592,3.1759547771471297
158.03549991581832,4.795486668555599
158.04337099361072,0.4421534481185382
158.05124207140312,0.9996209742721457
158.05911314919553,1.8011587185495983
158.06698422698793,2.090038462677926
158.07485530478033,1.3742139463527403
158.08272638257273,3.0982444678341055
158.09059746036513,2.72453625159061
158.09846853815753,3.1827271314542247
158.1063396159499,5.274206454858339
158.11421069374234,1.185334367472201
158.12208177153474,1.778199688113992
158.12995284932714,6.778094202760637
158.13782392711954,1.007913703445914
158.14569500491191,6.246140861295869
158.15356608270432,18.201775147970068
158.16143716049672,10.690701389734693
158.16930823828912,3.839028531719395
158.17717931608152,8.467908581675937
158.18505039387392,4.784989161140481
158.19292147166632,3.8264224705174694
158.20079254945873,4.86774540447296
158.20866362725113,10.100551122627436
158.21653470504353,14.30652379601947
158.22440578283593,9.880354734832816
158.23227686062833,14.683795549804557
158.24014793842073,6.132974708781715
158.24801901621314,4.5281071876455625
158.25589009400554,12.114521610896315
158.26376117179794,0.2795682432501376
158.27163224959034,5.371462674500264
158.27950332738274,14.253864128114412
158.28737440517514,16.318738413825105
158.29524548296754,8.149983497022598
158.30311656075995,30.825326907962694
158.31098763855235,32.076783722456085
158.31885871634475,5.936971915566627
158.32672979413715,10.829311961094641
158.33460087192955,23.17080649190844
158.34247194972195,53.485244740254366
158.35034302751436,68.96966015715424
158.35821410530673,33.92929768066151
158.36608518309913,53.17443103420437
158.37395626089153,13.529962798179906
158.38182733868393,46.93472801035689
158.38969841647634,22.994013460704874
158.39756949426874,14.51317308219658
158.40544057206114,29.41242110196063
158.41331164985354,51.737407609462736
158.42118272764594,1.2908822245452054
158.42905380543834,7.584486501923275
158.43692488323074,32.742962612457006
158.44479596102315,3.8957931119508125
158.45266703881555,4.383534377215748
158.46053811660795,16.89946478753144
158.46840919440035,11.092268513234322
158.47628027219275,6.662019578049526
158.48415134998515,0.9072421512679378
158.49202242777756,0.1159324916106495
158.49989350556996,5.896637225376725
158.50776458336236,28.72591134252092
158.51563566115476,14.43191433485673
158.52350673894716,11.736178057618172
158.53137781673956,7.562075693873841
158.53924889453197,0.5114112772994789
158.54711997232437,0.8591774969527978
158.55499105011677,0.7498245242079858
158.56286212790917,3.281379173867698
158.57073320570154,2.274680050070421
158.57860428349397,6.370066327652882
158.58647536128635,1.1441697317608568
158.59434643907875,2.4972738142795987
158.60221751687115,2.7523658362793584
158.61008859466355,1.0079471797778903
158.61795967245595,2.736951911557172
158.62583075024835,0.7959490953679761
158.63370182804076,2.6635157239405394
158.64157290583316,0.25729499389766286
158.64944398362556,0.3420492329202301
158.65731506141796,0.07482509669794855
158.66518613921036,0.1694247342813062
158.67305721700276,1.5901446940007724
158.68092829479517,4.953663837870728
158.68879937258757,0.6159497605071438
158.69667045037997,0.1491867499166966
158.70454152817237,0.12003121593854235
158.71241260596477,0.38088246713390544
158.72028368375717,0.49615044265557673
158.72815476154958,0.03662434707378826
158.73602583934198,1.021985163858607
158.74389691713438,0.5175097517602885
158.75176799492678,0.46629347984864133
158.75963907271918,0.20190619288125383
158.76751015051158,10.426299394099496
158.77538122830398,1.6077661923989135
158.7832523060964,2.6094404647729963
158.79112338388876,4.299843201260583
158.79899446168116,1.7196889860954503
158.80686553947356,0.0940608861419396
158.81473661726596,2.60106995470418
158.82260769505837,1.2304642424639578
158.83047877285077,2.2730384530049967
158.83834985064317,3.085791829909952
158.84622092843557,0.07538802766017516
158.85409200622797,0.41240269052451495
158.86196308402037,3.566615292269013
158.86983416181278,2.8478960860270814
158.87770523960518,1.059495831798747
158.88557631739758,1.7220186975942773
158.89344739518998,0.0171466080805849
158.90131847298238,1.299607170107089
158.90918955077478,1.6966423607159327
158.9170606285672,2.5082559333760264
158.9249317063596,5.000344240947272
158.932802784152,0.9658334370463607
158.9406738619444,1.8025710309820604
158.9485449397368,0.3329668752461719
158.9564160175292,0.6326437605182732
158.9642870953216,0.11447252482533268
158.972158173114,0.1228295277533509
158.9800292509064,0.08114076204926779
158.9879003286988,0.6961676567173688
158.9957714064912,0.16184567907045572
159.00364248428355,0.11880943149842396
159.01151356207598,0.6367034591614625
159.01938463986838,1.0414976029678116
159.02725571766078,3.1175007110346917
159.03512679545318,1.3341389013625007
159.04299787324558,3.9396180951285746
159.05086895103798,2.0959839908879965
159.0587400288304,0.6015189091679317
159.0666111066228,0.43854520319731877
159.0744821844152,0.19089656847822264
159.0823532622076,1.5110382342293767
159.09022434,1.1898563277995982
159.0980954177924,0.1706415302316039
159.1059664955848,0.8449728799315447
159.1138375733772,1.8166096590614187
159.1217086511696,0.29838786157327846
159.129579728962,0.11883438258610801
159.1374508067544,0.790295127977135
159.1453218845468,0.30836793467388435
159.1531929623392,0.7292578899381941
159.1610640401316,3.996598126033163
159.168935117924,2.111365088409256
159.1768061957164,1.5011908613945866
159.1846772735088,2.345348496296968
159.1925483513012,1.2399496588746723
159.2004194290936,1.004240070498291
159.20829050688602,3.2301004736759142
159.2161615846784,2.236039550675525
159.2240326624708,2.3980481795554907
159.2319037402632,0.8699083167628039
159.2397748180556,2.6649861966595565
159.247645895848,0.28527113809027815
159.2555169736404,2.4964143255895626
159.2633880514328,1.7983291899257374
159.2712591292252,0.9069576276015793
159.2791302070176,0.6054822724502907
159.28700128481,1.0361172978075062
159.2948723626024,0.4342553181231319
159.3027434403948,0.452251743893726
159.3106145181872,0.43711216309997664
159.3184855959796,0.27255451200723685
159.326356673772,0.06512958346107722
159.3342277515644,0.7401564638073945
159.3420988293568,0.7944747880923518
159.34996990714922,0.05521082116897699
159.35784098494162,2.5570009526664257
159.36571206273402,0.46649582531320755
159.37358314052642,0.8625766420949449
159.38145421831882,0.47734126029467877
159.38932529611122,0.2515792447162146
159.39719637390365,1.4668971522318095
159.40506745169603,0.6653009207181638
159.41293852948843,2.0983929338173377
159.42080960728083,2.3921494006817614
159.42868068507323,2.7858212145305563
159.4365517628656,0.39223864455163
159.444422840658,0.06690583608870874
159.4522939184504,0.5303874259616035
159.4601649962428,0.09006901290703469
159.4680360740352,0.7046094316783564
159.4759071518276,2.9598733730119715
159.48377822962,0.9052044287786869
159.49164930741242,1.042453395574465
159.49952038520482,0.394524238963061
159.50739146299722,0.6264805843987499
159.51526254078962,4.723736505469953
159.52313361858202,0.6884186642100882
159.53100469637442,0.37272569889822765
159.53887577416685,0.45418946592376924
159.54674685195923,0.6204309422234691
159.55461792975163,0.2994603199422165
159.56248900754403,0.3652626698189623
159.57036008533643,0.2937030332214696
159.57823116312883,1.0034102963042826
159.58610224092124,0.7992329825598709
159.59397331871364,1.0680134507736125
159.60184439650604,1.2622609328788617
159.60971547429844,1.2183043541151222
159.61758655209084,0.588467376154146
159.62545762988324,0.150417491549944
159.63332870767564,0.06312152017938295
159.64119978546805,0.24557474878342875
159.64907086326042,0.697983816084745
159.65694194105282,0.763036896190836
159.66481301884522,0.14703833570305377
159.67268409663762,0.9307311416859105
159.68055517443003,0.849759405468755
159.68842625222243,0.0892001974445687
159.69629733001483,0.11399865447223917
159.70416840780723,2.7552085620190874
159.71203948559963,0.5388941085065433
159.71991056339203,0.6144962192025158
159.72778164118444,0.6690278075279685
159.73565271897684,0.4850045570684184
159.74352379676924,1.7744704935364002
159.75139487456164,3.391748045789263
159.75926595235404,0.06894605368849846
159.76713703014644,3.4326746994937536
159.77500810793885,2.270005034056789
159.78287918573125,1.2433440718317172
159.79075026352365,1.0092342493192463
159.79862134131605,0.21310743491934936
159.80649241910845,0.02021646851575388
159.81436349690085,3.0535963220112072
159.82223457469323,0.22989753197650226
159.83010565248566,0.30368519227321067
159.83797673027806,0.006061853459751161
159.84584780807046,0.9089290243990295
159.85371888586286,0.10906940225535747
159.86158996365526,0.06442129968443522
159.86946104144764,0.23468432309526582
159.87733211924004,0.30956032799370287
159.88520319703244,0.43758535273710775
159.89307427482484,0.30450081937638473
159.90094535261724,0.4919894213557438
159.90881643040964,0.5576802038824281
159.91668750820205,1.0208250049213854
159.92455858599445,0.11198923563945165
159.93242966378685,1.037674746517461
159.94030074157925,0.43705589973226106
159.94817181937165,1.0077255641860976
159.95604289716405,0.198577386299386
159.96391397495643,0.7685813987912923
159.97178505274886,0.6192964998221128
159.97965613054126,0.03279123366972984
159.98752720833366,0.6212231261909951
159.99539828612606,1.3690105886268749
160.00326936391846,0.37767135367634125
160.01114044171086,3.230644482723021
160.01901151950327,3.424768643431674
160.02688259729567,0.6459883892579534
160.03475367508807,1.2035497827401622
160.04262475288047,0.07258362816712052
160.05049583067287,0.539609640492821
160.05836690846527,0.5050678031549617
160.06623798625768,0.6339842522490584
160.07410906405008,1.1311591352603017
160.08198014184245,0.30946164094561557
160.08985121963485,0.051763467014774654
160.09772229742725,0.2227845411325576
160.10559337521966,0.723385718450982
160.11346445301206,0.6422746785965485
160.12133553080446,0.9539082763873478
160.12920660859686,0.809153220122813
160.13707768638926,1.5389923039610827
160.14494876418166,0.8443900406998909
160.15281984197406,0.4720024798763916
160.16069091976647,1.315026489792237
160.16856199755887,0.8460830572854893
160.17643307535127,1.4082567441777103
160.18430415314367,0.10201135315482242
160.19217523093607,0.5382157699234974
160.20004630872847,1.7151398174650783
160.20791738652088,0.28198954019758415
160.21578846431328,0.4219130016163409
160.22365954210568,0.5362765752411733
160.23153061989808,0.23479074477997514
160.23940169769048,0.3578503156910595
160.24727277548288,0.5555456649132586
160.25514385327529,1.8718049583913352
160.2630149310677,0.045302048020371466
160.2708860088601,0.2264799109171209
160.2787570866525,0.2646595637223101
160.2866281644449,0.24680530486815225
160.29449924223726,0.9353478506425086
160.30237032002967,0.42018600918420596
160.31024139782207,0.36459032996422813
160.31811247561447,0.9546403610765837
160.32598355340687,0.35160622664692087
160.33385463119927,0.888382730736491
160.34172570899167,5.53743047732648
160.34959678678408,10.139715522212331
160.35746786457648,2.3929702492988008
160.36533894236888,0.2358748094248278
160.37321002016128,2.1890389633458835
160.38108109795368,1.0908136997897875
160.38895217574608,1.2607117137783115
160.39682325353849,0.7706044419101662
160.4046943313309,2.6896537886379677
160.4125654091233,2.386392848046558
160.4204364869157,0.2083085745979001
160.4283075647081,0.5691959958887437
160.4361786425005,2.2105507291308224
160.4440497202929,0.5246250653409249
160.4519207980853,3.4735285184820226
160.4597918758777,1.701425430382622
160.4676629536701,0.21091056989464596
160.4755340314625,2.076367083091701
160.4834051092549,1.5215569744854072
160.4912761870473,0.45575303025849656
160.4991472648397,0.7832094538319884
160.5070183426321,0.28114221636002856
160.51488942042448,0.43870555947948986
160.52276049821688,1.0475409950234786
160.53063157600928,0.310111515179159
160.5385026538017,0.8657968016998516
160.5463737315941,0.4222492444096416
160.5542448093865,0.3249799055734436
160.5621158871789,0.2639824488015791
160.5699869649713,0.43410087987478274
160.5778580427637,0.5974621239387274
160.5857291205561,1.476229819664519
160.5936001983485,1.086910186610807
160.6014712761409,0.8302074207584713
160.6093423539333,0.3320442195722063
160.6172134317257,1.7486770615290896
160.6250845095181,1.7765144286915344
160.6329555873105,0.5566589962393428
160.6408266651029,1.2055295655635605
160.6486977428953,0.6242158846481175
160.6565688206877,0.3338880959564483
160.6644398984801,1.7758866139732903
160.6723109762725,0.9496423768489723
160.68018205406491,0.645702119248268
160.68805313185732,0.5044003955190154
160.69592420964972,2.757072503644881
160.70379528744212,0.03524693885322562
160.71166636523452,1.00916179499909
160.71953744302692,0.22051449482868377
160.7274085208193,2.1966895943224514
160.7352795986117,4.365545202385105
160.7431506764041,6.294807762723792
160.7510217541965,1.7639272367664722
160.7588928319889,0.6865788991369526
160.7667639097813,5.255262621432664
160.7746349875737,1.6864796797165482
160.7825060653661,0.8447925489499531
160.7903771431585,1.081331158111601
160.7982482209509,2.773256301307052
160.8061192987433,0.8471486557391872
160.8139903765357,0.3873967140154699
160.82186145432811,1.2218782855583419
160.82973253212052,1.423890319974832
160.83760360991292,5.572007201788586
160.84547468770532,2.460699037585088
160.85334576549772,0.1700436560343578
160.86121684329012,2.7068120571022414
160.86908792108252,0.7089006440801139
160.87695899887493,0.8464411526212945
160.88483007666733,0.7134652970176654
160.89270115445973,5.616024237253184
160.90057223225213,8.52882780354414
160.90844331004453,2.3323745264036
160.91631438783693,7.143808451901882
160.92418546562934,5.423906846036325
160.93205654342174,1.481717091331171
160.9399276212141,8.069913901215607
160.9477986990065,3.711578816441273
160.9556697767989,1.191635240115972
160.96354085459132,0.2533484575590497
160.97141193238372,1.3044667489063764
160.97928301017612,0.5657564716432338
160.98715408796852,7.128893933741196
160.99502516576092,0.6463798815968645
161.00289624355332,4.553385089244171
161.01076732134572,2.3582691646354723
161.01863839913813,0.9974947863978022
161.02650947693053,0.044060515842115365
161.03438055472293,3.450942595292157
161.04225163251533,1.4582409740706044
161.05012271030773,1.425854246761379
161.0579937881001,0.836894011112773
161.06586486589254,1.8856526423246334
161.07373594368494,2.4022143438231973
161.08160702147734,1.304138637692433
161.08947809926974,0.34646919921111236
161.09734917706214,1.0692755433061372
161.10522025485454,1.4902104325798973
161.11309133264697,0.6827478968072764
161.12096241043935,1.8383038053063514
161.12883348823175,0.06461428147213298
161.13670456602415,0.8432417903827067
161.14457564381655,1.0235999784671959
161.15244672160895,0.25828250391817725
161.16031779940133,0.6703515716300251
161.16818887719373,1.4142942072135032
161.17605995498613,2.241936174788551
161.18393103277853,0.34368238683454155
161.19180211057093,1.8588601430559886
161.1996731883633,0.6969948527169966
161.20754426615574,2.9979866120564065
161.21541534394814,0.24216905112392206
161.22328642174054,0.4285000733957554
161.23115749953294,0.461806962962657
161.23902857732534,0.3831815357129284
161.24689965511774,0.7117649828438474
161.25477073291017,4.499230256368251
161.26264181070255,0.37899583562541134
161.27051288849495,0.6669247359216389
161.27838396628735,1.9035107636017172
161.28625504407975,4.228414695484967
161.29412612187215,1.5470991329634165
161.30199719966456,1.5987606560314422
161.30986827745696,0.3802828873989554
161.31773935524936,2.5331718216529753
161.32561043304176,0.5098434447453748
161.33348151083416,1.920411619167584
161.34135258862656,1.6578954595812445
161.34922366641896,0.49782359127839404
161.35709474421137,4.914434703833246
161.36496582200377,0.0635673642747898
161.37283689979614,2.1499838377842218
161.38070797758854,0.6067886976075877
161.38857905538094,1.7394437015083861
161.39645013317335,0.9188176984882429
161.40432121096575,0.5003672628099611
161.41219228875815,1.7277852453716398
161.42006336655055,1.199043910404566
161.42793444434295,0.8259575450014518
161.43580552213535,1.8169752382407889
161.44367659992776,0.18192821445350255
161.45154767772016,0.4997521197536291
161.45941875551256,0.6441558636216111
161.46728983330496,0.16491349550032672
161.47516091109736,0.03769602157772202
161.48303198888976,0.05366859833118832
161.49090306668216,0.043594445262671276
161.49877414447457,0.2703819436629885
161.50664522226697,0.09684433406218464
161.51451630005937,0.0489224427027942
161.52238737785177,0.19977453111347002
161.53025845564417,0.9621341298601978
161.53812953343655,0.45726826672441984
161.54600061122898,1.2406488944318665
161.55387168902138,0.17085785768996326
161.56174276681378,0.5215898362917765
161.56961384460618,0.43487061990742787
161.57748492239858,0.8127819707421506
161.58535600019096,1.1940929280261965
161.59322707798336,3.726223980234877
161.60109815577576,2.042621003357593
161.60896923356816,2.285769756000244
161.61684031136056,0.08220730165312573
161.62471138915296,0.05711812568921405
161.63258246694537,0.37221527534951365
161.64045354473777,1.1141744893143821
161.64832462253017,0.27122512646178
161.65619570032257,0.2415536881145597
161.66406677811497,0.13527610073715557
161.67193785590737,0.28076285210346946
161.67980893369975,0.0687420499167128
161.68768001149218,0.518195546959196
161.69555108928458,0.06595561244039269
161.70342216707698,0.79358209488758
161.71129324486938,1.3480932273640878
161.71916432266178,0.47123345309252856
161.72703540045418,1.8451535866558513
161.7349064782466,0.5764083886100332
161.742777556039,0.2948353611178245
161.7506486338314,0.07072600161522456
161.7585197116238,0.7283359287437189
161.7663907894162,1.0985687005684979
161.7742618672086,0.017506469219786817
161.782132945001,1.3932918535678258
161.7900040227934,0.3567003723691981
161.7978751005858,0.11486210416721138
161.80574617837817,1.2342230926548559
161.81361725617057,0.16111130798863602
161.82148833396298,0.21848218116874432
161.82935941175538,2.2004642272967865
161.83723048954778,1.6968344906502373
161.84510156734018,2.4971372328778774
161.85297264513258,0.416463211955637
161.86084372292498,1.4686048561978342
161.86871480071738,4.141824253426768
161.8765858785098,0.10967911859383501
161.8844569563022,9.096288881216468
161.8923280340946,0.18737897728581007
161.900199111887,0.36415751943232366
161.9080701896794,2.321553543665896
161.9159412674718,0.3827659890707873
161.9238123452642,1.3396593626198543
161.9316834230566,1.0119504441235967
161.939554500849,0.13467712676047416
161.9474255786414,0.76408661502052
161.9552966564338,1.5865485561698518
161.9631677342262,0.8263335517090133
161.9710388120186,1.224358967570052
161.978909889811,0.594275737373713
161.9867809676034,0.6148511105653628
161.9946520453958,0.37693069338687096
162.0025231231882,0.4982883664457475
162.0103942009806,0.21578014793728045
162.018265278773,0.00946941429207771
162.0261363565654,1.2450315859300998
162.0340074343578,1.888501393393562
162.0418785121502,1.0898830799586416
162.0497495899426,0.2773478207604967
162.057620667735,0.6326129127299166
162.0654917455274,0.4480649770486832
162.0733628233198,0.3796856154500086
162.0812339011122,0.6762351522154473
162.0891049789046,0.6042871232658831
162.096976056697,2.106252478998325
162.1048471344894,0.512446575602498
162.1127182122818,3.397934166134073
162.1205892900742,1.2822126211856388
162.1284603678666,0.36081064959624415
162.136331445659,0.8462588795834236
162.1442025234514,0.273212131679166
162.1520736012438,0.6961454590905477
162.15994467903622,1.137380262307748
162.16781575682862,0.5665848533256459
162.17568683462102,1.819788414223052
162.18355791241342,0.26870305934445055
162.19142899020582,0.302524321813175
162.19930006799822,1.3425055402955122
162.20717114579062,6.146688253369511
162.21504222358303,2.309030147126496
162.22291330137543,0.06950394020143669
162.2307843791678,0.33806204024773095
162.2386554569602,0.8340457571351949
162.2465265347526,1.2382757421161579
162.254397612545,0.49467610641805854
162.2622686903374,0.43526010385505803
162.2701397681298,0.3665748233139318
162.2780108459222,1.0374468639331458
162.2858819237146,0.14463430574774278
162.293753001507,0.7839380255724828
162.30162407929942,0.17601500890138685
162.30949515709182,3.5244130550278596
162.31736623488422,0.696516033835271
162.32523731267662,0.23486838456835094
162.33310839046902,0.05409150737727436
162.34097946826142,0.283572210113655
162.34885054605382,1.7920883375912458
162.35672162384623,0.9286618830682675
162.36459270163863,3.486544276541149
162.37246377943103,4.097914467580143
162.38033485722343,6.742090318473571
162.38820593501583,0.19098885893993464
162.39607701280823,0.1025865009017752
162.40394809060064,0.5927510128385931
162.41181916839304,0.7893545226187039
162.41969024618544,0.20627192151365675
162.42756132397784,0.6317360375896595
162.43543240177024,0.013464058739750281
162.44330347956264,0.17151160641524707
162.45117455735502,1.0528100950260597
162.45904563514742,1.701515764772986
162.46691671293982,1.2595938786287382
162.47478779073222,0.6397562309661039
162.48265886852462,1.7004091795846559
162.49052994631705,0.04558978151111609
162.49840102410943,0.8203783491501115
162.50627210190183,0.8879111894624311
162.51414317969423,0.032767452012569864
162.52201425748663,0.1041063884240848
162.52988533527903,0.029592729819992277
162.53775641307143,0.02186550435070644
162.54562749086384,1.0629050793946127
162.55349856865624,0.05712709447013468
162.56136964644864,0.022637542483575298
162.56924072424104,0.7147616671445587
162.57711180203344,0.9530458340780911
162.58498287982584,1.3815281998837812
162.59285395761825,2.06319261466546
162.60072503541065,0.27220191636555724
162.60859611320305,0.7740516495106623
162.61646719099545,0.35593280729782867
162.62433826878785,2.192183734384713
162.63220934658025,0.8088141073103887
162.64008042437266,0.4639591511674947
162.64795150216506,0.6251095996397434
162.65582257995746,1.711082115490388
162.66369365774983,0.26740758492709643
162.67156473554223,0.2914737609161757
162.67943581333463,3.010727964070702
162.68730689112704,2.6238286167775726
162.69517796891944,0.6757391514722656
162.70304904671184,0.5809418826832206
162.71092012450424,0.07757153126967971
162.71879120229664,1.0628342990777777
162.72666228008904,0.44480401230557604
162.73453335788145,0.25181817944649004
162.74240443567385,0.43768047893874573
162.75027551346625,0.07504385352456017
162.75814659125865,0.04901450499734297
162.76601766905105,0.2973474161181006
162.77388874684345,1.7688593465269182
162.78175982463586,0.21427517485757172
162.78963090242826,1.5585710693489652
162.79750198022066,0.0354787669438817
162.80537305801306,0.7654641988074048
162.81324413580546,0.3377934392624388
162.82111521359786,1.6757402477812704
162.8289862913903,0.8031868806150931
162.83685736918267,0.45395363714010056
162.84472844697507,0.3049612867509761
162.85259952476747,0.3584503490167971
162.86047060255987,0.19606205973769894
162.86834168035227,0.620568313148036
162.87621275814465,1.4007692904008637
162.88408383593705,0.8783832181765956
162.89195491372945,3.589081433228379
162.89982599152185,0.4001221801524239
162.90769706931425,0.8124698043970134
162.91556814710663,0.86229423526995
162.92343922489906,0.49827017633116477
162.93131030269146,0.17169737774862381
162.93918138048386,2.7896325594260483
162.94705245827626,0.4994490456243031
162.95492353606866,1.4060985527312835
162.96279461386106,0.7425692746741336
162.9706656916535,0.573752315252059
162.97853676944587,0.0074632798773619224
162.98640784723827,2.0262521480574063
162.99427892503067,1.5547873367929488
163.00215000282307,0.19911997542629645
163.01002108061547,0.10744943949417898
163.01789215840788,1.502872594501707
163.02576323620028,0.23470466661290762
163.03363431399268,1.018515982212
163.04150539178508,1.745318272550009
163.04937646957748,0.2484245874333476
163.05724754736988,2.023169678644398
163.06511862516228,1.719649438044594
163.0729897029547,0.8009335351384571
163.0808607807471,1.2558887889604051
163.0887318585395,0.32559399518693377
163.09660293633186,0.1932593703682023
163.10447401412426,0.716512156122323
163.1123450919167,0.25534889038872133
163.12021616970907,0.36073072207052026
163.12808724750147,0.5450333848310157
163.13595832529387,0.1622787846688222
163.14382940308627,0.22683028957948512
163.15170048087867,0.03520939395905568
163.15957155867108,5.294771208674017
163.16744263646348,1.6711836254105148
163.17531371425588,0.9127596610496713
163.18318479204828,0.4068514591037252
163.19105586984068,0.1331735779920805
163.19892694763308,1.2951273370960166
163.20679802542548,0.6340842379254283
163.2146691032179,1.1285296097933069
163.2225401810103,0.02530280981329461
163.2304112588027,0.8324065944446314
163.2382823365951,0.45066930351684364
163.2461534143875,0.07430711127753872
163.2540244921799,0.059581978633774325
163.2618955699723,0.453523411309171
163.2697666477647,0.7337534550492139
163.2776377255571,0.8942637286688567
163.2855088033495,0.13931185723088962
163.2933798811419,0.3229469905259354
163.3012509589343,0.24765586555761915
163.30912203672668,0.5022463176755037
163.31699311451908,1.2564194815063474
163.32486419231148,0.4054375007583829
163.33273527010388,1.3145083675669145
163.34060634789628,0.29258721047647884
163.34847742568869,0.0967966998631477
163.3563485034811,0.2852562958362383
163.3642195812735,2.6622121914308985
163.3720906590659,2.9127076903465583
163.3799617368583,7.290389194656216
163.3878328146507,0.7440423593073869
163.3957038924431,0.11144671063031983
163.4035749702355,1.1653402895511096
163.4114460480279,1.491707361210026
163.4193171258203,1.4084641834471265
163.4271882036127,0.2565275888943601
163.4350592814051,0.13416051034912127
163.4429303591975,0.13475044246594628
163.4508014369899,0.5051904661329516
163.4586725147823,0.5164214074163845
163.4665435925747,0.7689114408329348
163.4744146703671,0.30881284084348715
163.4822857481595,1.6354386048781444
163.4901568259519,0.4411303608111048
163.49802790374432,0.6017006506689015
163.50589898153672,1.7376841609287614
163.51377005932912,0.8605723883800928
163.52164113712152,1.168148955956732
163.5295122149139,1.0138607840954275
163.5373832927063,1.452447381009402
163.5452543704987,0.9722953419035717
163.5531254482911,1.4545338083707942
163.5609965260835,0.0491178561024912
163.5688676038759,0.3785505273528345
163.5767386816683,0.9733459035674201
163.5846097594607,0.6729784602917966
163.5924808372531,0.5991810747817906
163.6003519150455,0.46887251993580475
163.6082229928379,0.22751089189771137
163.6160940706303,1.580380105222279
163.6239651484227,1.707468080555991
163.6318362262151,2.92858490929278
163.63970730400752,0.8751777006666837
163.64757838179992,0.6629576659685921
163.65544945959232,1.5307107395541208
163.66332053738472,1.9447134041990612
163.67119161517712,1.6504253299911922
163.67906269296952,1.2950696385015064
163.68693377076193,1.8952874740201482
163.69480484855433,0.6523337135866504
163.70267592634673,0.13989069964817302
163.71054700413913,1.3010268079122063
163.71841808193153,5.0352051829147975
163.72628915972393,0.5404221432366548
163.7341602375163,0.40885467240055395
163.7420313153087,3.546875752621045
163.7499023931011,0.574511305474396
163.7577734708935,2.4790756552243187
163.7656445486859,4.080174204796115
163.77351562647831,4.172399346021995
163.78138670427072,3.784019338442547
163.78925778206312,1.3349585682031784
163.79712885985552,0.6940947260058108
163.80499993764792,0.809538345705264
163.81287101544032,2.3987512057718523
163.82074209323272,10.81788939119204
163.82861317102513,2.6814224431425653
163.83648424881753,8.555056621887237
163.84435532660993,17.333691648032485
163.85222640440233,14.546833406269542
163.86009748219473,4.435799664030216
163.86796855998713,10.881379534308389
163.8758396377795,0.9619409142706145
163.88371071557194,0.9297217800428825
163.89158179336434,0.8154884398921836
163.89945287115674,2.7655630726880633
163.90732394894914,2.70940538082141
163.91519502674154,3.220997516811711
163.92306610453394,0.09666516641230893
163.93093718232635,0.014915951569162362
163.93880826011875,0.4385030486829332
163.94667933791115,1.3437232060002442
163.95455041570352,0.7384279131181074
163.96242149349592,1.3875170208887175
163.97029257128833,1.503172740320765
163.97816364908073,0.23977270048107302
163.98603472687313,0.43990723829566536
163.99390580466553,0.8842245379936113
164.00177688245793,0.8376426835033646
164.00964796025033,1.4166836453521048
164.01751903804274,0.8948444872726716
164.02539011583514,0.25357413679270707
164.03326119362754,0.7306357344510632
164.04113227141994,0.8128510951001081
164.04900334921234,1.1933663402206636
164.05687442700474,0.36958107448534605
164.06474550479714,0.06225847944981976
164.07261658258955,4.904628759304333
164.08048766038195,1.8835744505606795
164.08835873817435,1.6338772604360596
164.09622981596675,0.21055683308336348
164.10410089375915,0.4884084708557257
164.11197197155155,2.1755547551764294
164.11984304934396,1.0379407769892866
164.12771412713636,5.1151614572547075
164.13558520492876,0.9194881913860097
164.14345628272116,0.5150850872021219
164.15132736051356,1.1025058469522149
164.15919843830596,0.3386512528511671
164.16706951609837,0.7392912715067154
164.17494059389074,0.7844879427407152
164.18281167168314,1.6238257602256043
164.19068274947554,0.7227244438662034
164.19855382726794,1.602043484022956
164.20642490506037,4.819800121979282
164.21429598285275,7.473062663493582
164.22216706064515,3.1221130568842423
164.23003813843755,10.280355818336472
164.23790921622995,0.47118914194696027
164.24578029402235,1.4327655149289056
164.25365137181475,2.191248588721001
164.26152244960716,3.430344334089334
164.26939352739956,4.0764880897849025
164.27726460519196,4.221548862871467
164.28513568298436,1.4863256611808864
164.29300676077676,7.727728561943887
164.30087783856916,1.3491545855634335
164.30874891636157,0.3218074336356554
164.31661999415397,0.874738166996478
164.32449107194637,2.6967210470598015
164.33236214973877,1.2785093125406144
164.34023322753117,0.2324569582568388
164.34810430532357,0.6695643528674597
164.35597538311598,1.747329647488226
164.36384646090838,0.41667632333248505
164.37171753870078,2.2478041505235486
164.37958861649318,2.084249103642761
164.38745969428555,2.0247658772063875
164.39533077207795,1.8400197556469224
164.40320184987036,0.48530118178172615
164.41107292766276,0.635435605235251
164.41894400545516,0.03946186738459467
164.42681508324756,0.026751184685125353
164.43468616103996,0.1197165798766574
164.44255723883236,0.08412902582160171
164.45042831662477,0.2275077595410294
164.45829939441717,0.3597766266290684
164.46617047220957,0.12132298369591274
164.47404155000197,0.1266715522411254
164.48191262779437,0.6065795457848213
164.48978370558677,0.03294749400762612
164.49765478337918,0.19527318914506572
164.50552586117158,0.025011051750567583
164.51339693896398,1.5124988264260282
164.52126801675638,0.24892258945655377
164.52913909454878,0.5032077337858172
164.53701017234118,2.2586951206195662
164.5448812501336,0.1538654429949197
164.552752327926,0.437074398462011
164.5606234057184,0.2958974185310808
164.5684944835108,0.07923273875269281
164.5763655613032,1.5020914521697402
164.5842366390956,3.084539773668773
164.592107716888,0.6170711694394653
164.59997879468037,0.07013193056314193
164.60784987247277,0.34173979388874304
164.61572095026517,1.4796579190762418
164.62359202805757,1.4760966522818249
164.63146310584995,1.1806513874985323
164.63933418364238,1.718094000144179
164.64720526143478,3.2361815828323075
164.65507633922718,0.21816033352021663
164.66294741701958,1.7466614228893318
164.67081849481198,1.2745253070574247
164.67868957260438,1.9111276734641347
164.6865606503968,1.5292428839878605
164.6944317281892,0.2591377204714032
164.7023028059816,1.6322326995950176
164.710173883774,0.10239099975860554
164.7180449615664,3.4409212278625008
164.7259160393588,5.765234255236548
164.7337871171512,3.987499020149905
164.7416581949436,0.8768320136432518
164.749529272736,0.4837195062705623
164.7574003505284,0.5771057931690002
164.7652714283208,0.798915054581611
164.7731425061132,1.5171095650536799
164.7810135839056,1.4242792126834498
164.788884661698,2.5558508983344
164.7967557394904,1.9790932502761036
164.8046268172828,1.935566615620038
164.8124978950752,0.5682864838900612
164.82036897286758,0.2870385648015679
164.82824005066,0.5905469016209542
164.8361111284524,0.03134621348867953
164.8439822062448,2.8013527460578302
164.8518532840372,2.4330290546725566
164.8597243618296,0.4421592376934259
164.867595439622,2.1145947791409134
164.8754665174144,3.459040509612728
164.8833375952068,1.3717907546408945
164.8912086729992,6.351444715581658
164.8990797507916,10.825875913431576
164.906950828584,18.02628883818424
164.9148219063764,3.851886778646365
164.9226929841688,2.1036842834952285
164.9305640619612,2.586719113156067
164.9384351397536,4.135867166332148
164.946306217546,2.9460658284783388
164.9541772953384,20.070325138990665
164.9620483731308,17.93467557526187
164.9699194509232,3.5369969565010067
164.97779052871562,0.9186121423819652
164.98566160650802,0.008639434368848297
164.99353268430042,0.39198143898507853
165.00140376209282,0.45898821784914434
165.00927483988522,12.280314847760181
165.01714591767762,6.176403595437034
165.02501699547005,4.009369850373162
165.0328880732624,4.519786799442454
165.0407591510548,0.4339788967620107
165.0486302288472,5.430657005348742
165.0565013066396,1.4029199915653026
165.064372384432,1.6260019910296468
165.0722434622244,1.1198495525006578
165.0801145400168,3.087270012324228
165.0879856178092,0.65955351821065
165.0958566956016,0.6857517116581265
165.103727773394,20.88730719077704
165.1115988511864,11.183481907479813
165.11946992897882,22.11169565064714
165.12734100677122,0.30862796024316685
165.13521208456362,11.701132170736312
165.14308316235602,6.846698293574278
165.15095424014842,17.779948137951493
165.15882531794082,0.7723627468470974
165.16669639573325,6.390249617426316
165.17456747352563,27.496756226142878
165.18243855131803,4.486087817826538
165.19030962911043,0.9601524769439191
165.19818070690283,3.086929054996095
165.20605178469523,54.47404268244965
165.21392286248764,2.2678273283728796
165.22179394028004,3.51882678438522
165.22966501807244,4.605750307575289
165.23753609586484,0.5930900378512171
165.2454071736572,1.618156773619447
165.2532782514496,2.9702315125065355
165.26114932924202,9.029498835422435
165.26902040703442,5.386108356778187
165.27689148482682,0.8680291361522113
165.28476256261922,0.24889703478071593
165.29263364041162,8.449660234831056
165.30050471820402,5.342452363494411
165.30837579599643,1.3848814372365557
165.31624687378883,0.2655415881262143
165.32411795158123,4.508820033505987
165.33198902937363,1.5813736697475393
165.33986010716603,1.3031339190000126
165.34773118495843,0.2804825987373212
165.35560226275084,0.20467288042696327
165.36347334054324,0.05031843372557299
165.37134441833564,1.6525597692355845
165.37921549612804,0.11134202973399873
165.38708657392044,0.5518119404458633
165.39495765171284,5.528443799304365
165.40282872950525,1.7898614400527566
165.41069980729765,1.4398959985129443
165.41857088509005,0.0642944626899312
165.42644196288245,0.5840962902826317
165.43431304067485,5.8273978063344805
165.44218411846725,2.3099929401334744
165.45005519625963,1.6074084764156455
165.45792627405206,0.33809906185339117
165.46579735184443,6.603994524531299
165.47366842963683,9.362471706632608
165.48153950742923,0.17604742289515746
165.48941058522163,0.7980744394822475
165.49728166301404,3.997758175632663
165.50515274080644,5.28652057714082
165.51302381859884,0.03780648178162314
165.52089489639124,4.934893871779181
165.52876597418364,3.7349429281745157
165.53663705197604,3.799184008643163
165.54450812976845,0.4535078934070531
165.55237920756085,3.5702814415661703
165.56025028535325,1.7570015086968083
165.56812136314565,0.9666280129485779
165.57599244093805,0.7306064381340457
165.58386351873045,1.0217694823102226
165.59173459652283,0.08551857740817112
165.59960567431526,0.7124707710236012
165.60747675210766,0.9489281351893394
165.61534782990006,2.3765148371370524
165.62321890769246,1.3893240178404553
165.63108998548486,0.7507645561118191
165.63896106327726,2.426991089828511
165.64683214106967,0.11964132814986383
165.65470321886207,0.437155621337301
165.66257429665447,1.7466823056135758
165.67044537444687,0.808941770242711
165.67831645223924,0.9755345562066574
165.68618753003165,0.26098049117441724
165.69405860782405,5.188056641193663
165.70192968561645,3.32498677627231
165.70980076340885,0.4112360041394793
165.71767184120125,0.901481681733355
165.72554291899365,0.8524838555317213
165.73341399678606,0.049734556601407125
165.74128507457846,2.2330333704531276
165.74915615237086,0.3304557355730282
165.75702723016326,0.6588919780720793
165.76489830795566,0.279957119303843
165.77276938574806,1.4405408475540191
165.78064046354046,0.18749919805677567
165.78851154133287,0.495961097609815
165.79638261912527,0.7989136360908774
165.80425369691767,0.17017431266021507
165.81212477471007,0.6782558806530392
165.81999585250247,1.5644014268605146
165.82786693029487,3.0781173494932927
165.83573800808728,0.18895919175120146
165.84360908587968,3.071993081342502
165.85148016367208,2.0232715590416985
165.85935124146448,0.3049854633566417
165.86722231925688,1.1742168593407987
165.87509339704928,0.5288848689847501
165.88296447484169,1.0640943989765461
165.89083555263406,0.711353211973798
165.89870663042646,0.6892703161109803
165.90657770821886,1.6859769417120056
165.91444878601126,1.3803407697740748
165.92231986380366,2.792183461445648
165.93019094159607,0.6525958885076922
165.93806201938847,1.2788885703627604
165.94593309718087,0.6864108235298395
165.95380417497327,1.255244119940149
165.96167525276567,1.7540299121496898
165.96954633055807,1.0572764911768635
165.97741740835048,1.4552379917029263
165.98528848614288,1.3357270250372986
165.99315956393528,0.49892741983586536
166.00103064172768,1.463800196507894
166.00890171952008,0.21300722884885132
166.01677279731248,0.03749748329446533
166.02464387510489,0.041141924271340585
166.0325149528973,1.168584863629237
166.0403860306897,1.4160177221166768
166.0482571084821,0.11318301961541286
166.0561281862745,0.7670717760754882
166.0639992640669,0.6836851948420654
166.0718703418593,0.6210845862722377
166.0797414196517,0.784999950614051
166.0876124974441,0.9210950575977027
166.0954835752365,0.6858652261349495
166.1033546530289,0.3878201811705964
166.11122573082127,0.35842396454707975
166.11909680861368,1.057008546700282
166.12696788640608,0.17044342665241108
166.13483896419848,0.9880248870805673
166.14271004199088,0.006171902937362521
166.15058111978328,0.16361082983134947
166.15845219757568,0.008014908193570043
166.1663232753681,0.7473020742426203
166.1741943531605,1.4236631594298264
166.1820654309529,0.767574852657076
166.1899365087453,1.254263227385913
166.1978075865377,3.2418606442409725
166.2056786643301,0.6009336760748576
166.2135497421225,0.4384653957271413
166.2214208199149,3.3780680986979696
166.2292918977073,1.4718544253643526
166.2371629754997,4.72252004775423
166.2450340532921,1.0336934539176226
166.2529051310845,4.08583795933561
166.2607762088769,2.6815483198949086
166.2686472866693,3.872687079901628
166.2765183644617,2.409156642820304
166.2843894422541,0.5832948066037902
166.2922605200465,3.175005638795827
166.3001315978389,9.070984001458148
166.30800267563131,2.3384795419707674
166.31587375342372,0.41866993340037534
166.3237448312161,0.7180077630738404
166.3316159090085,0.031808202858771444
166.3394869868009,2.2360761810565233
166.3473580645933,2.8743311812995653
166.3552291423857,2.31647103088304
166.3631002201781,3.7388773362953507
166.3709712979705,0.5883641092775067
166.3788423757629,5.240933353974851
166.3867134535553,2.318001434358431
166.3945845313477,0.7114545557603095
166.4024556091401,0.8575475190901539
166.4103266869325,2.1007114736247305
166.4181977647249,4.072839987286886
166.4260688425173,4.417610927077542
166.4339399203097,0.1874113639066749
166.4418109981021,0.5386897523229632
166.44968207589451,0.6416294627078476
166.45755315368692,1.6236960439895023
166.46542423147932,2.1315757479039266
166.47329530927172,3.3479182792246966
166.48116638706412,1.1437285878066281
166.48903746485652,0.218095936224749
166.49690854264892,0.6199192264612934
166.50477962044133,1.028871950765255
166.51265069823373,0.12254079924501272
166.52052177602613,0.3791377573373909
166.52839285381853,2.857308241204768
166.5362639316109,0.6915261405877595
166.5441350094033,1.3006996518459828
166.5520060871957,1.9266772781729524
166.5598771649881,0.074210800246808
166.5677482427805,0.35194737567442796
166.5756193205729,1.7637426432507277
166.5834903983653,1.068470723322516
166.59136147615772,0.023685564864557123
166.59923255395012,1.7768921596948402
166.60710363174252,0.6220688593753031
166.61497470953492,0.2613049068121685
166.62284578732732,0.6513962930339137
166.63071686511972,0.924170767988826
166.63858794291212,2.186936363567024
166.64645902070453,0.8971301102927568
166.65433009849693,2.3086236299091336
166.66220117628933,2.3809581873106773
166.67007225408173,1.1665369109529933
166.67794333187413,0.16278812240458532
166.68581440966653,2.09487109005324
166.69368548745894,12.252230830886116
166.70155656525134,5.321988646690259
166.70942764304374,8.818414059558028
166.71729872083614,7.476930000133316
166.72516979862854,9.035958269551525
166.73304087642094,0.3167876021694407
166.74091195421337,8.890262217825686
166.74878303200575,0.5677853540785196
166.75665410979812,1.1123911686363825
166.76452518759052,2.181886580236842
166.77239626538292,2.1482581039959774
166.78026734317532,2.616645042127864
166.78813842096773,0.42871735625338986
166.79600949876013,0.427613686703944
166.80388057655253,0.8887028963332556
166.81175165434493,1.6996823110197088
166.81962273213733,0.06848067157210948
166.8274938099297,0.10001577859825209
166.83536488772214,0.555017868179444
166.84323596551454,0.16647005573091367
166.85110704330694,0.30463608117027335
166.85897812109934,0.2631296698421723
166.86684919889174,0.6813584153725806
166.87472027668414,0.4088508177511547
166.88259135447657,0.26814429442492593
166.89046243226895,0.9414450243955595
166.89833351006135,2.7894896426954414
166.90620458785375,1.98331062347395
166.91407566564615,0.33889650653275705
166.92194674343855,0.6741760706118715
166.92981782123096,0.29491087166046576
166.93768889902336,1.917493805617633
166.94555997681576,0.136041201874511
166.95343105460816,0.5284490699600901
166.96130213240056,2.274333555660553
166.9691732101929,4.783204355701319
166.97704428798534,0.4742519243941358
166.98491536577774,1.7660158691234964
166.99278644357014,0.38228090529009956
167.00065752136254,1.1335765186742066
167.00852859915494,1.9721975500467674
167.01639967694734,0.0489386356657668
167.02427075473975,5.454778168113076
167.03214183253215,0.6395598753322225
167.04001291032455,3.0357347701353503
167.04788398811695,1.6718354643624385
167.05575506590935,0.6889445199579352
167.06362614370175,0.7214792355977855
167.07149722149416,0.48537362639482473
167.07936829928656,1.263138639815381
167.08723937707896,0.5579154246875195
167.09511045487136,0.24829716806220614
167.10298153266376,0.24681991588395172
167.11085261045616,1.7168449445768683
167.11872368824856,1.8360710709391557
167.12659476604097,0.7421691051199498
167.13446584383337,0.34237370663233374
167.14233692162577,0.34701809567241254
167.15020799941817,1.639843783878212
167.15807907721057,1.1369011442093218
167.16595015500295,0.010868564779787322
167.17382123279538,0.7979462312370271
167.18169231058778,0.3543446431318712
167.18956338838015,0.725613566280302
167.19743446617255,5.429790303606814
167.20530554396495,4.617406884880028
167.21317662175736,4.7807864543379
167.22104769954976,2.892360789855112
167.22891877734216,0.051133150703810436
167.23678985513456,1.7653987541576395
167.24466093292696,0.7013629568049456
167.25253201071936,0.3716659043735709
167.26040308851177,1.330781269709325
167.26827416630417,0.9381890048402908
167.27614524409657,1.031568476898573
167.28401632188897,0.6151204046198341
167.29188739968137,0.29462362409796794
167.29975847747377,3.483573203215762
167.30762955526615,0.3297842396101858
167.31550063305858,0.47494700283585517
167.32337171085098,3.0692863574181644
167.33124278864338,0.7147297396441082
167.33911386643578,1.2559104864329929
167.34698494422818,0.35308170528601013
167.35485602202058,0.16955429954210322
167.362727099813,0.7250101606065754
167.3705981776054,1.308079576716717
167.3784692553978,0.5358499694659923
167.3863403331902,1.3561957220906349
167.3942114109826,0.8626348191295401
167.40208248877497,0.24754490577212632
167.40995356656737,1.147123580262629
167.41782464435977,2.267800809152396
167.42569572215217,0.3460004054071788
167.43356679994457,0.0945764195771573
167.44143787773697,0.14252651768890046
167.44930895552935,0.40125791001898947
167.45718003332178,0.6917094337516521
167.46505111111418,0.06623524338782753
167.47292218890658,0.2173208949319083
167.48079326669898,0.7248855358471548
167.48866434449138,0.9200106991595013
167.49653542228378,0.13651937384892512
167.5044065000762,2.299465494313265
167.5122775778686,0.024250968063247506
167.520148655661,0.06945149243651871
167.5280197334534,0.2142859443872673
167.5358908112458,0.7385483446554556
167.5437618890382,0.010993052956833475
167.5516329668306,0.1716901050187897
167.559504044623,0.4091032532670536
167.5673751224154,0.23798664824056015
167.5752462002078,1.6811203065449971
167.5831172780002,0.9627031204190458
167.5909883557926,0.3288794703420789
167.598859433585,1.372560421491639
167.6067305113774,0.3786108581951331
167.61460158916978,0.46815925800937636
167.62247266696218,0.40705649080538947
167.63034374475458,0.4180387308964226
167.63821482254698,2.9210699052333275
167.6460859003394,1.2527580624276846
167.6539569781318,0.5470807571098116
167.6618280559242,0.50140524262218
167.6696991337166,0.8000307765366652
167.677570211509,0.1039104879127128
167.6854412893014,0.009585818177468374
167.6933123670938,0.1464221183289802
167.7011834448862,0.24164987971175533
167.7090545226786,0.13867117101758664
167.716925600471,2.027064827921337
167.7247966782634,2.118917420255697
167.7326677560558,2.8983987768305512
167.7405388338482,0.25298285241702134
167.7484099116406,0.1729161752859115
167.756280989433,0.11591857563435062
167.7641520672254,0.33345707382226863
167.7720231450178,0.6754061191745585
167.7798942228102,1.623399862735055
167.78776530060262,0.743896302301801
167.79563637839502,0.16960498822237657
167.80350745618742,0.45682234940758154
167.81137853397982,0.9036112352382442
167.81924961177222,0.30682628975127546
167.82712068956462,0.8592707654596372
167.834991767357,0.47853440815548653
167.8428628451494,1.348466305980947
167.8507339229418,0.42883817860603407
167.8586050007342,1.0914679342876845
167.8664760785266,0.12883397445914013
167.874347156319,0.09438807007001815
167.8822182341114,0.11995385993179368
167.8900893119038,0.3434282166155516
167.8979603896962,0.5574274174918242
167.9058314674886,2.3458763937304252
167.913702545281,2.908915544379083
167.9215736230734,2.581979885565625
167.92944470086582,1.3364625957699738
167.93731577865822,3.2117479085687926
167.94518685645062,0.06417383594799438
167.95305793424302,0.2758899117141658
167.96092901203542,0.2667709547719472
167.96880008982782,0.050618248123907895
167.97667116762022,3.3711605954971637
167.98454224541263,0.4250332422809316
167.99241332320503,0.1757660915292212
168.00028440099743,3.3539039700377145
168.00815547878983,0.3966566194998968
168.01602655658223,1.4397818422501105
168.02389763437463,1.3532459329468878
168.03176871216704,0.48593367353928907
168.03963978995944,0.3715691360812964
168.0475108677518,0.34301488148397274
168.0553819455442,0.8581743936643386
168.0632530233366,0.34400315770335016
168.07112410112902,0.46690142261007256
168.07899517892142,0.13156163928014675
168.08686625671382,0.9811795152333478
168.09473733450622,1.588946842286666
168.10260841229862,1.1060008474874532
168.11047949009102,0.6439394242225323
168.11835056788345,0.31872907114307913
168.12622164567583,0.6491015494882567
168.13409272346823,0.5221322441813736
168.14196380126063,0.732073260399804
168.14983487905303,0.5134811433709083
168.15770595684543,0.8539252277615923
168.16557703463783,1.3118515633737609
168.17344811243024,0.19046598628732828
168.18131919022264,0.22093748565168259
168.18919026801504,1.0427957389345237
168.19706134580744,1.4299758790675634
168.20493242359984,0.6884538081100432
168.21280350139224,2.931633527902973
168.22067457918465,0.0763765027305161
168.22854565697705,1.4665532989619787
168.23641673476945,0.17810376371736025
168.24428781256185,1.2875847313750204
168.25215889035425,1.4927069829706934
168.26002996814665,0.2737378152056131
168.26790104593903,0.34701948754860046
168.27577212373143,0.10166448008447379
168.28364320152383,5.574832327296643
168.29151427931623,0.1524070113624086
168.29938535710863,0.7012281898830288
168.30725643490103,2.32380736077071
168.31512751269344,1.7431265994285048
168.32299859048584,0.07910053496003476
168.33086966827824,5.535528066827631
168.33874074607064,0.6562639233042379
168.34661182386304,1.441626329551399
168.35448290165544,0.6762994752903375
168.36235397944785,0.16116527758301816
168.37022505724025,2.080202277464256
168.37809613503265,0.4120407602094237
168.38596721282505,1.4086454852304688
168.39383829061745,0.2816923707405581
168.40170936840985,0.08847812271425994
168.40958044620226,0.17483112672660545
168.41745152399466,0.09057625095556714
168.42532260178706,0.9502503641667145
168.43319367957946,0.3997073381327275
168.44106475737186,2.8287031858024325
168.44893583516426,0.07784904468196659
168.4568069129567,0.30011654878519006
168.46467799074907,0.17276828462012814
168.47254906854147,0.06500232283457331
168.48042014633384,0.5793058130656121
168.48829122412624,0.06469647993112464
168.49616230191864,0.4062576196267887
168.50403337971105,1.639186467448512
168.51190445750345,0.47441772595902726
168.51977553529585,0.28717697955630683
168.52764661308825,0.4452682996777991
168.53551769088065,0.9723425182736674
168.54338876867303,1.6700338359988711
168.55125984646546,1.0076934167811304
168.55913092425786,2.8068481926553206
168.56700200205026,4.268124974408107
168.57487307984266,0.5146367516284082
168.58274415763506,0.23702739028529396
168.59061523542746,1.87305468977948
168.5984863132199,0.5763019007111477
168.60635739101227,0.07420416090800193
168.61422846880467,0.06200778142430451
168.62209954659707,0.858498956430033
168.62997062438947,0.9469744239069453
168.63784170218187,0.18399324116759852
168.64571277997428,0.24093650330499825
168.65358385776668,0.5815731045356775
168.66145493555908,0.6773779511124016
168.66932601335148,0.02556951411746404
168.67719709114388,0.06489357561985921
168.68506816893628,0.34948586568575
168.69293924672866,3.3497123480691333
168.70081032452106,0.9931775405311997
168.70868140231346,0.5384902803054983
168.71655248010586,1.6919338603661764
168.72442355789826,1.8230884063278847
168.73229463569066,1.8567107808677683
168.7401657134831,1.5551581655229076
168.74803679127547,2.1654482994787356
168.75590786906787,2.5810838786083603
168.76377894686027,0.9581682942765688
168.77165002465267,5.192980367133338
168.77952110244507,3.025637183763287
168.78739218023748,1.351342461717874
168.79526325802988,2.196313671214233
168.80313433582228,0.24966548079488604
168.81100541361468,5.844072192209657
168.81887649140708,5.642448245694272
168.82674756919948,1.3430435370646219
168.83461864699188,2.7636254974692593
168.8424897247843,5.8462866931136395
168.8503608025767,2.6806733622639167
168.8582318803691,4.523214301306861
168.8661029581615,0.2012835937365197
168.8739740359539,0.8412192814739197
168.8818451137463,1.647540375471441
168.8897161915387,0.045027975818625374
168.8975872693311,2.4330488527380236
168.90545834712347,0.17848071961613304
168.91332942491587,6.706379800753663
168.92120050270827,1.5010509213089482
168.92907158050068,0.7594876354867184
168.93694265829308,2.8615910595850305
168.94481373608548,0.9285120191626276
168.95268481387788,1.4014677814265937
168.96055589167028,0.8732366577310212
168.96842696946268,0.7153567544811807
168.97629804725509,0.47133444987095946
168.9841691250475,2.282230944014997
168.9920402028399,0.5015816408388193
168.9999112806323,0.43762159280354623
169.0077823584247,0.1840588593018082
169.0156534362171,3.3457949970830163
169.0235245140095,3.048514374386151
169.0313955918019,0.31320873542806404
169.0392666695943,3.1930244360883204
169.0471377473867,0.004638474526725988
169.0550088251791,0.5993690723343256
169.0628799029715,1.4177892068031268
169.0707509807639,0.10119343030778899
169.0786220585563,0.4441734664204432
169.0864931363487,1.2383743899380293
169.0943642141411,0.7827464408990121
169.1022352919335,0.13566618874953543
169.1101063697259,1.260865621873699
169.1179774475183,0.7310886035676679
169.1258485253107,1.5527754478212739
169.1337196031031,1.0197181724587867
169.1415906808955,1.8057838970893112
169.1494617586879,0.3210702892781706
169.1573328364803,0.2327719725463083
169.1652039142727,0.8227131256240224
169.1730749920651,0.3771927717015455
169.1809460698575,0.9034791727525036
169.1888171476499,0.3435861139691731
169.1966882254423,0.7596934222280817
169.2045593032347,1.6090858192583215
169.2124303810271,0.34189410280133
169.2203014588195,3.566318418457225
169.2281725366119,1.2536404941874997
169.2360436144043,2.0069416893796075
169.2439146921967,0.00670948549227767
169.2517857699891,6.0723344591587995
169.2596568477815,2.1480756539335304
169.26752792557392,0.027949686731662794
169.27539900336632,3.467460093012464
169.28327008115872,2.467305896539711
169.29114115895112,1.8698728735374568
169.29901223674352,0.7747792710725506
169.30688331453592,0.02874431771755896
169.31475439232833,5.541758825041373e-06
169.32262547012073,0.21756751903544336
169.33049654791313,3.491129596108358
169.3383676257055,1.7807178531145285
169.3462387034979,1.7459711304998122
169.3541097812903,2.797442579595952
169.3619808590827,6.046310375646642
169.3698519368751,0.13941379862331355
169.3777230146675,0.07607392706927085
169.3855940924599,3.9561050824131367
169.3934651702523,3.300279345178616
169.40133624804471,0.2763103119871439
169.40920732583712,0.7819344123372787
169.41707840362952,0.3831802943318401
169.42494948142192,0.8283174696767676
169.43282055921432,1.1390799171451296
169.44069163700672,0.4083631311043139
169.44856271479912,0.9123808306717359
169.45643379259153,0.8663002010399338
169.46430487038393,1.7621444573152225
169.47217594817633,8.659156798134616
169.48004702596873,1.1333745962467159
169.48791810376113,0.09084634435390786
169.49578918155353,2.4414071231343577
169.5036602593459,0.8910492293135537
169.51153133713834,0.31103476896447063
169.51940241493074,1.0771960416177502
169.52727349272314,0.3157239748458514
169.53514457051554,0.3451078467839
169.54301564830794,4.979607550498521
169.55088672610032,17.663102295563988
169.55875780389272,4.703347537420963
169.56662888168512,0.2671029763193338
169.57449995947752,6.389022698062578
169.58237103726992,4.010400995096493
169.59024211506232,3.1318195736759167
169.59811319285473,0.05988038406145667
169.60598427064713,2.350417887168172
169.61385534843953,2.3431837573238647
169.62172642623193,0.9359010825535984
169.62959750402433,4.344615480280335
169.63746858181673,1.6477674939454423
169.64533965960914,9.684669465324243
169.65321073740154,7.998746620518281
169.66108181519394,3.315132742405379
169.66895289298634,1.9674251235962208
169.67682397077874,0.35157589803741324
169.68469504857114,2.7021013512248913
169.69256612636354,2.0113274092853013
169.70043720415595,5.576127421890119
169.70830828194835,2.473919757720891
169.71617935974075,0.8981733902864558
169.72405043753315,2.977064014232945
169.73192151532555,0.02173314462484439
169.73979259311795,2.3606375722665636
169.74766367091036,0.735380014282664
169.75553474870276,3.697714260458736
169.76340582649516,0.6242545539802682
169.77127690428753,1.9789052280274468
169.77914798207993,6.769044872477553
169.78701905987234,2.6568461355863167
169.79489013766474,1.0647142245914685
169.80276121545714,3.7654346207069804
169.81063229324954,14.07962725184757
169.81850337104194,4.66571766226321
169.82637444883434,5.242324840332187
169.83424552662677,3.30053522045614
169.84211660441915,4.993705794065122
169.84998768221155,2.6009191446548807
169.85785876000395,5.0961457836088435
169.86572983779635,5.154430135555082
169.87360091558875,7.398826744686588
169.88147199338115,0.10461014155719121
169.88934307117356,1.046673650819717
169.89721414896596,0.8156752981823926
169.90508522675836,4.613255692641764
169.91295630455076,0.2490453529507363
169.92082738234316,3.2072086815209127
169.92869846013556,4.815827200475302
169.93656953792797,0.8587058706248597
169.94444061572037,1.4473258427052682
169.95231169351277,0.230927194055875
169.96018277130517,0.12831248963946112
169.96805384909757,1.6974471489829253
169.97592492688997,4.810217422995344
169.98379600468235,0.930117271771455
169.99166708247475,5.965717039283257
169.99953816026715,4.442864834331349
170.00740923805955,0.10170109558164564
170.01528031585195,5.116177231938224
170.02315139364435,1.7423323335642609
170.03102247143676,6.7734101531128035
170.03889354922916,1.267153471882651
170.04676462702156,1.6414798113996647
170.05463570481396,0.19434254036015713
170.06250678260636,0.3372097372594925
170.07037786039876,4.25680502273421
170.07824893819117,1.9117122574443848
170.08612001598357,1.0167902845167551
170.09399109377597,0.5835630150999462
170.10186217156837,1.9089740793476409
170.10973324936077,2.8739328000882773
170.11760432715317,0.15878637974509782
170.12547540494558,1.4625530472844144
170.13334648273798,1.7310897236811214
170.14121756053038,0.3507483853241641
170.14908863832278,1.220670254835642
170.15695971611518,1.543910834487919
170.16483079390758,0.30404471571825703
170.1727018717,1.7284136226377866
170.1805729494924,0.17740035900930443
170.1884440272848,0.9721244164894695
170.19631510507716,0.2793321433907453
170.20418618286956,0.09407159446099887
170.21205726066196,0.14969871509666913
170.21992833845437,0.40619525290287345
170.22779941624677,0.26812360897830523
170.23567049403917,0.5106814975973822
170.24354157183157,1.8309979737166289
170.25141264962397,0.05955955252945873
170.25928372741637,2.746383248737648
170.26715480520878,0.3496464763364961
170.27502588300118,0.3820255684113599
170.28289696079358,0.42548266658400913
170.29076803858598,0.46780655640948565
170.29863911637838,1.048880219499335
170.30651019417078,0.3717483404999759
170.3143812719632,0.06582441274705239
170.3222523497556,1.011050734321191
170.330123427548,2.0746279187502004
170.3379945053404,1.4830627503288205
170.3458655831328,0.8410555950861938
170.3537366609252,1.0763915422229546
170.3616077387176,2.2817206017457807
170.36947881651,0.4527578077904309
170.3773498943024,1.7815546871196835
170.3852209720948,1.8746935931739719
170.3930920498872,1.3655069691548365
170.4009631276796,0.06465713276717788
170.408834205472,0.38698016732035295
170.41670528326438,0.6168644808002598
170.42457636105678,0.9793849794258198
170.43244743884918,0.33503121965891
170.44031851664158,0.5792409580482829
170.44818959443398,1.71589188491249
170.4560606722264,0.23204319626954795
170.4639317500188,0.5792906909092483
170.4718028278112,0.5159921987580668
170.4796739056036,0.09290975009065525
170.487544983396,0.12731514151032475
170.4954160611884,0.3135065526385842
170.5032871389808,0.04519366056785054
170.5111582167732,3.820812260201103
170.5190292945656,0.661548100801738
170.526900372358,3.0711213237341615
170.5347714501504,0.02445726198774804
170.5426425279428,0.9919322994663143
170.5505136057352,0.4500959147722978
170.5583846835276,0.011002406707196516
170.56625576132,1.4746254824149325
170.5741268391124,1.7292841115523176
170.5819979169048,0.015745008603597992
170.5898689946972,1.1535071959879233
170.5977400724896,0.11616610231397714
170.60561115028202,1.2699519866252333
170.61348222807442,1.2149685181608767
170.62135330586682,2.1188006066007072
170.6292243836592,1.314611453793675
170.6370954614516,3.603744427586231
170.644966539244,0.18262782885588932
170.6528376170364,0.5261344996525388
170.6607086948288,0.31029858788098097
170.6685797726212,0.5513383856705047
170.6764508504136,0.315216189908652
170.684321928206,2.0440622944631226
170.6921930059984,0.09326511679276377
170.7000640837908,0.510619845475646
170.7079351615832,0.5475704419428596
170.7158062393756,0.5935060537539616
170.723677317168,0.14188149026438981
170.7315483949604,0.3563386062371478
170.7394194727528,0.2515741679425022
170.74729055054522,0.9320226058063371
170.75516162833762,0.06570861692807313
170.76303270613002,0.4271927514053787
170.77090378392242,0.019845998508715774
170.77877486171482,3.1809406598963976
170.78664593950722,1.1518533320623279
170.79451701729965,0.4527887554106751
170.80238809509203,0.9122733494928053
170.81025917288443,1.5604233170971653
170.81813025067683,0.13277479929740985
170.82600132846923,0.6991281241774712
170.83387240626163,0.9501980210450195
170.84174348405404,1.515616825407266
170.8496145618464,0.19427261648872296
170.8574856396388,0.6758648595800607
170.8653567174312,0.6110809206779881
170.8732277952236,0.3324928882808251
170.881098873016,2.1522178669247634
170.88896995080842,0.3231687319053316
170.89684102860082,0.15107012103054074
170.90471210639322,0.6219143845436361
170.91258318418562,1.3505825931833548
170.92045426197802,0.5068763540291481
170.92832533977042,0.06200683713939963
170.93619641756283,0.7304305414991613
170.94406749535523,0.14087568579093063
170.95193857314763,0.6509757968257208
170.95980965094003,2.424662820280671
170.96768072873243,0.776815095380763
170.97555180652483,1.20331374927999
170.98342288431724,1.4956203585458032
170.99129396210964,2.8148430962409705
170.99916503990204,2.788910132737579
171.00703611769444,0.5641455413907894
171.01490719548684,1.6059275903635601
171.02277827327924,2.9434334585257274
171.03064935107165,1.328974687801646
171.03852042886405,1.3568443271250805
171.04639150665645,1.164765358373322
171.05426258444885,1.3235143532727986
171.06213366224122,3.5105632546859895
171.07000474003362,0.038965448032886194
171.07787581782603,0.463311062550154
171.08574689561843,0.036204161561638463
171.09361797341083,1.2186899927416173
171.10148905120323,0.14110047648692628
171.10936012899563,1.3604724097925367
171.11723120678803,3.014850806617911
171.12510228458044,0.45237302387544565
171.13297336237284,1.0982226500438146
171.14084444016524,1.0805568831129853
171.14871551795764,3.35259447388887
171.15658659575004,3.5417978264691397
171.16445767354244,0.5416811106973679
171.17232875133485,2.302694389605671
171.18019982912725,7.849593564799793
171.18807090691965,1.819253795892892
171.19594198471205,0.4769863793466519
171.20381306250445,1.527333918998626
171.21168414029685,0.0033317690842536436
171.21955521808923,1.7029322470413897
171.22742629588166,3.8044238368864827
171.23529737367406,1.973254544372325
171.24316845146646,3.481339241811498
171.25103952925886,2.7065644145485215
171.25891060705126,5.005675094525894
171.26678168484366,0.5995229274634353
171.27465276263604,4.79907389770533
171.28252384042844,0.2891344750934464
171.29039491822084,2.2945364860274995
171.29826599601324,0.16977693548939957
171.30613707380564,6.026165707488564
171.31400815159805,0.1309767792187506
171.32187922939045,1.5969729291189978
171.32975030718285,14.597820368813144
171.33762138497525,1.0442047921457607
171.34549246276765,0.5233134757244657
171.35336354056005,3.3659034237293723
171.36123461835246,1.5795128933659537
171.36910569614486,1.5184650643131756
171.37697677393726,11.323010268531998
171.38484785172966,1.232636429668824
171.39271892952206,6.562753071555523
171.40059000731446,0.9927619322075883
171.40846108510686,0.2607166208990042
171.41633216289927,2.9233538369825616
171.42420324069167,7.4424317252306995
171.43207431848407,11.154550781069634
171.43994539627647,5.255796155910242
171.44781647406887,6.11606543053495
171.45568755186127,0.3476258952970746
171.46355862965368,6.363077172468204
171.47142970744608,6.36718555010461
171.47930078523848,0.13613957023589524
171.48717186303088,2.0694068368583376
171.49504294082325,4.590486172015718
171.50291401861566,23.496760009771716
171.51078509640806,1.1794174499071421
171.51865617420046,2.0059343721748695
171.52652725199286,3.403385453598906
171.53439832978526,0.9217649968230791
171.54226940757766,0.12712776661313577
171.55014048537006,1.5108666419419838
171.55801156316247,2.2887962613887676
171.56588264095487,4.998394020327606
171.57375371874727,0.965731494905672
171.58162479653967,0.9364319255703574
171.58949587433207,6.760838470018275
171.59736695212447,8.542202993964159
171.60523802991688,3.3546915081163564
171.61310910770928,0.30733405029823946
171.62098018550168,2.1598390847749886
171.62885126329408,0.8818221112395416
171.63672234108648,4.478063431961939
171.64459341887888,2.835402410054998
171.65246449667129,11.596140869500164
171.6603355744637,1.7766627142604892
171.6682066522561,0.5865709765387767
171.6760777300485,1.665458428276504
171.6839488078409,2.852072149735639
171.6918198856333,0.5196684125292301
171.6996909634257,5.701529083684171
171.70756204121807,1.9963280790255402
171.71543311901047,3.480964723964586
171.72330419680287,1.8209151310230811
171.73117527459527,6.540654197830314
171.73904635238767,2.7015741403048525
171.74691743018008,1.7402375547378128
171.75478850797248,1.1239916280654187
171.76265958576488,1.1884750300818643
171.77053066355728,12.19431675628161
171.77840174134968,4.39179867836225
171.78627281914208,1.819845141901737
171.7941438969345,0.8951300447406441
171.8020149747269,0.04227163831651391
171.8098860525193,2.109918815629236
171.8177571303117,3.257266332672842
171.8256282081041,0.1823753976943824
171.8334992858965,0.23198542987341272
171.8413703636889,1.1975767400405333
171.8492414414813,0.39933470553860234
171.8571125192737,0.4976025173035134
171.8649835970661,1.1066984712407155
171.8728546748585,0.9102247795433196
171.8807257526509,1.1727553152219967
171.8885968304433,0.6686475228308005
171.8964679082357,0.92386645308725
171.9043389860281,0.024867950367829874
171.9122100638205,0.8210392196335595
171.92008114161288,2.025748710270568
171.92795221940528,0.49150913788545036
171.9358232971977,1.6438398047866534
171.9436943749901,0.18689457560020398
171.9515654527825,0.20482562757646383
171.9594365305749,0.2881789633863859
171.9673076083673,0.46435500240769895
171.9751786861597,0.07614941994825758
171.9830497639521,0.8992483974364598
171.9909208417445,0.7904953171819252
171.9987919195369,3.2571436506656077
172.0066629973293,0.08814404480963868
172.0145340751217,3.8095482672586183
172.0224051529141,0.2675451707748235
172.0302762307065,3.2480303324831246
172.0381473084989,0.33130761224901867
172.0460183862913,0.12534524680132983
172.0538894640837,0.9913288191214017
172.0617605418761,0.405033126538855
172.0696316196685,0.03226830935636504
172.07750269746091,0.4412903557272706
172.08537377525332,4.2410286278867195
172.09324485304572,1.6101957721584488
172.10111593083812,5.601115550148861
172.10898700863052,0.06085010825827505
172.11685808642292,1.169647197586297
172.12472916421532,0.6239683613760634
172.13260024200773,1.024434565781045
172.1404713198001,0.8412642509588437
172.1483423975925,0.12654714205983392
172.1562134753849,2.154707976256612
172.1640845531773,0.13921442676396922
172.1719556309697,3.21549953294094
172.1798267087621,0.5538784668153468
172.1876977865545,0.42265454517832174
172.1955688643469,1.146912345871399
172.2034399421393,0.9382396685014126
172.2113110199317,0.8580861393170844
172.21918209772412,0.13672514978101852
172.22705317551652,0.589087005304715
172.23492425330892,0.25591458179417426
172.24279533110132,2.1507083399220615
172.25066640889372,0.7397940523148767
172.25853748668612,0.3243021891804423
172.26640856447852,0.11465938442765541
172.27427964227093,0.6580036488411212
172.28215072006333,0.9836864262025223
172.29002179785573,2.120255560858626
172.29789287564813,0.9137178844198985
172.30576395344053,0.09035271833201555
172.31363503123293,0.7930120092614273
172.32150610902534,1.3985011130338738
172.32937718681774,0.6870086601180287
172.33724826461014,1.5457546198493226
172.34511934240254,1.4744143091111688
172.3529904201949,0.8143399914676733
172.36086149798732,7.402769469829288
172.36873257577972,1.0682076124759492
172.37660365357212,0.4236437096983054
172.38447473136452,1.9083394824231665
172.39234580915692,0.4296081426595801
172.40021688694932,0.7359484790619268
172.40808796474172,3.7637642463683028
172.41595904253413,0.6415488291657161
172.42383012032653,2.3725788989258234
172.43170119811893,0.4701991283152794
172.43957227591133,0.8998094247794544
172.44744335370373,0.05376258557814297
172.4553144314961,0.33469785559619075
172.46318550928854,1.3703541735490177
172.47105658708094,1.844742085858229
172.47892766487334,2.062864801557722
172.48679874266574,0.5146722363617151
172.49466982045814,0.22525534438606018
172.50254089825054,0.7720689972879902
172.51041197604297,3.1263476568964474
172.51828305383535,0.17351401412236808
172.52615413162775,1.1830570116544925
172.53402520942015,1.4440347090930012
172.54189628721255,0.025496822380728538
172.54976736500495,0.6329810946842868
172.55763844279736,0.689276263877215
172.56550952058973,0.10092469186018788
172.57338059838213,0.28845531929903173
172.58125167617453,0.045650606221152655
172.58912275396693,0.8738191239816419
172.5969938317593,0.2339185569086243
172.60486490955174,0.30641568631422894
172.61273598734414,0.024887654942689026
172.62060706513654,0.010706607261684573
172.62847814292894,0.039630314805820174
172.63634922072134,0.32924846388316553
172.64422029851374,0.20442184439119268
172.65209137630617,0.6319937059680698
172.65996245409855,0.1721933633502637
172.66783353189095,0.7953507532209573
172.67570460968335,2.080160335893695
172.68357568747575,0.3172810684220576
172.69144676526815,0.4957452632616799
172.69931784306056,0.7138399202481459
172.70718892085296,1.0137105713270198
172.71505999864536,1.1899342413379468
172.72293107643776,0.30429120580155133
172.73080215423016,0.08562528024414282
172.73867323202256,0.3373438378174208
172.74654430981496,2.1153911201785958
172.75441538760737,1.2230632039266809
172.76228646539977,0.1445399710731405
172.77015754319217,0.00032643678030449787
172.77802862098457,0.213511404591198
172.78589969877694,0.049248465631301294
172.79377077656935,0.6700455884227272
172.80164185436175,0.020746372923127594
172.80951293215415,0.12389224286593042
172.81738400994655,0.9503253235863074
172.82525508773895,0.49849144759588665
172.83312616553135,0.6543506721907053
172.84099724332376,1.04263435896888
172.84886832111616,0.16886571177407633
172.85673939890856,0.9651488042709891
172.86461047670096,1.071023642744835
172.87248155449336,0.12081061154617861
172.88035263228576,0.550108087808202
172.88822371007817,1.5944380461304075
172.89609478787057,0.19031921612510067
172.90396586566297,0.21484648801653533
172.91183694345537,0.4828172518321472
172.91970802124777,0.20681558967300542
172.92757909904017,0.38180349605066327
172.93545017683255,0.1731486450586735
172.94332125462498,0.3019006170229065
172.95119233241738,0.7924310220645046
172.95906341020978,1.0604569741661567
172.96693448800218,0.3545498176368844
172.97480556579458,0.5941162519860722
172.98267664358698,0.7729829221058631
172.9905477213794,0.5961279144691475
172.99841879917176,0.6717373710126113
173.00628987696416,0.3037662402771526
173.01416095475656,1.7522434383651255
173.02203203254896,0.31916887262242744
173.02990311034137,0.17973816776042556
173.03777418813377,0.5371238478387306
173.04564526592617,0.020634396549593353
173.05351634371857,0.762869189499035
173.06138742151097,0.13071196387371842
173.06925849930337,0.860790625965593
173.07712957709575,0.2159910572246497
173.08500065488818,0.6816218038031648
173.09287173268058,0.8991561735855464
173.10074281047298,0.35864390499497334
173.10861388826538,0.004189314270780137
173.11648496605778,0.40732034363441216
173.12435604385018,1.9099155458526125
173.1322271216426,0.12302889582928196
173.140098199435,0.14092577080062071
173.1479692772274,0.5042892676248918
173.1558403550198,0.24806526065876863
173.1637114328122,1.2011531234166062
173.1715825106046,1.4877324441294526
173.179453588397,5.27017611634144
173.1873246661894,0.4974433795479197
173.1951957439818,1.6660192341567663
173.2030668217742,0.33861352700458663
173.21093789956657,0.07756545755564288
173.21880897735898,0.04604201312172331
173.22668005515138,4.988039456203326
173.23455113294378,0.2940482618891455
173.24242221073618,0.32415110600989866
173.25029328852858,0.4413327075915563
173.25816436632098,1.067536093884416
173.26603544411338,0.28345159829724825
173.2739065219058,0.11507989334730766
173.2817775996982,1.7746214715487136
173.2896486774906,0.8564394953679383
173.297519755283,0.03912157512132077
173.3053908330754,0.10531383583863928
173.3132619108678,0.5466612679650332
173.3211329886602,0.6163878271832134
173.3290040664526,0.90384169752524
173.336875144245,0.6765966621179768
173.3447462220374,0.9414538780642696
173.3526172998298,0.015013158462739198
173.3604883776222,1.1758239810732543
173.3683594554146,1.1552963021936313
173.376230533207,0.49714623684727927
173.3841016109994,2.330547961770904
173.3919726887918,0.7581623252300079
173.3998437665842,0.268645819245686
173.4077148443766,0.008057160351921833
173.41558592216902,1.3539187004478273
173.42345699996142,1.858777854511305
173.4313280777538,1.921192001473758
173.4391991555462,0.3731789493930568
173.4470702333386,0.01421219806991722
173.454941311131,0.5072702162762983
173.4628123889234,0.10561550504226182
173.4706834667158,0.14694182676726494
173.4785545445082,1.6957492720558767
173.4864256223006,0.028374162855476195
173.494296700093,0.2943691279731939
173.5021677778854,1.7443071626766595
173.5100388556778,0.0031466532129016127
173.5179099334702,0.7900727270278075
173.5257810112626,0.055244218080611716
173.533652089055,0.0010454768139323025
173.5415231668474,0.4991860928518949
173.5493942446398,0.3967822944008605
173.55726532243222,0.8013448671808846
173.56513640022462,0.04620372906657137
173.57300747801702,0.06599821699840604
173.58087855580942,0.305651638816998
173.58874963360182,1.9181937708070875
173.59662071139422,0.3955359501306913
173.60449178918662,0.031347859586305454
173.61236286697903,0.24984242761916178
173.62023394477143,1.4567100781729283
173.62810502256383,0.3287987615018287
173.63597610035623,0.7701406833618725
173.6438471781486,0.9265990904746609
173.651718255941,1.3477450224515322
173.6595893337334,1.7348226833155571
173.6674604115258,0.46998426152505707
173.6753314893182,0.854933986651612
173.6832025671106,0.12192205770259501
173.691073644903,1.9963107253858356
173.69894472269542,0.19638462214569366
173.70681580048782,0.09969918222601827
173.71468687828022,1.3449409051932444
173.72255795607262,1.268921885640873
173.73042903386502,0.037125061523872314
173.73830011165742,1.7908930601289044
173.74617118944985,1.6008949742613776
173.75404226724223,0.032105956420579465
173.76191334503463,1.6776001051447555
173.76978442282703,1.0844670035003607
173.77765550061943,1.2889843849632718
173.78552657841183,0.25665164904897975
173.79339765620423,0.2659168224336707
173.80126873399664,0.10845578219737631
173.80913981178904,0.03401980875543256
173.81701088958144,0.5945280001193983
173.82488196737384,1.4494672929366337
173.83275304516624,0.28659925358329263
173.84062412295864,0.9263188034863108
173.84849520075105,0.11347650875456192
173.85636627854342,0.086141281962487
173.86423735633582,1.567865125880806
173.87210843412822,1.1134377396946424
173.87997951192062,0.5225136020790317
173.88785058971305,0.2819409957214182
173.89572166750543,0.4294692100846219
173.90359274529783,0.030702744672573567
173.91146382309023,0.5614245215146846
173.91933490088263,0.32744964993249914
173.92720597867503,0.839071258085428
173.93507705646743,1.4372706477426043
173.94294813425984,2.612223099795983
173.95081921205224,0.4046650753315038
173.95869028984464,2.077212109312441
173.96656136763704,0.5457357568061273
173.97443244542944,0.08762019105359892
173.98230352322184,1.3513177959195344
173.99017460101425,0.0689664778914778
173.99804567880665,2.615214054207099
174.00591675659905,0.45674340958564275
174.01378783439145,0.8701609870585258
174.02165891218385,0.8556879773521804
174.02952998997625,0.04397711348060799
174.03740106776866,1.8308104389718134
174.04527214556106,1.7877102060335641
174.05314322335346,2.5537839292772344
174.06101430114586,0.48074362712646596
174.06888537893826,2.7877106627890678
174.07675645673064,0.2893811595984214
174.08462753452304,2.0926485822712206
174.09249861231544,3.250100249338383
174.10036969010784,1.1237748140238706
174.10824076790024,2.2697984515568983
174.11611184569264,3.1800204540208714
174.12398292348504,0.2973769332882204
174.13185400127745,1.7778699122489636
174.13972507906985,1.2430652895979841
174.14759615686225,1.6919292059177125
174.15546723465465,0.7536116914081421
174.16333831244705,1.0681833497819575
174.17120939023943,1.53038095044832
174.17908046803186,0.45075479355466613
174.18695154582426,1.8470440419067913
174.19482262361666,0.46841145385809985
174.20269370140906,0.29387579408816805
174.21056477920146,0.8405106698982807
174.21843585699386,1.3743131719710195
174.2263069347863,2.052143681060299
174.23417801257867,0.7898506808487609
174.24204909037107,0.6753225974456215
174.24992016816347,0.029169045359836082
174.25779124595587,3.0526395084829967
174.26566232374827,0.6967681746549531
174.27353340154067,1.8375231724582057
174.28140447933308,1.2954300032168002
174.28927555712545,1.6261152835988566
174.29714663491785,0.4967464896050585
174.30501771271025,0.47299669494657437
174.31288879050263,1.2141603378581955
174.32075986829506,1.2593611534197198
174.32863094608746,0.057501993738146566
174.33650202387986,0.27862401002110104
174.34437310167226,1.4328004879382363
174.35224417946466,0.5570901188173869
174.36011525725706,1.3665396430621486
174.3679863350495,0.6904823826713637
174.37585741284187,0.3150639550798727
174.38372849063427,0.216751236377408
174.39159956842667,1.3051696573673617
174.39947064621907,1.1595464832208229
174.40734172401147,0.832867641030832
174.41521280180388,1.2519153441895587
174.42308387959628,0.001880317444522341
174.43095495738868,0.341610215573176
174.43882603518108,0.8194025353178706
174.44669711297348,0.18752736493658992
174.45456819076588,0.36947441639505707
174.46243926855828,0.43175265481051495
174.4703103463507,0.26606720370875314
174.4781814241431,0.12661454492047175
174.4860525019355,0.5988553588114137
174.4939235797279,0.6439407932903136
174.5017946575203,3.4789857104472066
174.50966573531267,1.9806407265163126
174.51753681310507,0.8292701558384027
174.52540789089747,0.11567502580839736
174.53327896868987,0.9016876004242084
174.54115004648227,0.21887841230394486
174.54902112427467,1.4041625666460835
174.55689220206708,0.1204112778508031
174.56476327985948,1.0327609854299136
174.57263435765188,0.12381884648377738
174.58050543544428,3.2299011497643146
174.58837651323668,0.18168621409558466
174.59624759102908,0.43164901522083643
174.60411866882149,1.0694843231693685
174.6119897466139,3.682277901175885
174.6198608244063,0.04004918257105178
174.6277319021987,1.2190371563167932
174.6356029799911,0.5992496647795227
174.6434740577835,0.723745531249646
174.6513451355759,0.5766817456383653
174.6592162133683,1.3505249550526515
174.6670872911607,0.2001825425605652
174.6749583689531,0.47950636280859565
174.6828294467455,1.1904472070892615
174.6907005245379,1.7524055964185457
174.6985716023303,3.9876812053236947
174.7064426801227,1.0334762590801623
174.7143137579151,0.7799331455930268
174.72218483570748,0.06937567757266117
174.73005591349988,0.3230669491850837
174.73792699129228,0.39229235500781395
174.74579806908469,0.8712773210190684
174.7536691468771,1.3441134386814682
174.7615402246695,0.24503504274139976
174.7694113024619,0.6857691790237594
174.7772823802543,2.08520868473508
174.7851534580467,3.884102425964915
174.7930245358391,0.3389848559518938
174.8008956136315,1.8528295525599605
174.8087666914239,1.2320792266423999
174.8166377692163,0.3368023386366323
174.8245088470087,0.3124796101931123
174.8323799248011,3.182474033191183
174.8402510025935,0.46169542185664214
174.8481220803859,2.0344387685237852
174.8559931581783,0.22198965621188907
174.8638642359707,1.1315318540806307
174.8717353137631,1.7264836323857742
174.8796063915555,0.20679593032700114
174.8874774693479,0.5869035771726772
174.89534854714032,0.9142565945492714
174.90321962493272,0.45623299783890425
174.91109070272512,2.3093054282977885
174.91896178051752,0.3205915480790531
174.92683285830992,0.15333481264322146
174.9347039361023,1.2192015344488867
174.9425750138947,0.6287326158715503
174.9504460916871,2.9711628389285196
174.9583171694795,0.890890937987818
174.9661882472719,0.7379999223280501
174.9740593250643,0.5171781993618674
174.9819304028567,1.5095421899393164
174.9898014806491,0.18454927536959823
174.9976725584415,0.4009053811525628
175.0055436362339,0.3508092484713884
175.0134147140263,0.13977750538262707
175.0212857918187,0.63746725341716
175.0291568696111,3.3455475577314044
175.03702794740352,0.07925390702010103
175.04489902519592,1.0699476824256062
175.05277010298832,0.6008514848429859
175.06064118078072,2.7250057564787835
175.06851225857312,1.292285083710259
175.07638333636552,0.833874537014906
175.08425441415793,2.2851703048856833
175.09212549195033,0.15720836204799243
175.09999656974273,5.508662297857692
175.10786764753513,1.1615609823901523
175.11573872532753,0.10673480155535016
175.12360980311993,0.07710920277233894
175.1314808809123,1.7969681914924633
175.13935195870474,1.2063571572085674
175.14722303649714,2.6395721121433637
175.1550941142895,2.1649142683383453
175.1629651920819,1.1978978987930333
175.17083626987431,0.6831583960301459
175.17870734766672,1.7301071809773354
175.18657842545912,0.1708526876473576
175.19444950325152,0.8259951557295507
175.20232058104392,0.9399167485019281
175.21019165883632,0.09079975803341572
175.21806273662872,1.1460804240535456
175.22593381442113,0.17248810476513124
175.23380489221353,1.1563708222359153
175.24167597000593,3.3137466549451755
175.24954704779833,1.4463645938955827
175.25741812559073,0.9218079049033991
175.26528920338313,2.2503090188439447
175.27316028117554,0.6204591673703238
175.28103135896794,0.18937766770983686
175.28890243676034,2.3632072011454044
175.29677351455274,1.071152322451565
175.30464459234514,0.8974536681638016
175.31251567013754,0.13787304250895205
175.32038674792994,0.998914703669119
175.32825782572235,0.03631706465328418
175.33612890351475,0.1397548098769397
175.34399998130715,0.10449522781166781
175.35187105909955,4.572362362328444
175.35974213689195,3.1320275282081758
175.36761321468433,0.46242022298779223
175.37548429247673,2.393203339604238
175.38335537026913,0.5220570936669424
175.39122644806153,1.8034397174948216
175.39909752585393,0.6673991553954352
175.40696860364633,0.43818266113936116
175.41483968143874,2.40614630680821
175.42271075923114,1.6657426750719133
175.43058183702354,0.8938999844268495
175.43845291481594,0.7033169175848928
175.44632399260834,1.0865689529915192
175.45419507040074,2.1662812697212033
175.46206614819314,0.7564094961486942
175.46993722598555,1.9832707723234382
175.47780830377795,1.2940039826987724
175.48567938157035,0.6565094605516448
175.49355045936275,1.0639161733057647
175.50142153715515,1.9197198599097047
175.50929261494755,0.704249858830575
175.51716369273996,0.07790558542152874
175.52503477053236,0.3594393824440727
175.53290584832476,1.5647635583411306
175.54077692611716,0.11380852554898452
175.54864800390956,0.5886607894298405
175.55651908170196,0.10907162099916012
175.56439015949437,0.3223545896924458
175.57226123728677,0.5393181707010322
175.58013231507914,0.8209695644574774
175.58800339287154,0.7785049345682363
175.59587447066394,2.0771617156797118
175.60374554845637,0.134928414275553
175.61161662624875,2.053395662127129
175.61948770404115,0.5034440240870391
175.62735878183355,0.8777866491193933
175.63522985962595,0.6189592364466268
175.64310093741835,3.1349385767052214
175.65097201521075,0.7561933110477745
175.65884309300316,1.3829013152565295
175.66671417079556,0.43052511248351544
175.67458524858796,2.3971736023287242
175.68245632638036,0.21338282921664262
175.69032740417276,1.254435772074333
175.69819848196516,0.46595284592791997
175.70606955975757,1.7652640793957595
175.71394063754997,0.00769366645291405
175.72181171534237,0.5396189398190442
175.72968279313477,0.32312715869112835
175.73755387092717,1.1244876562071848
175.74542494871957,2.5341441014779496
175.75329602651198,0.7461300817739199
175.76116710430438,1.1008869389532638
175.76903818209678,1.7725178917127586
175.77690925988918,1.4757607524393406
175.78478033768158,0.7490404982728246
175.79265141547398,0.9386261875329012
175.80052249326636,1.6749604219337209
175.80839357105876,0.37051494562221937
175.81626464885116,0.34785217194282686
175.82413572664356,1.0517417033787746
175.83200680443596,0.506429134449684
175.83987788222836,0.179053039198873
175.84774896002077,0.138008602168284
175.85562003781317,1.5647127771282918
175.86349111560557,0.399979775359193
175.87136219339797,1.7662377863663083
175.87923327119037,1.7929059449132554
175.88710434898277,1.4400175752567277
175.89497542677518,1.3915452308087393
175.90284650456758,0.5415953363632052
175.91071758235998,0.08909158249157921
175.91858866015238,1.7235436269665763
175.92645973794478,2.779672044029233
175.93433081573718,6.119693838858522
175.9422018935296,2.834027606499961
175.950072971322,2.3413107238751403
175.9579440491144,0.9092596107942063
175.9658151269068,3.3676613944231186
175.9736862046992,2.6269010697167214
175.9815572824916,0.19476740371614062
175.989428360284,2.1631760483775424
175.9972994380764,0.10014563001683874
176.0051705158688,1.048744057674123
176.01304159366117,2.24981071650107
176.02091267145357,0.6649259032617648
176.02878374924595,3.6066959022001477
176.03665482703838,0.9298288262252443
176.04452590483078,0.1521563217124036
176.05239698262318,2.159820075120207
176.06026806041558,1.298118402948679
176.06813913820798,0.9879521647361641
176.07601021600038,0.48699086866789115
176.0838812937928,1.2674036842429497
176.0917523715852,0.22387712401180823
176.0996234493776,1.3646766050360306
176.10749452717,1.5843760708310424
176.1153656049624,0.5002879587838508
176.1232366827548,0.16219777130613672
176.1311077605472,0.06539735252561636
176.1389788383396,0.26202222351478877
176.146849916132,0.6671596915684951
176.1547209939244,0.5521277490547246
176.1625920717168,0.0025428127340523855
176.1704631495092,0.5062646020370242
176.1783342273016,0.3630239747954759
176.186205305094,0.38009617150319897
176.1940763828864,0.5504350037833384
176.2019474606788,0.40746849322241396
176.2098185384712,1.2999245021124566
176.2176896162636,0.6189685699318865
176.225560694056,0.4510836365702689
176.2334317718484,0.542824571047795
176.2413028496408,0.6091644205864764
176.2491739274332,0.3047641100199147
176.2570450052256,0.4849013531032068
176.264916083018,0.006272055072770694
176.2727871608104,0.003227819480690589
176.2806582386028,1.8857256331574073
176.2885293163952,1.6537135178139462
176.2964003941876,2.048889340280072
176.30427147198,0.1084947537185991
176.3121425497724,1.2881196604622531
176.3200136275648,0.4809464244028171
176.3278847053572,0.2973853727733323
176.3357557831496,0.5826438363732224
176.343626860942,0.03537720936656866
176.3514979387344,0.09996297989642601
176.3593690165268,0.5096205712502035
176.3672400943192,0.25265640313965204
176.37511117211162,1.0524045030493916
176.38298224990402,1.843873234793657
176.39085332769642,0.6898144082823582
176.39872440548882,0.8138889297518533
176.40659548328122,0.17871087271279112
176.41446656107362,0.25308460893633306
176.42233763886605,1.2895020315781005
176.43020871665843,1.4034456535147424
176.43807979445083,0.2856295891185705
176.4459508722432,2.7252824590633273
176.4538219500356,0.3625786538934569
176.461693027828,3.051444022931448
176.4695641056204,1.550729962855734
176.4774351834128,0.4778522661968195
176.4853062612052,0.03265927134175298
176.4931773389976,0.5773952876167929
176.50104841679,1.5487966606002652
176.5089194945824,2.748137651056603
176.51679057237482,0.011445119758604119
176.52466165016722,1.3432862811308195
176.53253272795962,0.7367946374507317
176.54040380575202,0.33187367121034506
176.54827488354442,1.240635716528986
176.55614596133682,0.8350829933089758
176.56401703912923,0.1787157219940665
176.57188811692163,0.8621578076850993
176.57975919471403,0.23108920637572497
176.58763027250643,0.9591500668911432
176.59550135029883,1.3566323520902426
176.60337242809123,0.06750921182308275
176.61124350588364,1.2465468261192088
176.61911458367604,2.1944938800706466
176.62698566146844,1.195169642472764
176.63485673926084,0.3929541701439447
176.64272781705324,0.8072598299684461
176.65059889484564,0.5857603151319084
176.65846997263802,0.7111848377945784
176.66634105043042,5.978751065455513
176.67421212822282,1.099001680404401
176.68208320601522,0.4256642721569077
176.68995428380762,2.396519816259928
176.69782536160002,4.639268566558966
176.70569643939243,0.021765955017796792
176.71356751718483,1.6085884463237525
176.72143859497723,0.02859125470973451
176.72930967276963,0.9751067963998151
176.73718075056203,0.5023451967592589
176.74505182835443,0.18083192062910577
176.75292290614684,1.0997630125979336
176.76079398393924,0.7851199038813651
176.76866506173164,1.2046058640541717
176.77653613952404,0.7766316853675534
176.78440721731644,0.32721372369293
176.79227829510884,1.0824899145439235
176.80014937290125,2.7208067929075357
176.80802045069365,0.5838567763925263
176.81589152848605,0.02006215616559835
176.82376260627845,0.13373419346363288
176.83163368407085,0.3567803139061483
176.83950476186325,0.13173563112077408
176.84737583965563,0.5325915805549348
176.85524691744806,0.8472967797782315
176.86311799524046,0.5787820141316731
176.87098907303283,0.49350264569014013
176.87886015082523,0.34166174331839044
176.88673122861763,0.8864697520568144
176.89460230641004,0.027448251014371473
176.90247338420244,1.4526009048176136
176.91034446199484,0.8431182554666292
176.91821553978724,1.4593486689910595
176.92608661757964,0.36384635180889924
176.93395769537204,0.8806286328240941
176.94182877316445,0.5643738053284201
176.94969985095685,0.5419058202765028
176.95757092874925,0.44340262080182974
176.96544200654165,0.6582985472032495
176.97331308433405,0.08221828731332381
176.98118416212645,0.5708588368589531
176.98905523991886,0.9726948070260265
176.99692631771126,0.016270694725861755
177.00479739550366,1.783467815148665
177.01266847329606,0.4481368271921471
177.02053955108846,0.7687655265171087
177.02841062888086,0.09642923849773445
177.03628170667326,0.010100870496152367
177.04415278446567,0.9128562872263706
177.05202386225807,0.3223537804533112
177.05989494005047,0.6986131482119812
177.06776601784287,2.1083965330506036
177.07563709563527,1.7020443943918089
177.08350817342767,0.4832938417450555
177.09137925122005,0.00480647833250933
177.09925032901245,0.9472247140236296
177.10712140680485,1.2963595976225517
177.11499248459725,2.148349100395206
177.12286356238965,0.5293264877792409
177.13073464018206,0.8345075875644069
177.13860571797446,0.16812247938970223
177.14647679576686,1.64353474787746
177.15434787355926,1.3742892538094276
177.16221895135166,1.1113148166995546
177.17009002914406,1.9026552703450943
177.17796110693646,1.3041730481901435
177.18583218472887,3.4751128173150465
177.19370326252127,0.0161101496513748
177.20157434031367,0.8962889873454927
177.20944541810607,4.303361674645512
177.21731649589847,1.503190837378207
177.22518757369087,1.120794235003825
177.23305865148328,0.20345844642477195
177.24092972927568,0.4847992791738005
177.24880080706808,3.1064823202073364
177.25667188486048,0.5787586832139168
177.26454296265288,0.2671854559581449
177.27241404044528,1.486535173346712
177.28028511823769,0.8318128387790927
177.2881561960301,2.7955878889896026
177.2960272738225,0.9891823818906502
177.30389835161486,1.5124503502474231
177.31176942940726,0.3539966696323865
177.3196405071997,0.6249957923581609
177.32751158499207,0.01884585791723235
177.33538266278447,1.6317521470242775
177.34325374057687,1.5231168886951747
177.35112481836927,5.751481946672375
177.35899589616167,0.8543703577154972
177.36686697395407,1.3096081782693412
177.37473805174648,1.84759894337768
177.38260912953888,1.637641660861894
177.39048020733128,3.4758740050196577
177.39835128512368,1.1709262588341647
177.40622236291608,0.22594985100779985
177.41409344070848,3.054656736663866
177.42196451850089,1.3705823830915713
177.4298355962933,0.8465101167003984
177.4377066740857,1.1598094319100154
177.4455777518781,0.9452496284845929
177.4534488296705,3.0923553542754743
177.4613199074629,2.398946110558586
177.4691909852553,1.0615450001293505
177.4770620630477,0.12801109906852184
177.4849331408401,0.7132141847297695
177.4928042186325,1.8487245920589126
177.5006752964249,1.2649647933789476
177.5085463742173,0.884426323961458
177.51641745200968,0.43666762488458344
177.52428852980208,3.2002323310302887
177.53215960759448,0.21639223079125988
177.54003068538688,3.8650138684674036
177.54790176317928,1.95938344158366
177.55577284097168,0.166149231879924
177.5636439187641,2.9680045561851323
177.5715149965565,1.836255475827952
177.5793860743489,6.405033618372813
177.5872571521413,1.0890592144082145
177.5951282299337,2.813279917201015
177.6029993077261,1.6312482296208912
177.6108703855185,7.386794976144248
177.6187414633109,1.646829253972706
177.6266125411033,0.4099786369876814
177.6344836188957,3.2888567759889873
177.6423546966881,3.6716070860786045
177.6502257744805,7.152075224868729
177.6580968522729,4.073246367266212
177.6659679300653,0.6725166592688927
177.6738390078577,0.6461200392545651
177.6817100856501,0.9776869917716663
177.6895811634425,0.6866509757011112
177.6974522412349,1.6869227958721236
177.70532331902731,2.367172183398196
177.71319439681972,0.11165439496067289
177.72106547461212,1.0364641349799888
177.72893655240452,4.0320698722276616
177.7368076301969,1.8907083467517096
177.7446787079893,6.035406849662652
177.7525497857817,2.0351249366069544
177.7604208635741,1.2918977646188006
177.7682919413665,1.0881613527143494
177.7761630191589,0.15006728734648567
177.7840340969513,3.530822606540626
177.7919051747437,0.16712501237033764
177.7997762525361,0.20759472879416094
177.8076473303285,2.81071330095866
177.8155184081209,1.7077865557175478
177.8233894859133,2.5073678131726425
177.8312605637057,1.9551260142881473
177.8391316414981,2.992138207417218
177.84700271929051,0.2976163774983986
177.85487379708292,9.376361020524529
177.86274487487532,1.5268523002828354
177.87061595266772,1.5474281093652895
177.87848703046012,1.387581227620379
177.88635810825252,5.847622930038881
177.89422918604492,0.8404296969121223
177.90210026383733,4.219174555234918
177.90997134162973,14.75158787402992
177.91784241942213,3.925680266719991
177.92571349721453,2.146782390404192
177.93358457500693,0.7632874320690493
177.94145565279933,4.208861531212531
177.9493267305917,5.8055249409654515
177.9571978083841,1.4740771839032525
177.9650688861765,0.8551158094030394
177.9729399639689,2.479146659726386
177.9808110417613,0.33567438664343346
177.98868211955372,0.7544040634800274
177.99655319734612,0.001481909298925219
178.00442427513852,5.785123615316148
178.01229535293092,1.3913997250731394
178.02016643072332,6.420563013512279
178.02803750851572,1.1777310508864096
178.03590858630812,0.019816829096629705
178.04377966410053,3.21716291764364
178.05165074189293,1.1824081198248222
178.05952181968533,0.8100243748030084
178.06739289747773,0.7080617243229157
178.07526397527013,1.2216099035373924
178.0831350530625,3.4307764051693312
178.09100613085494,0.3395552888535589
178.09887720864734,3.0109287395099504
178.10674828643974,5.003605042549084
178.11461936423214,0.19804343900893548
178.12249044202454,1.8414988183642664
178.13036151981694,0.39877459149242855
178.13823259760937,6.246763594824217
178.14610367540175,8.40260557301817
178.15397475319415,0.4941190962055973
178.16184583098652,3.4410445535504968
178.16971690877892,3.834495178283712
178.17758798657133,1.5269425816855415
178.18545906436373,0.8533991916560691
178.19333014215613,3.3691918997623485
178.20120121994853,0.2579855316703859
178.20907229774093,0.14993411522674374
178.21694337553333,0.049290155018514095
178.2248144533257,1.7974187593157123
178.23268553111814,0.12170606655095423
178.24055660891054,0.7661305999303066
178.24842768670294,1.578740514660087
178.25629876449534,1.1361503898858194
178.26416984228774,0.6429357975332253
178.27204092008014,0.4067992019389009
178.27991199787257,0.034298369430777007
178.28778307566495,0.4183268833081251
178.29565415345735,0.06537320920774527
178.30352523124975,1.5317026954206978
178.31139630904215,0.9462198911722635
178.31926738683455,0.40096477345714887
178.32713846462696,0.645790191449875
178.33500954241936,1.0392314157333369
178.34288062021176,0.5007203119373167
178.35075169800416,0.5617351615953112
178.35862277579656,1.8018008512368366
178.36649385358896,1.9002762855512978
178.37436493138136,2.8275522060423293
178.38223600917374,1.3858628195584028
178.39010708696614,0.7469176839408289
178.39797816475854,0.5197331459956916
178.40584924255094,0.9401856450744316
178.41372032034334,0.9703602037242616
178.42159139813575,0.3132908751922328
178.42946247592815,0.3342433089813148
178.43733355372055,2.49985734315738
178.44520463151295,0.9804239816311324
178.45307570930535,2.170654995326277
178.46094678709775,0.6414204115655531
178.46881786489016,0.06802453394435515
178.47668894268256,1.375141353097667
178.48456002047496,1.1928848377017478
178.49243109826736,0.056294678630472786
178.50030217605976,0.00038980347959484526
178.50817325385216,0.4797985012498486
178.51604433164457,0.4027145797584905
178.52391540943697,1.0735888224129293
178.53178648722937,2.369083369735713
178.53965756502177,1.6915408120787896
178.54752864281417,0.14314942082595283
178.55539972060657,0.16880335081022593
178.56327079839895,0.8456597538887081
178.57114187619138,0.9983736325848342
178.57901295398378,0.855434537578941
178.58688403177618,1.2004216349626857
178.59475510956855,0.6132122045372109
178.60262618736095,0.9615661145517944
178.61049726515336,1.4248210978121871
178.61836834294576,0.5755695140024516
178.62623942073816,2.2875426785856963
178.63411049853056,0.13121354125075596
178.64198157632296,1.0640897590641563
178.64985265411536,3.009745212350506
178.65772373190777,2.8437078939480336
178.66559480970017,0.7268282207484783
178.67346588749257,0.6512058692190902
178.68133696528497,0.8868672646638041
178.68920804307737,3.485338830803237
178.69707912086977,1.3116883477700647
178.70495019866215,1.8168732907316032
178.71282127645458,0.5600517517453069
178.72069235424698,0.2756105703583817
178.72856343203938,1.7555608029562186
178.73643450983178,0.7485232132139198
178.74430558762418,0.6508343621370787
178.75217666541658,1.894027369635643
178.760047743209,0.507446729811892
178.7679188210014,3.90559421587661
178.7757898987938,0.1943251789291541
178.7836609765862,1.1585677830372028
178.7915320543786,2.4314289412573493
178.799403132171,0.7606624330507544
178.8072742099634,0.8452484486085069
178.81514528775577,1.0343017179240441
178.82301636554817,1.0684288558522437
178.83088744334057,1.1979444428068584
178.83875852113297,1.9385878258694986
178.84662959892538,1.2632044814412406
178.85450067671778,0.36580893645564594
178.86237175451018,0.7991585129606124
178.87024283230258,0.7758221785150822
178.87811391009498,0.05354413225363014
178.88598498788738,0.27993625312927484
178.89385606567978,0.29996283666908313
178.9017271434722,0.6304391690022496
178.9095982212646,0.5447261754914575
178.917469299057,1.8621832415555102
178.9253403768494,1.1913214707120683
178.9332114546418,1.98338353633938
178.9410825324342,0.5735437158102297
178.9489536102266,0.1532851941802335
178.956824688019,2.0952409725108194
178.9646957658114,1.3550746408478542
178.9725668436038,0.9247031040384801
178.9804379213962,0.13792062094322396
178.9883089991886,1.2202543687461185
178.996180076981,1.024901265223667
179.0040511547734,0.6677218732957657
179.0119222325658,0.5079825499156063
179.0197933103582,0.28096903234148923
179.02766438815058,0.18928001701064484
179.03553546594298,0.43821410435191055
179.0434065437354,0.5746599545908436
179.0512776215278,0.9543051007327439
179.0591486993202,0.8200363813668544
179.0670197771126,0.5934508845926764
179.074890854905,0.8201844573773839
179.0827619326974,0.7643234367895653
179.0906330104898,0.2813494074452502
179.0985040882822,0.5444681595673956
179.1063751660746,0.5754161448394062
179.114246243867,0.7314067714863683
179.1221173216594,0.19849451187457454
179.1299883994518,0.8406629959054304
179.1378594772442,2.249282121829558
179.1457305550366,2.202505270681393
179.153601632829,2.9843861387263284
179.1614727106214,3.468738929088001
179.1693437884138,4.455415649304387
179.1772148662062,1.2549401631659058
179.18508594399862,4.48293239578611
179.19295702179102,0.0378025999605514
179.20082809958342,1.1290150456130799
179.20869917737582,1.8096685547761202
179.21657025516822,2.0462440947518856
179.22444133296062,2.560574739662292
179.23231241075302,1.903191593587598
179.2401834885454,1.0828063423479997
179.2480545663378,0.8523777912412643
179.2559256441302,3.744736181835019
179.2637967219226,1.091296806407079
179.271667799715,0.6656167311388946
179.2795388775074,2.045352958763344
179.2874099552998,3.3147662368584427
179.2952810330922,3.119760038324249
179.3031521108846,1.1871718877553439
179.311023188677,5.021402279401407
179.3188942664694,1.7983409380652897
179.32676534426182,1.2082361929120162
179.33463642205422,4.678681638090978
179.34250749984662,0.6082470454002555
179.35037857763902,0.04616736456519396
179.35824965543142,2.007059109457026
179.36612073322382,3.5587757050918363
179.37399181101625,1.1413653222753277
179.38186288880863,0.4329450153800852
179.38973396660103,1.7152216778510425
179.39760504439343,2.0721647951509796
179.40547612218583,0.08150129105639536
179.41334719997823,0.4794866547215785
179.42121827777063,0.9683360031831871
179.42908935556304,3.4910346200567166
179.43696043335544,1.7153846856515986
179.44483151114784,0.07578630735255862
179.45270258894024,1.6569761262101226
179.4605736667326,0.6067080898818764
179.46844474452502,1.8769162295339068
179.47631582231742,1.6909530534897523
179.48418690010982,0.4890824939363939
179.49205797790222,0.14138365658776011
179.49992905569462,0.7506148399324833
179.50780013348702,0.3804526024131877
179.51567121127945,1.637550354094032
179.52354228907183,0.4781037070763485
179.53141336686423,0.28458796547598625
179.53928444465663,0.23554316574554324
179.54715552244903,0.3042033023501362
179.55502660024143,0.5188747963690634
179.56289767803383,0.36079042305271225
179.57076875582624,0.5485405713824283
179.57863983361864,1.1292927937504191
179.58651091141104,0.7499787363947011
179.59438198920344,0.2610814074462744
179.60225306699584,0.778971494896574
179.61012414478824,0.5035485850393392
179.61799522258065,1.3309165765437279
179.62586630037305,1.1501374747349347
179.63373737816545,0.2326036327396271
179.64160845595785,0.6225464150980363
179.64947953375025,0.3711420912104607
179.65735061154265,0.650960519441541
179.66522168933506,0.16366312804538
179.67309276712743,0.41537251760413296
179.68096384491983,0.5245156665855841
179.68883492271223,0.4249476853921458
179.69670600050463,0.5332952418772376
179.70457707829704,2.991180428804463
179.71244815608944,2.5044951963515127
179.72031923388184,1.805630356479586
179.72819031167424,0.21552215438486333
179.73606138946664,0.25350952682560984
179.74393246725904,2.097658054385029
179.75180354505144,2.1585739223181126
179.75967462284385,0.32783088020975015
179.76754570063625,0.012522154443558137
179.77541677842865,2.0348229660794273
179.78328785622105,0.6381482298643391
179.79115893401345,0.5756914855616029
179.79903001180585,0.08741565849522241
179.80690108959826,1.650477925860611
179.81477216739066,0.5683489807203066
179.82264324518306,0.3259125986700355
179.83051432297546,0.50206262101778
179.83838540076786,0.5604109023195016
179.84625647856026,3.4689591343894004
179.8541275563527,2.241460597249596
179.86199863414507,0.11775884729097244
179.86986971193747,0.6495441255467346
179.87774078972987,0.9650701291699032
179.88561186752224,1.725358959146652
179.89348294531464,0.9772484991434889
179.90135402310705,0.8462301282620396
179.90922510089945,0.11581968621041461
179.91709617869185,3.7341580467682536
179.92496725648425,0.9365203965663456
179.93283833427665,1.6745602619173505
179.94070941206903,2.0610999319840144
179.94858048986146,0.7014598291839301
179.95645156765386,0.2802171442300548
179.96432264544626,0.6924053813425359
179.97219372323866,1.8574477298241987
179.98006480103106,0.618432015961074
179.98793587882346,0.11348698311108002
179.9958069566159,0.2514661758991023
180.00367803440827,0.2029982249735091
180.01154911220067,1.395573060925394
180.01942018999307,0.7597718237837509
180.02729126778547,0.09168733721728738
180.03516234557787,0.15098253405253753
180.04303342337028,0.9918492822809981
180.05090450116268,1.2550027387936287
180.05877557895508,2.4430276092449477
180.06664665674748,0.006381131334684008
180.07451773453988,0.7530953069551918
180.08238881233228,0.26935875204830323
180.09025989012468,0.15569165763171947
180.0981309679171,0.47774896176505866
180.10600204570946,0.3982753661132094
180.11387312350186,0.9390618842218154
180.12174420129426,0.3857326898741128
180.12961527908666,0.47102608687222636
180.13748635687907,0.5010799389574903
180.14535743467147,0.17283983832656863
180.15322851246387,0.7078754906770991
180.16109959025627,0.8866134768461726
180.16897066804867,0.547870888666985
180.17684174584107,0.3469797665531824
180.18471282363348,1.281631732890565
180.19258390142588,0.40367599053104286
180.20045497921828,0.5648132490930139
180.20832605701068,3.2328221372509973
180.21619713480308,0.36623907856797744
180.22406821259548,0.16428611116949368
180.23193929038788,0.5642247795173166
180.2398103681803,2.004674495538518
180.2476814459727,2.774721032911918
180.2555525237651,2.360767847055848
180.2634236015575,0.44199288693123256
180.2712946793499,0.2710081977007295
180.2791657571423,0.02089085644659996
180.2870368349347,1.4889986703583928
180.2949079127271,1.4583392605423549
180.3027789905195,0.4882498440274027
180.3106500683119,0.6500241777937883
180.31852114610427,1.0281979973489104
180.32639222389668,0.8874194299000616
180.33426330168908,0.07927645181898486
180.34213437948148,0.23328055583277074
180.35000545727388,0.42269065433861025
180.35787653506628,1.3781202240866468
180.36574761285868,0.2256088817680412
180.37361869065109,0.22625719882174625
180.3814897684435,1.4062725245916128
180.3893608462359,0.3885247668079605
180.3972319240283,0.3105409311223429
180.4051030018207,0.27707102718375404
180.4129740796131,1.4019323229942204
180.4208451574055,0.5614013768332625
180.4287162351979,0.37344940852414815
180.4365873129903,1.2006194255765161
180.4444583907827,0.17135893348353934
180.4523294685751,0.39955769351335235
180.4602005463675,0.5818866330349494
180.4680716241599,0.3479262318079743
180.4759427019523,0.471992813092564
180.4838137797447,1.1632941902071636
180.4916848575371,0.4717040017609794
180.4995559353295,2.6527940597188358
180.5074270131219,2.6928599986362136
180.5152980909143,0.9561943051181252
180.52316916870672,1.291611752489834
180.5310402464991,0.8293438926620623
180.5389113242915,0.27081292859388106
180.5467824020839,0.181203966220656
180.5546534798763,0.23401105043636933
180.5625245576687,0.06720323240799608
180.5703956354611,0.8068860984525136
180.5782667132535,0.33109595036629513
180.5861377910459,0.6019939476332166
180.5940088688383,0.06936452163957521
180.6018799466307,0.90228320875384
180.6097510244231,0.2796830238133337
180.6176221022155,0.6576242957369016
180.6254931800079,1.8477910393145491
180.6333642578003,1.2590754937696182
180.6412353355927,1.126605515249265
180.6491064133851,0.46464145393363954
180.6569774911775,0.17911650736897866
180.66484856896992,0.1313639385454021
180.67271964676232,0.788586320413782
180.68059072455472,0.5822710061634977
180.68846180234712,0.31858919827100557
180.69633288013952,1.8106846110012462
180.70420395793192,0.6002712579703163
180.71207503572435,2.9501458732233448
180.71994611351676,0.4331878807747175
180.72781719130916,2.799949100569679
180.73568826910156,1.4800013156313587
180.74355934689396,0.461512233881473
180.7514304246863,1.145670326471896
180.7593015024787,2.020676223885097
180.7671725802711,0.7971939465800675
180.7750436580635,0.42357792746580325
180.7829147358559,0.07010254924654655
180.7907858136483,0.4848370137875355
180.79865689144071,1.502532748836831
180.80652796923312,0.021055205170599705
180.81439904702552,0.6042260038710868
180.82227012481792,0.049122875052302964
180.83014120261032,0.02064409045071902
180.83801228040272,0.6686244018005969
180.84588335819512,0.514832367284737
180.85375443598755,2.683334305128938
180.86162551377996,0.11602199865041098
180.86949659157236,1.1223025223346694
180.87736766936476,0.5660814617333021
180.88523874715716,0.9335311515094559
180.89310982494956,0.7163748060403224
180.90098090274196,0.30656070521697226
180.90885198053437,3.8331035272910796
180.91672305832677,0.147177198755312
180.92459413611917,0.3144957826290731
180.93246521391157,1.838184151570388
180.94033629170397,0.10402816626501454
180.94820736949637,0.45937885031724096
180.95607844728875,0.1681747145054328
180.96394952508112,0.4576616498266538
180.97182060287352,0.42630522453821856
180.97969168066592,0.33165195684763243
180.98756275845832,0.22370466285290366
180.99543383625075,0.7697298652931998
181.00330491404316,0.03650972321735853
181.01117599183556,3.3032442767986563
181.01904706962796,0.3344577222460954
181.02691814742036,2.845907342595687
181.03478922521276,3.7677099940525745
181.04266030300516,0.9993695534447092
181.05053138079757,0.6361761429215524
181.05840245858997,3.1496141117622645
181.06627353638237,1.640899949941831
181.07414461417477,0.9711547105900107
181.08201569196717,0.6402635734824954
181.08988676975957,0.23800927940306002
181.09775784755195,0.32851899668319096
181.10562892534435,0.4369445480036538
181.11350000313675,0.6524326097290726
181.12137108092915,0.27753143288481047
181.12924215872155,2.0075611254213723
181.13711323651395,0.5143352019609073
181.1449843143064,0.9421976476283035
181.1528553920988,0.6640013574152648
181.1607264698912,0.149741056924326
181.1685975476836,0.02067985932992312
181.17646862547596,2.9012002273426383
181.18433970326836,1.459726896065254
181.19221078106077,0.032225051413069604
181.20008185885317,0.018316298161806317
181.20795293664557,0.18341597384790376
181.21582401443797,0.06968875651233508
181.22369509223037,1.1024982607134275
181.23156617002277,0.5931588375823601
181.23943724781515,0.46485781103197094
181.24730832560755,1.0146507394227324
181.25517940339995,0.6751155627775657
181.26305048119235,1.9264097548863488
181.27092155898475,0.13351965018023532
181.27879263677715,0.010650679026007828
181.2866637145696,1.0533600208337546
181.294534792362,0.9395003589175461
181.3024058701544,1.123567155210792
181.3102769479468,2.95969563406792
181.3181480257392,1.2373452781607777
181.3260191035316,1.9853736146353038
181.333890181324,0.2878261999162826
181.3417612591164,0.11337985711639331
181.3496323369088,0.11333362776480135
181.3575034147012,0.12560913576472443
181.3653744924936,0.2159073903052679
181.373245570286,0.5365915132767141
181.3811166480784,0.3873691939521761
181.3889877258708,0.0112137556059006
181.39685880366315,1.7695999106684743
181.40472988145555,1.9323677875246292
181.41260095924795,1.452831770635696
181.42047203704035,3.3890127943643167
181.4283431148328,0.6197896596664602
181.4362141926252,0.22104745888670693
181.4440852704176,0.29374315548171454
181.45195634821,0.0017640455000027427
181.4598274260024,1.223232679794441
181.4676985037948,3.4836378233129803
181.4755695815872,0.26333265749909474
181.4834406593796,0.2740612422998913
181.491311737172,0.3732330554254782
181.4991828149644,0.7275309984075067
181.5070538927568,1.7945971636235092
181.5149249705492,0.5239727685051665
181.5227960483416,0.3531683409922909
181.530667126134,3.1918476880193514
181.5385382039264,2.761491724230001
181.5464092817188,0.21603636808868298
181.5542803595112,0.44763485419880494
181.5621514373036,1.3713747599653665
181.570022515096,1.6007504072370873
181.5778935928884,0.35853468169723096
181.5857646706808,1.6274969555406675
181.5936357484732,2.7533264001254483
181.6015068262656,0.1950897951594893
181.609377904058,0.12450629786354935
181.6172489818504,0.832027891244819
181.6251200596428,0.014629743832871786
181.6329911374352,0.06717506282664407
181.6408622152276,1.2357140839086085
181.64873329302,1.4518600223682916
181.6566043708124,0.5271777579234315
181.6644754486048,1.2352443091068237
181.6723465263972,0.4695905342270025
181.6802176041896,0.9461560548606577
181.688088681982,0.08933094890814253
181.6959597597744,0.30576498101442506
181.7038308375668,2.9878321111370285
181.7117019153592,0.13157717137857491
181.7195729931516,0.0729204792014305
181.727444070944,0.3880333110871279
181.7353151487364,0.05939650350862834
181.7431862265288,0.14731122369789285
181.7510573043212,1.258453995512769
181.7589283821136,0.2827812910894415
181.766799459906,4.551037501511917
181.7746705376984,1.3969635336801485
181.7825416154908,0.8952795644957655
181.7904126932832,0.12516060910630897
181.7982837710756,0.6168580682760022
181.806154848868,0.26049550832556606
181.8140259266604,1.3621684396462217
181.8218970044528,0.18854555834410797
181.8297680822452,0.2949643517115642
181.8376391600376,0.31187376080253476
181.84551023783,2.297879834936267
181.8533813156224,0.1664218550380732
181.8612523934148,0.018782419330441502
181.8691234712072,0.07104053098165
181.8769945489996,0.3993853882374664
181.884865626792,0.7630364152574958
181.8927367045844,0.46529389945518557
181.9006077823768,0.9187181157550485
181.9084788601692,0.3231314546598056
181.9163499379616,1.1756726372289328
181.924221015754,2.5620634347507836
181.9320920935464,0.15551893557926413
181.9399631713388,0.02495376494189067
181.9478342491312,1.1590438779497412
181.9557053269236,0.12076578149147615
181.963576404716,1.2905219796869463
181.9714474825084,1.2766850254161466
181.9793185603008,1.152892295502138
181.9871896380932,0.1342628216051041
181.9950607158856,2.1863897760721627
182.002931793678,2.202642093150382
182.0108028714704,0.07190438363072664
182.0186739492628,0.9371116221331883
182.0265450270552,2.554283184539431
182.0344161048476,0.41131163454315517
182.04228718264,0.13902255433668456
182.0501582604324,2.275268943437855
182.0580293382248,0.032063355395032724
182.0659004160172,0.23416858949037683
182.0737714938096,0.16084607609897356
182.081642571602,0.27839027554545737
182.0895136493944,0.9784650721776261
182.0973847271868,0.17740889514687935
182.1052558049792,0.40704486778650134
182.1131268827716,2.5796800554800607
182.120997960564,1.4036220901939738
182.1288690383564,0.1273582988421789
182.1367401161488,1.585031685418356
182.1446111939412,0.22358661326216017
182.1524822717336,1.3829870392163668
182.160353349526,0.7773423539985874
182.1682244273184,0.627295228150481
182.1760955051108,0.13298213702910314
182.1839665829032,1.13949244105175
182.19183766069563,0.0913872602788686
182.19970873848803,0.12769065709875443
182.20757981628043,3.0132050309978453
182.21545089407283,0.1458008481315014
182.22332197186523,2.3652385973059435
182.23119304965763,2.581754476018029
182.23906412745004,0.6424482186887583
182.24693520524244,0.2576112193527857
182.2548062830348,2.484730164202685
182.2626773608272,0.08059515872603555
182.2705484386196,0.27262856797029744
182.278419516412,0.1471831138231791
182.2862905942044,0.6438536857203809
182.2941616719968,1.2197036283525595
182.3020327497892,0.7141543259565042
182.3099038275816,0.46132839743463394
182.317774905374,0.35892820815066856
182.3256459831664,0.17271591384552515
182.33351706095883,0.03987176606454714
182.34138813875123,0.9029177627880519
182.34925921654363,1.5357995591557645
182.35713029433603,0.21219513704706422
182.36500137212843,0.8758441048471715
182.37287244992083,0.484222055097057
182.38074352771324,2.4299421613348997
182.38861460550564,2.266512405522304
182.39648568329804,0.006015050801982726
182.40435676109044,0.30974683347806214
182.41222783888284,0.5941308860686372
182.42009891667524,0.35996551321586134
182.42796999446765,0.9146808570314424
182.43584107226005,0.2968967532624023
182.44371215005245,0.004397656218791622
182.45158322784485,0.07078906452981006
182.45945430563725,0.3023056805585045
182.46732538342965,0.4408203921050468
182.47519646122203,2.4738794251901575
182.48306753901443,0.14397837267224542
182.49093861680683,0.5494752814638381
182.49880969459923,1.0546605022957038
182.50668077239163,0.5953998025003493
182.51455185018403,0.6235485474321056
182.52242292797644,1.6412401941175763
182.53029400576884,0.008017020722708513
182.53816508356124,0.28922279302644943
182.54603616135364,0.3004108110264959
182.55390723914604,1.4558386259037954
182.56177831693844,0.7271991633840551
182.56964939473085,0.036309612271397
182.57752047252325,0.6195469309967572
182.58539155031565,1.6483430633745164
182.59326262810805,0.21702827400050376
182.60113370590045,1.3318847926376978
182.60900478369285,0.6799358198279174
182.61687586148523,0.31877539136415123
182.62474693927768,1.1252116503078875
182.6326180170701,0.6002956230381966
182.6404890948625,1.0925935440232133
182.6483601726549,0.28547501624549726
182.6562312504473,1.5412406144369208
182.6641023282397,1.017676802758226
182.67197340603207,0.6208762468826072
182.67984448382447,0.08656683547412407
182.68771556161684,1.028947865897707
182.69558663940924,0.45308039724617377
182.70345771720164,0.42763474490342385
182.71132879499405,0.2641519914918602
182.71919987278645,0.40335661956802793
182.72707095057885,2.1395017641644567
182.73494202837125,0.7646863735892188
182.74281310616365,0.6632808952714458
182.75068418395605,2.0414029815851533
182.75855526174848,0.17074103712709182
182.76642633954089,1.4309004097227294
182.7742974173333,1.2913943917023292
182.7821684951257,0.6110401006560785
182.7900395729181,2.691295890482026
182.7979106507105,0.4347506613319985
182.8057817285029,1.0749189089685725
182.81365280629527,7.640664208961916
182.82152388408767,0.5847764729965611
182.82939496188007,0.9805037325127874
182.83726603967247,1.6664690583361603
182.84513711746487,0.13801248519925652
182.85300819525727,0.9158691907501049
182.86087927304968,4.027469174211125
182.86875035084208,1.8000669740484405
182.87662142863448,1.0145786353420352
182.88449250642688,1.66723385206619
182.89236358421928,1.0735008757088464
182.90023466201168,1.909764256916556
182.90810573980409,0.18911719119976406
182.9159768175965,0.5536122001503624
182.9238478953889,1.4902382955078601
182.9317189731813,5.528080169191728
182.9395900509737,1.2423239892785998
182.9474611287661,0.8400723697045779
182.95533220655847,1.3306793854559016
182.96320328435087,0.21400534134752516
182.97107436214327,1.2196905306791164
182.97894543993567,1.403515261969837
182.98681651772807,0.2056430624633905
182.99468759552047,0.22316710952351834
183.00255867331288,1.3597589795803
183.01042975110528,0.2734065922738138
183.01830082889768,0.11585114933677945
183.02617190669008,1.7230879802293146
183.03404298448248,0.787785418378236
183.04191406227488,0.10013260627812999
183.04978514006729,3.848105421290159
183.0576562178597,0.9045218860739904
183.0655272956521,1.4328049252464627
183.0733983734445,3.789355747203479
183.0812694512369,1.1946112929113013
183.0891405290293,0.31307436694669244
183.0970116068217,0.6322249184438516
183.1048826846141,1.6278287052930422
183.1127537624065,1.4617765253220096
183.12062484019887,0.3052702145927691
183.12849591799127,0.1168602700021357
183.13636699578367,0.015876919362674328
183.14423807357608,2.191399536974109
183.15210915136848,0.11500492360948798
183.15998022916088,0.5575773561746933
183.16785130695328,0.9847557928026848
183.17572238474568,0.6156799913903725
183.18359346253808,0.21687386600485595
183.1914645403305,1.269240844253742
183.1993356181229,0.7071686269847827
183.2072066959153,0.8241095632669271
183.2150777737077,1.663953383180427
183.2229488515001,1.118338698233266
183.2308199292925,1.3462866905561277
183.2386910070849,1.9064964143039684
183.2465620848773,0.9158006501266605
183.2544331626697,1.1066437380547471
183.2623042404621,1.0829936121551211
183.2701753182545,1.9295392006447527
183.2780463960469,0.9719421977204644
183.2859174738393,0.5016087255633525
183.2937885516317,1.266123979975419
183.3016596294241,0.6547223109182493
183.3095307072165,3.1942093709940624
183.3174017850089,1.9690048579521424
183.3252728628013,0.6944434634856246
183.3331439405937,0.6432032842179
183.3410150183861,3.6772205315708426
183.3488860961785,0.558752071806253
183.3567571739709,1.5520331626487955
183.3646282517633,0.9535920406190964
183.3724993295557,0.9415080113384726
183.3803704073481,2.627767816233824
183.3882414851405,0.5468964916275764
183.3961125629329,0.32165380142523914
183.4039836407253,0.7068389075435537
183.4118547185177,0.61776926948032
183.4197257963101,0.16761698762159494
183.4275968741025,0.06412877471827826
183.4354679518949,1.331674517609309
183.4433390296873,1.5840603990720643
183.4512101074797,1.0151954808129449
183.4590811852721,1.6628018988722333
183.4669522630645,0.6420706651577571
183.4748233408569,0.13373036038638225
183.4826944186493,0.08490522228174803
183.4905654964417,1.582020227748725
183.4984365742341,0.331989255992981
183.5063076520265,1.080384925652891
183.51417872981887,0.5944822368338095
183.52204980761127,0.42904379523800606
183.52992088540373,0.724321270790766
183.53779196319613,2.437191064203952
183.5456630409885,0.7180757722954791
183.5535341187809,0.5729952151446599
183.5614051965733,0.8244759014074817
183.5692762743657,0.40038535546626314
183.5771473521581,0.1750625233599924
183.5850184299505,0.13834269979936656
183.5928895077429,0.2801832426388001
183.6007605855353,2.529154445416446
183.6086316633277,1.2875825240429564
183.6165027411201,0.22083282215991132
183.6243738189125,3.0674162426058533
183.6322448967049,0.8115281579931524
183.6401159744973,0.04712266243397516
183.6479870522897,0.6101640738496282
183.65585813008207,1.5974612826360073
183.66372920787447,0.10818803116487681
183.67160028566693,0.9379457984681727
183.67947136345933,0.44501001444339544
183.68734244125173,0.1602627778608878
183.69521351904413,1.5611497731590058
183.70308459683653,0.012225395564820959
183.7109556746289,0.11897209938966508
183.7188267524213,0.14082296275335618
183.7266978302137,0.31091753798389876
183.7345689080061,0.02973110817912236
183.7424399857985,0.4494638928086454
183.7503110635909,0.2985146400518076
183.75818214138332,0.25041198758245087
183.7660532191757,0.09960122881161791
183.7739242969681,0.4025618251059553
183.7817953747605,0.3068529648225534
183.7896664525529,1.157325396145969
183.79753753034527,0.2991706824146978
183.80540860813767,2.4730581564443153
183.81327968593013,1.0508315149479377
183.82115076372253,0.07887195814447416
183.82902184151493,0.5764032251909768
183.83689291930733,0.07753653147621363
183.84476399709973,1.1544895537291076
183.8526350748921,1.4821691154115635
183.8605061526845,1.4301445488312212
183.8683772304769,2.5727812973555686
183.8762483082693,0.14201608290016887
183.8841193860617,0.3169644430635729
183.8919904638541,0.2159793210056535
183.89986154164652,3.030818695057625
183.90773261943892,1.8721771434853345
183.91560369723132,2.594554730710431
183.92347477502372,1.4085276791268844
183.93134585281612,1.6732712585958955
183.93921693060852,0.009489888038885454
183.94708800840093,2.3706867160936476
183.95495908619336,0.8439799635092768
183.96283016398576,1.074157975391868
183.97070124177816,1.0915253700994165
183.97857231957053,4.068834397141973
183.98644339736293,1.198634165377412
183.9943144751553,0.7839179934055995
184.0021855529477,0.6228523940941492
184.0100566307401,1.1725731430030482
184.0179277085325,0.9376270011357677
184.0257987863249,1.0264256947204489
184.03366986411731,0.11826547669297546
184.04154094190972,0.7187385608950623
184.04941201970212,0.23744148666562054
184.05728309749452,0.6380884097992816
184.06515417528692,1.560274311834889
184.07302525307932,0.6382022623022624
184.08089633087172,1.434023437651674
184.08876740866413,0.6732083174920717
184.09663848645656,0.49220626457254424
184.10450956424896,2.587343165265154
184.11238064204136,3.792336903076107
184.12025171983376,0.034588606084644785
184.12812279762616,0.4850739148088887
184.13599387541856,0.49261759955396206
184.14386495321097,2.2693385512752053
184.15173603100337,0.59050756721689
184.15960710879577,1.2978170165693586
184.16747818658817,0.6242325260229309
184.17534926438057,0.6896320718817625
184.18322034217297,1.0816284705196473
184.19109141996532,0.18048724354302156
184.19896249775772,0.7432165520342491
184.20683357555012,0.5051672775003748
184.21470465334252,2.170767319813879
184.22257573113492,0.7470985302998905
184.23044680892733,0.14795861652712533
184.23831788671976,2.026968752004245
184.24618896451216,0.9195831298132389
184.25406004230456,1.0443900907740469
184.26193112009696,0.4901984040524758
184.26980219788936,1.0911340906360254
184.27767327568176,2.195819191942553
184.28554435347417,0.9439839281058164
184.29341543126657,1.9155590564342033
184.30128650905897,0.15441024612181387
184.30915758685137,1.858638488815563
184.31702866464377,0.3434486926620597
184.32489974243617,0.23418759546921544
184.33277082022855,0.09336435238305069
184.34064189802095,2.277506026147453
184.34851297581335,2.1438917410853957
184.35638405360575,4.063613231582697
184.36425513139815,1.6624198633944067
184.37212620919055,3.379751327692784
184.37999728698296,2.0271748949565835
184.3878683647754,1.0918475116782806
184.3957394425678,2.4354190710475514
184.4036105203602,1.2152881868328673
184.41148159815256,0.21437766873050979
184.41935267594496,0.3791869769883978
184.42722375373737,0.062336154228755755
184.43509483152977,3.573568207904579
184.44296590932217,1.6795640128024523
184.45083698711457,1.8159537601270563
184.45870806490697,0.16414904831858992
184.46657914269937,0.8177762171474304
184.47445022049175,1.498265988774473
184.48232129828415,0.5773180460592294
184.49019237607655,0.1800509575578786
184.49806345386895,0.046632772584425365
184.50593453166135,0.8081138578024665
184.51380560945375,1.1405586801579903
184.52167668724616,0.4435724225683028
184.5295477650386,1.2793005718784596
184.537418842831,0.6217846866328698
184.5452899206234,0.5684955603507686
184.5531609984158,1.3362721932357837
184.5610320762082,5.021018746362916
184.5689031540006,1.4623012262116095
184.576774231793,0.8193874442088189
184.5846453095854,0.7503232482474462
184.5925163873778,10.493046714862684
184.6003874651702,1.5157011112012768
184.6082585429626,5.555148311592608
184.616129620755,0.86746740831489
184.62400069854735,3.8166891129547076
184.63187177633975,2.376626004445578
184.63974285413215,1.4314353071145647
184.64761393192455,0.18412363421429892
184.65548500971695,0.6513133413321223
184.66335608750936,0.9899102638126753
184.6712271653018,0.8671285483930878
184.6790982430942,0.8518306883993204
184.6869693208866,0.9664813369264053
184.694840398679,0.8681410237203314
184.7027114764714,1.021334604358695
184.7105825542638,0.5606861209057813
184.7184536320562,1.0387464240143052
184.7263247098486,0.9125231172921866
184.734195787641,1.5333235154749316
184.7420668654334,0.4812472589233731
184.7499379432258,1.28573582299145
184.7578090210182,2.9244067719291897
184.7656800988106,0.31558433549491705
184.773551176603,1.0866062252785809
184.7814222543954,1.3841314628056893
184.7892933321878,0.8031745270844959
184.7971644099802,0.3123041296102006
184.8050354877726,2.067946236280104
184.81290656556504,4.801310777655757
184.82077764335745,2.957701410031221
184.82864872114985,1.7589190241909018
184.8365197989422,0.23067241953534207
184.8443908767346,0.40917642393826037
184.852261954527,0.7316033347711172
184.8601330323194,0.5792768216092138
184.8680041101118,0.6002745652084572
184.8758751879042,1.3960711581939864
184.8837462656966,1.6214927411544247
184.891617343489,1.7350603748856115
184.8994884212814,0.41006507242862167
184.9073594990738,1.465261937336036
184.9152305768662,0.06746301575733549
184.9231016546586,0.3843577237593754
184.930972732451,5.342103184209925
184.9388438102434,1.4160081897308032
184.9467148880358,3.6549926064414167
184.95458596582824,2.3019654212065994
184.96245704362065,0.2725322604848927
184.97032812141305,0.04981950079081682
184.97819919920545,0.7462824686050471
184.98607027699785,0.6043763777849475
184.99394135479025,1.3731435137976145
185.00181243258265,1.4679175685504697
185.00968351037503,3.32154117313092
185.01755458816743,0.1534097041744627
185.02542566595983,0.9112350196325741
185.03329674375223,8.171486094353547
185.04116782154463,4.307132740667037
185.04903889933703,0.2769398681420821
185.0569099771294,0.1202666366322296
185.0647810549218,2.725293778206945
185.0726521327142,0.12423459680659603
185.0805232105066,0.10123889745881554
185.088394288299,1.2642491646044471
185.09626536609144,1.2658603131744102
185.10413644388385,1.0165559602803962
185.11200752167625,0.055258181932660015
185.11987859946865,0.3630153705766628
185.12774967726105,0.8850264089933501
185.13562075505345,0.1768583697869372
185.14349183284585,0.19720519418440877
185.15136291063823,1.079601497196832
185.15923398843063,1.5828856144074308
185.16710506622303,1.099427603369602
185.17497614401543,1.6160431976087717
185.18284722180783,1.2601507196043837
185.19071829960023,2.601663650860899
185.19858937739264,2.378229807742311
185.20646045518504,0.6018736483291313
185.21433153297744,0.43066588645811626
185.22220261076984,3.289725638542975
185.23007368856224,11.763571070131363
185.23794476635464,1.886851123493469
185.24581584414705,0.6343603850746357
185.25368692193945,0.3053222511346314
185.26155799973185,1.6343129464073873
185.26942907752425,0.21040575980152243
185.27730015531665,0.8429641427638307
185.28517123310905,0.0007955919683010763
185.29304231090143,0.29476450859862896
185.30091338869383,0.07603099674447504
185.30878446648623,1.7906178125048702
185.31665554427863,0.44462125441456685
185.32452662207103,0.46796829680913643
185.33239769986344,0.9930914435459861
185.34026877765584,0.7803101043917757
185.34813985544824,0.7116886404336131
185.35601093324064,0.15998793643826348
185.36388201103304,0.513230817579208
185.37175308882544,0.214471704657005
185.37962416661784,0.45112341615497314
185.38749524441025,0.7188640574946865
185.39536632220265,0.05630342126432099
185.40323739999505,0.6519335907005404
185.41110847778745,0.8633411509534376
185.41897955557985,0.6110722366036381
185.42685063337225,0.7066510163382778
185.43472171116463,0.2516104305309334
185.44259278895703,4.100734481793748
185.45046386674943,1.4461107016047674
185.45833494454183,0.16527611167840053
185.46620602233423,0.5343919138326102
185.47407710012664,0.4314594811311721
185.48194817791904,5.520107765143807
185.48981925571144,0.5595416213061607
185.49769033350384,0.5770970977523254
185.50556141129624,0.05393119185036581
185.51343248908864,0.8091223512347189
185.52130356688104,0.29335643976415643
185.52917464467345,0.13688089527292657
185.53704572246585,0.7326716722659237
185.54491680025825,0.5032207067933915
185.55278787805065,0.20486981990614195
185.56065895584305,0.5405145418898093
185.56853003363543,0.1375580996619366
185.57640111142783,1.9973641304640388
185.58427218922023,0.6269284108738822
185.59214326701263,0.7703879041873353
185.60001434480503,4.142240781735954
185.60788542259743,1.0327611817353004
185.61575650038984,0.1399640362127701
185.6236275781823,0.974966370730871
185.63149865597467,2.8485612133357043
185.63936973376707,0.44821429578564903
185.64724081155947,0.44896639380342396
185.65511188935187,1.8440568442898515
185.66298296714427,0.2175899019170093
185.67085404493668,0.01231599285263835
185.67872512272908,0.17288912576907953
185.68659620052148,0.3595331685582723
185.69446727831388,0.03160029080938396
185.70233835610625,0.17803536084402838
185.71020943389863,0.12460410159636796
185.71808051169103,0.05752267020250978
185.72595158948343,0.34846473110209863
185.73382266727583,0.9408512973390744
185.74169374506823,0.1936689756431518
185.74956482286063,0.09622339339166867
185.75743590065304,0.7492961268121184
185.76530697844547,0.39943947796704216
185.77317805623787,1.0870267281513453
185.78104913403027,0.3330853023156429
185.78892021182267,1.0958513344260377
185.79679128961507,0.3314002927032582
185.80466236740747,1.1676978688618453
185.81253344519988,1.3497816975182073
185.82040452299228,0.7780457963847431
185.82827560078468,0.28613276992310566
185.83614667857708,0.22887022801690518
185.84401775636948,1.1055184342268853
185.85188883416188,0.7821601643249422
185.85975991195428,0.7991662954543209
185.8676309897467,1.1651080729702268
185.8755020675391,0.23235601962947977
185.8833731453315,0.7313572439020644
185.8912442231239,0.17134574184795365
185.8991153009163,0.8341218098161465
185.9069863787087,0.8227594301990522
185.91485745650107,0.6202616214561546
185.92272853429347,1.8252492286471442
185.93059961208587,0.020350365177660725
185.93847068987827,0.6201253252986539
185.94634176767067,0.7308297426127287
185.95421284546308,0.13696238858480816
185.96208392325548,0.4543417378447888
185.96995500104788,1.0946641212646346
185.97782607884028,1.97656637496206
185.98569715663268,0.2298632715214498
185.99356823442508,1.1482550487756582
186.00143931221749,0.7306863719838748
186.0093103900099,0.6128462830584114
186.0171814678023,0.2766507014135327
186.0250525455947,0.3517326230222449
186.0329236233871,0.28442683052494333
186.0407947011795,0.11849749875370764
186.0486657789719,0.18754759898081008
186.0565368567643,0.6296127041392194
186.0644079345567,0.8192313864061675
186.0722790123491,0.0022571021737275965
186.0801500901415,2.294874261743091
186.0880211679339,0.1401389957880539
186.0958922457263,0.25868631410350296
186.1037633235187,0.0752621155384408
186.1116344013111,0.29771731826615483
186.1195054791035,0.7110723767512287
186.1273765568959,0.9832584963480022
186.13524763468828,2.459567283844057
186.14311871248069,0.7645866296834787
186.1509897902731,0.023620564315942706
186.1588608680655,0.9423900786792607
186.1667319458579,0.3335524883295391
186.1746030236503,0.33474730433065664
186.1824741014427,1.1416484593667395
186.1903451792351,4.688677063451076
186.1982162570275,0.29221671867345156
186.2060873348199,1.0867677626760928
186.2139584126123,1.5416306529037718
186.2218294904047,0.6209110409574562
186.2297005681971,0.4715517215196335
186.2375716459895,0.054770361390377324
186.2454427237819,0.24521187561542818
186.2533138015743,0.6280591249886864
186.2611848793667,0.11272294059210895
186.2690559571591,0.2716848295180355
186.2769270349515,0.4551534221864484
186.2847981127439,0.1216320043461722
186.29266919053632,1.1818297803570816
186.30054026832872,0.2321476011426887
186.30841134612112,0.9069240998920762
186.31628242391352,0.794897691327212
186.32415350170592,1.975054655408161
186.33202457949832,0.21631610711880048
186.33989565729075,1.5869306689657519
186.3477667350831,1.422489387994482
186.3556378128755,0.36735747617996634
186.3635088906679,1.192618755526302
186.3713799684603,1.137390918762663
186.3792510462527,0.5013023458612176
186.3871221240451,2.8784683947100946
186.3949932018375,1.7701817148980632
186.4028642796299,0.24641140737966882
186.4107353574223,1.064056176083045
186.4186064352147,0.0646187137228309
186.42647751300711,0.22295223374858
186.43434859079952,0.3493822482282864
186.44221966859192,0.19712747150644575
186.45009074638432,0.22332179047155132
186.45796182417672,0.1097598379273964
186.46583290196912,0.08310625671973834
186.47370397976152,0.021222024906569378
186.48157505755395,0.8335121793273378
186.48944613534636,1.4785896984399334
186.49731721313876,0.02884883263178032
186.50518829093116,1.886699802982528
186.51305936872356,0.45224262602382714
186.52093044651596,1.9706005989287367
186.52880152430836,0.7076711265979276
186.53667260210077,0.27475400565425656
186.54454367989317,0.7372863556959719
186.55241475768557,0.05292014870418023
186.5602858354779,0.49221227315448257
186.56815691327031,1.0841920283151971
186.57602799106272,0.42180192999765237
186.58389906885512,2.4881828941057864
186.59177014664752,1.0705095199972332
186.59964122443992,0.19716133353038898
186.60751230223232,0.587174963310661
186.61538338002472,0.4541811822678201
186.62325445781715,1.2884484549664903
186.63112553560956,1.4338349723654853
186.63899661340196,0.25447865829065186
186.64686769119436,0.29673418521012584
186.65473876898676,0.22294883533794146
186.66260984677916,0.9032844695726483
186.67048092457156,0.5764617514812137
186.67835200236397,0.12328679723896649
186.68622308015637,0.34168067476770647
186.69409415794877,0.5822239018577091
186.70196523574117,1.028835566937143
186.70983631353357,0.5169328890198618
186.71770739132597,0.9591571343757334
186.72557846911835,0.6666611076016642
186.73344954691075,1.2876068153764153
186.74132062470315,3.0316533476332266
186.74919170249555,0.1851776936227019
186.75706278028795,0.8820800706928074
186.76493385808035,2.625834256798231
186.7728049358728,0.3477443863781935
186.78067601366516,0.24235875009112434
186.78854709145756,0.7280738573978685
186.79641816924996,2.9722703554113687
186.80428924704236,2.6683823642576634
186.81216032483476,0.2697246698258666
186.82003140262717,0.27358470848640193
186.82790248041957,1.632062549567486
186.83577355821197,0.006061477319027794
186.84364463600437,0.18881031005935314
186.85151571379677,0.6829690400754168
186.85938679158917,0.06423646405787131
186.86725786938155,0.17413247164458273
186.87512894717395,1.0806539810206388
186.88300002496635,0.7115812234708725
186.89087110275875,0.6625274690906229
186.89874218055115,0.6359021007839496
186.90661325834355,0.13870581371007992
186.914484336136,0.7539156137709347
186.9223554139284,1.5176674004088513
186.9302264917208,0.7010048822542391
186.9380975695132,2.9257389621935914
186.9459686473056,2.09187526530749
186.953839725098,0.24309492951043626
186.9617108028904,0.1826154675531878
186.9695818806828,0.2041705251066245
186.9774529584752,1.8362075883738391
186.9853240362676,0.3956312776135805
186.99319511405997,1.014463649730626
187.00106619185237,2.177240980084979
187.00893726964475,1.3975850179409257
187.01680834743715,0.5938783976142651
187.02467942522955,0.34558331803601383
187.03255050302195,0.1435042381373424
187.04042158081435,0.053082916321526175
187.04829265860675,0.4142554585267924
187.0561637363992,0.5415241482399111
187.0640348141916,0.282112453546019
187.071905891984,0.03362612679282993
187.0797769697764,0.3705348896922839
187.0876480475688,0.6964811364028508
187.0955191253612,0.13601127605078325
187.1033902031536,0.7177608681721123
187.111261280946,0.8927840083794969
187.1191323587384,0.254533165957173
187.1270034365308,1.9038702918904074
187.1348745143232,1.1926119905592605
187.1427455921156,0.7965933526541582
187.150616669908,0.31926283973201447
187.1584877477004,0.29665393792025607
187.1663588254928,4.030511232584274
187.1742299032852,2.8535564912478297
187.1821009810776,1.8029135410410817
187.18997205887,0.9919563911031528
187.1978431366624,1.3383824632118282
187.2057142144548,0.11934148415845348
187.2135852922472,0.19333829993116725
187.2214563700396,1.5552883006867857
187.229327447832,0.833086675337038
187.2371985256244,1.796425696920586
187.2450696034168,0.21953263871422077
187.2529406812092,1.063347890719752
187.2608117590016,1.104279232379388
187.268682836794,0.46635985811695313
187.2765539145864,1.4993523673647078
187.2844249923788,2.7899033312383508
187.2922960701712,0.342580853123553
187.3001671479636,4.290711138904323
187.308038225756,1.493631531629379
187.3159093035484,0.6462050129194116
187.3237803813408,1.3112190794420586
187.3316514591332,0.5357149226247283
187.3395225369256,0.9769087505739439
187.347393614718,1.061177210586649
187.3552646925104,1.421114426002561
187.3631357703028,0.43246255368514225
187.3710068480952,0.36479251194565815
187.3788779258876,0.25456428152200755
187.38674900368,0.08585445409100632
187.3946200814724,1.089563484832663
187.4024911592648,1.0549251459812397
187.4103622370572,1.8802546900431076
187.4182333148496,0.25210606754955917
187.426104392642,0.39902324269564304
187.4339754704344,0.118443492834104
187.4418465482268,0.27188525754577453
187.4497176260192,1.3402472961272152
187.4575887038116,0.6965749323953145
187.465459781604,0.5096516613865573
187.4733308593964,0.03182198401369111
187.4812019371888,1.7788585898200076
187.4890730149812,0.18066109423082688
187.4969440927736,0.15542798049237264
187.504815170566,0.886185231024706
187.5126862483584,1.0162463778770179
187.5205573261508,2.2471637994444222
187.5284284039432,0.4320211302616539
187.5362994817356,0.9959989194414289
187.544170559528,0.23819261475643227
187.5520416373204,0.22643117728827147
187.5599127151128,0.272755038896435
187.5677837929052,0.30804613036654216
187.5756548706976,1.4752669446993159
187.58352594849,0.37011387449639976
187.5913970262824,0.7004181623216373
187.5992681040748,0.878081343159422
187.6071391818672,0.5176050993738341
187.6150102596596,1.2193769312805758
187.622881337452,0.038030434185124216
187.6307524152444,0.12858571161288343
187.6386234930368,0.021011724440197985
187.6464945708292,1.4767699802879553
187.6543656486216,0.3616633761762102
187.662236726414,2.8067527774916265
187.6701078042064,0.3091221663160756
187.6779788819988,0.5875504242261445
187.6858499597912,0.09525957459609695
187.6937210375836,1.6168277282854737
187.701592115376,2.059764257940882
187.7094631931684,0.006052355253990354
187.7173342709608,0.3980438831022765
187.7252053487532,1.185923765477918
187.7330764265456,0.008688242681899919
187.740947504338,0.030299318471293583
187.7488185821304,1.0031448503248317
187.7566896599228,0.5923666886143042
187.7645607377152,1.9061346739076874
187.7724318155076,1.3849484635857874
187.7803028933,1.0139510506037077
187.7881739710924,0.3449118717310562
187.7960450488848,0.6960442409287992
187.8039161266772,0.11022058832968186
187.8117872044696,0.1873994106932565
187.81965828226205,0.6736784787491347
187.82752936005443,0.5534096635486503
187.83540043784683,0.19478257860919937
187.84327151563923,0.8369821999792743
187.8511425934316,0.1310821896243148
187.859013671224,0.5466020428723537
187.8668847490164,0.110841942772368
187.8747558268088,0.22086093050334565
187.8826269046012,0.6652118992474126
187.8904979823936,0.42768938381682153
187.898369060186,0.24881666020598928
187.9062401379784,0.06917006266764647
187.9141112157708,0.4068959857244965
187.9219822935632,0.17591645378588291
187.9298533713556,1.596869448518714
187.937724449148,1.0029764166850257
187.9455955269404,0.3936736092162805
187.9534666047328,0.7671670918657024
187.96133768252523,0.1878497216892671
187.96920876031763,0.179215327888483
187.97707983811003,0.9587366988631131
187.98495091590243,2.229463863285736
187.99282199369483,3.04944162161977
188.00069307148723,1.8456939240899208
188.00856414927964,1.130306181531779
188.01643522707204,0.2659989560409146
188.02430630486444,0.8884685907419165
188.03217738265684,0.18135470823937833
188.04004846044924,0.20275408144238852
188.04791953824164,0.3458976992007644
188.05579061603405,0.38940723027757146
188.06366169382645,0.4991481595480794
188.0715327716188,0.835832408890604
188.0794038494112,0.5253133333088996
188.0872749272036,0.8091066549120675
188.095146004996,0.062018106774914844
188.10301708278843,2.2716998684503893
188.11088816058083,1.8599971090976164
188.11875923837323,0.18314857518571384
188.12663031616563,0.3656129060044307
188.13450139395803,0.40330019291449093
188.14237247175043,1.564123108102182
188.15024354954284,0.2791170806018123
188.15811462733524,0.4494643308858301
188.16598570512764,0.712499710811801
188.17385678292004,0.012467849498815384
188.18172786071244,1.4027560610267282
188.18959893850484,1.3563807615950585
188.19747001629725,0.2358088874739844
188.20534109408965,0.5122366690494742
188.21321217188205,2.5029052070507096
188.22108324967445,0.4677161352565777
188.22895432746685,0.15160458524127382
188.23682540525925,0.41748509711545384
188.24469648305163,0.5862870286993049
188.25256756084408,0.5718702049434
188.2604386386365,0.05834900451615894
188.2683097164289,1.2496831877035874
188.2761807942213,0.9842742376222744
188.28405187201363,0.3270517574386187
188.29192294980604,1.2228735527362866
188.29979402759844,0.6949926945809886
188.30766510539084,0.7047442100920177
188.31553618318324,0.4257548072409236
188.32340726097564,0.03568650301907243
188.33127833876804,0.11303645588299956
188.33914941656045,0.006266658201715353
188.34702049435285,0.9188044171702537
188.35489157214525,0.29367318230755757
188.36276264993765,0.01580699947032004
188.37063372773005,0.2761356616588942
188.37850480552245,0.7956990644115645
188.38637588331488,0.12443997572441269
188.39424696110729,0.30631653032639106
188.4021180388997,0.42700778163242087
188.4099891166921,0.9911030766857518
188.4178601944845,1.95200850365701
188.4257312722769,0.469870892375172
188.4336023500693,0.7213829171649354
188.44147342786167,0.038253945807810046
188.44934450565407,0.21673552870785914
188.45721558344647,1.229752263222127
188.46508666123887,0.29234424328466924
188.47295773903127,0.13460919000620197
188.48082881682367,0.2627701405777094
188.48869989461608,0.05730951075931043
188.49657097240845,0.14558666605660378
188.50444205020085,0.2563026192487228
188.51231312799325,0.43842429260143667
188.52018420578565,3.1424968913107447
188.52805528357808,0.7090081063072913
188.53592636137049,0.2895615296227807
188.5437974391629,0.0853305637585618
188.5516685169553,0.0025292839651315157
188.5595395947477,2.2101199402330307
188.5674106725401,1.1879753027700015
188.5752817503325,1.3793017372665843
188.58315282812487,0.6261634560753425
188.59102390591727,0.9383515279140286
188.59889498370967,4.150184788609994
188.60676606150207,0.2227371817769722
188.61463713929447,0.49833039073054536
188.62250821708687,0.013907771010428846
188.63037929487928,1.3435379851190663
188.63825037267168,0.2428596821953433
188.64612145046408,0.8769753017216007
188.65399252825648,0.15971862981072352
188.66186360604888,0.7041841650871404
188.66973468384128,0.14077688568802962
188.67760576163369,0.4835855142370448
188.6854768394261,1.7774097005242155
188.6933479172185,0.28771790655808094
188.7012189950109,0.06947831092823009
188.7090900728033,0.10408999587950984
188.7169611505957,1.9737129910364977
188.72483222838807,0.20348096907444052
188.73270330618047,0.5496872519058638
188.74057438397287,0.5922861871856068
188.74844546176527,0.5196045304422972
188.75631653955767,2.3888032658909486
188.76418761735007,0.28394871206464983
188.77205869514248,0.47310959057287033
188.77992977293488,0.8753114647070823
188.78780085072728,0.0868430194160794
188.79567192851968,1.338267988817046
188.80354300631208,0.324691182625888
188.81141408410448,1.405457026048219
188.8192851618969,1.1492920996216835
188.8271562396893,0.8197237277202825
188.8350273174817,0.14031347160705662
188.8428983952741,0.18035429191186625
188.8507694730665,0.010669233988827067
188.8586405508589,0.23351183756505764
188.8665116286513,0.47120149712904147
188.8743827064437,0.3645315573157462
188.8822537842361,0.9089347562245229
188.8901248620285,1.17087143863507
188.8979959398209,0.8080303364337919
188.9058670176133,1.2848572527167084
188.9137380954057,0.39539740139216206
188.9216091731981,0.008671449177821079
188.92948025099048,1.3140412616625328
188.93735132878288,0.9396058557944666
188.94522240657528,1.1767413701934397
188.95309348436768,0.10132069634981739
188.9609645621601,0.2995827463334316
188.9688356399525,0.41708520656838793
188.9767067177449,0.041027969666572926
188.9845777955373,0.5798740249585994
188.9924488733297,1.2572567104602252
189.0003199511221,0.9550365651435943
189.0081910289145,0.07229337297207375
189.0160621067069,0.4292934085030817
189.0239331844993,2.398976961525076
189.0318042622917,0.12902394924465344
189.0396753400841,0.2154972687006783
189.0475464178765,0.33437622848464765
189.0554174956689,0.29697708924446553
189.0632885734613,2.6904672161390266
189.0711596512537,1.3308663528569245
189.0790307290461,1.2609563837869993
189.0869018068385,0.8396296524011697
189.0947728846309,0.8890173633556624
189.1026439624233,0.7660550714116676
189.1105150402157,1.4617614442606652
189.1183861180081,1.5000856590134877
189.1262571958005,1.7212814006262918
189.1341282735929,0.1640350966857502
189.1419993513853,0.335511623862573
189.1498704291777,0.2720845662194059
189.1577415069701,3.718204348166581
189.1656125847625,1.7130180495053342
189.1734836625549,1.9211872047941938
189.1813547403473,1.571203067750155
189.1892258181397,0.04132132613949148
189.1970968959321,1.2047556347259576
189.2049679737245,0.15131490074676976
189.2128390515169,0.10751679909439273
189.2207101293093,0.39507772178144274
189.2285812071017,1.3868638101412847
189.2364522848941,0.5336985650876793
189.2443233626865,0.42664547698172284
189.2521944404789,0.538577390465754
189.2600655182713,2.7703986011090587
189.2679365960637,2.3098100266313937
189.2758076738561,0.1952704667244293
189.28367875164847,2.680703783481297
189.29154982944087,2.687914096838535
189.29942090723333,4.878798851353062
189.30729198502573,0.8473190288191368
189.31516306281813,0.09561994762200975
189.32303414061053,2.340161838717491
189.33090521840293,0.6303772841880815
189.3387762961953,0.41582031314616236
189.3466473739877,0.7859503136206425
189.3545184517801,0.55781506338145
189.3623895295725,0.6101640552389663
189.3702606073649,2.140298388474393
189.3781316851573,0.17594365878018542
189.3860027629497,0.5465528988326903
189.3938738407421,0.12009279994439939
189.4017449185345,0.034910273392612434
189.4096159963269,0.032432291317911074
189.4174870741193,1.5919357103671374
189.42535815191167,0.3770039561414954
189.43322922970407,0.011996608634662481
189.44110030749653,0.3990618431789232
189.44897138528893,1.838706081600281
189.45684246308133,0.5397355086482408
189.46471354087373,0.7328933401205856
189.47258461866613,0.5496749592107008
189.4804556964585,0.5738458324963698
189.4883267742509,2.04059054893722
189.4961978520433,0.33371714235161987
189.5040689298357,1.8159301976066131
189.5119400076281,1.1167524299446556
189.5198110854205,0.31591511409978656
189.52768216321292,0.7573823109369693
189.53555324100532,0.13007065862757636
189.54342431879772,0.0986335778635177
189.55129539659012,1.2123274622384013
189.55916647438252,1.9101947362438985
189.56703755217492,0.5271065228014877
189.57490862996733,0.7937439793266976
189.58277970775973,1.6893098099825192
189.59065078555213,1.767325129783049
189.59852186334453,1.014973980408361
189.60639294113693,0.6623344302750661
189.61426401892933,2.275055080486171
189.6221350967217,1.1082104622726852
189.6300061745141,2.2910959022070827
189.6378772523065,1.221522820077854
189.6457483300989,0.11932858955659782
189.6536194078913,0.0828433003679237
189.66149048568371,0.48991221392936823
189.66936156347612,0.0756927340201234
189.67723264126852,0.37017684342488094
189.68510371906092,1.9560038268249333
189.69297479685332,0.2844205362184498
189.70084587464572,0.518067727456651
189.70871695243812,2.4540871141856235
189.71658803023053,2.605260720411639
189.72445910802296,0.30795359288501606
189.73233018581536,0.26841012117572366
189.74020126360776,0.969527163877055
189.74807234140016,0.9270092501112938
189.75594341919256,0.05996519961707177
189.76381449698496,0.19962700998879895
189.77168557477736,1.4926442467345777
189.77955665256977,0.2687259975301333
189.78742773036217,0.6102161026130494
189.7952988081545,0.49337488912990046
189.80316988594691,0.6153445732649105
189.81104096373932,0.7206396183761936
189.81891204153172,0.2546377710995015
189.82678311932412,0.5135828292603235
189.83465419711652,0.4453288001871363
189.84252527490892,1.0863816322868372
189.85039635270132,3.624721226216843
189.85826743049373,2.585128166659723
189.86613850828616,0.34340896523980935
189.87400958607856,1.1448068120812942
189.88188066387096,0.293364138024859
189.88975174166336,0.22633875424676914
189.89762281945576,1.4910546205386455
189.90549389724816,0.2739307518340623
189.91336497504057,2.787664458522015
189.92123605283297,0.1328167762298317
189.92910713062537,0.35719567978928846
189.93697820841777,1.859566267448883
189.94484928621017,0.4678422444876896
189.95272036400257,0.06318055326987788
189.96059144179495,0.8919444071600795
189.96846251958735,0.9390697168877953
189.97633359737975,0.07658233435840528
189.98420467517215,1.3952480866166814
189.99207575296455,0.1718898107748662
189.99994683075695,0.39650526828378735
190.00781790854936,0.29310265871988384
190.01568898634176,1.0271583188749616
190.02356006413416,2.7497575325826347
190.03143114192656,0.05175539799538308
190.03930221971896,0.7121787943785167
190.04717329751136,0.04063599747317524
190.05504437530377,0.4286657032635866
190.06291545309617,0.9828825466602711
190.07078653088857,0.9778225259772957
190.07865760868097,0.05015769278755411
190.08652868647337,0.7658961184986324
190.09439976426577,1.387384270232674
190.10227084205815,0.09232400486998776
190.11014191985055,0.2662405504303283
190.11801299764295,0.04893899650844029
190.12588407543535,0.15661294124663594
190.13375515322775,0.570260492190312
190.14162623102015,0.6821232471370908
190.14949730881256,0.3895886506164312
190.157368386605,1.1212710966138535
190.1652394643974,1.2456575267572605
190.1731105421898,0.4592197827157101
190.1809816199822,1.2446644235753448
190.1888526977746,0.2931753205434329
190.196723775567,0.8492528902403401
190.2045948533594,0.36865078921729344
190.2124659311518,0.025114012855062786
190.22033700894417,0.6977406514574497
190.22820808673657,0.08413688765752178
190.23607916452897,0.19969995017664652
190.24395024232135,0.6150121181496434
190.25182132011375,1.4059208249492725
190.25969239790615,0.0951962266888113
190.26756347569855,0.38411950251216986
190.27543455349095,0.6696961039563072
190.28330563128335,1.6263229845059386
190.29117670907576,0.39883831287243415
190.2990477868682,0.036391886547858306
190.3069188646606,0.09021833261874995
190.314789942453,0.5245646189133134
190.3226610202454,0.51851361610544
190.3305320980378,0.5120456070122171
190.3384031758302,0.0708586966780232
190.3462742536226,0.5366616632331046
190.354145331415,0.128810416676776
190.3620164092074,2.6399739804908298
190.3698874869998,4.061296426103792
190.3777585647922,0.18279863685441788
190.3856296425846,1.6740248594081368
190.393500720377,1.3162415008216906
190.4013717981694,1.589797307858211
190.4092428759618,0.5279928965190058
190.4171139537542,0.02595795154892471
190.4249850315466,1.5239997947252117
190.432856109339,0.307676646553008
190.4407271871314,0.1475776729746559
190.4485982649238,0.48780484094495813
190.4564693427162,0.4187885045692896
190.4643404205086,0.4122774998481948
190.472211498301,0.5032922449543301
190.4800825760934,0.7075576938954534
190.4879536538858,1.6993729758354519
190.4958247316782,0.3306658479142479
190.5036958094706,1.0085538381096872
190.511566887263,1.1008335057150482
190.5194379650554,2.295674840986453
190.5273090428478,0.6175889025087725
190.5351801206402,1.1633511950075028
190.5430511984326,0.4112666283651406
190.550922276225,0.04927791521021313
190.5587933540174,0.21037157852726535
190.5666644318098,0.013880897108586946
190.5745355096022,0.31578080861508695
190.58240658739464,0.4362471754774322
190.59027766518705,0.4409997128097947
190.59814874297945,1.5373713438799539
190.60601982077185,2.540169265735218
190.61389089856425,0.4023746234087128
190.62176197635665,1.2849485348176142
190.62963305414905,0.1457973525702539
190.63750413194143,1.7891779847750366
190.64537520973383,1.2781866919904434
190.6532462875262,1.1430578942531844
190.6611173653186,0.1133935957771829
190.668988443111,0.5823828608759131
190.6768595209034,0.9704042227551832
190.6847305986958,0.5598715182307583
190.6926016764882,4.4037819311835324
190.7004727542806,0.5675915853380277
190.708343832073,0.5969569058458475
190.7162149098654,0.934224201409588
190.72408598765784,0.6326942191541522
190.73195706545025,0.35610997078939416
190.73982814324265,0.5106181291732793
190.74769922103505,0.5320152914732604
190.75557029882745,1.511945263539706
190.76344137661985,0.2948302437315444
190.77131245441225,1.4867682885526323
190.77918353220463,0.2270554455839322
190.78705460999703,0.1034844529880859
190.79492568778943,1.0624045410325396
190.80279676558183,0.3149140144127362
190.81066784337423,0.45651172614419827
190.81853892116663,1.568433734475414
190.82640999895904,0.7047487146105539
190.83428107675144,0.07232890446298253
190.84215215454384,1.4415505535509492
190.85002323233624,0.9293752142557967
190.85789431012864,0.0785745380824275
190.86576538792104,0.4977349217008049
190.87363646571345,0.11294696024156523
190.88150754350585,0.5219105023518997
190.88937862129825,0.7522540299729631
190.89724969909065,0.8113196440743982
190.90512077688305,1.0187832438671305
190.91299185467545,1.717010853747631
190.92086293246783,3.402980785869367
190.92873401026023,0.24090584647210564
190.93660508805263,1.2238190612106148
190.94447616584503,2.116840441501283
190.95234724363743,1.4559327722113362
190.96021832142983,1.5053300520770614
190.96808939922224,0.3470468128266526
190.97596047701464,0.03715196377681742
190.98383155480704,0.39421302422130305
190.99170263259944,1.6080766795057821
190.99957371039184,0.2998676051279044
191.00744478818424,0.18885945861338918
191.01531586597665,0.36102981280386665
191.02318694376905,0.22445555302921477
191.03105802156145,0.41164571941980077
191.03892909935385,0.7406481314166996
191.04680017714625,0.590708639654023
191.05467125493865,1.3214533709529
191.06254233273103,0.31710713143422176
191.07041341052343,0.02923831873229914
191.07828448831583,0.8618115773054594
191.08615556610823,0.6259340615176305
191.09402664390063,2.0703098526750114
191.10189772169304,1.4531951546626047
191.10976879948544,2.9238473344992157
191.11763987727784,0.962527419658021
191.12551095507024,0.8966444486118312
191.13338203286264,3.8744554194393817
191.14125311065504,2.102543859317396
191.14912418844744,2.8395845529415022
191.15699526623985,6.638015699001378
191.16486634403225,1.36600308588928
191.17273742182465,0.5996620354788468
191.18060849961705,0.18145688433666587
191.18847957740945,3.1067735860717316
191.19635065520183,0.4605242902533417
191.20422173299423,1.1661370620405347
191.21209281078663,0.3355039548123947
191.21996388857903,0.9125009199701013
191.22783496637143,0.7369202859365561
191.23570604416383,0.8748450029559416
191.24357712195624,2.5476652782114733
191.2514481997487,2.7647956799335436
191.25931927754107,0.5739142585602224
191.26719035533347,0.03936637897928116
191.27506143312587,1.6107522374426801
191.28293251091827,0.5494940111860078
191.29080358871067,2.145348728844141
191.29867466650305,2.205431365600747
191.30654574429545,1.2620192525814593
191.31441682208785,0.8345062100229472
191.32228789988025,0.12586961046136722
191.33015897767265,0.6800612382032536
191.33803005546503,4.232008413838359
191.34590113325743,0.3055870392729779
191.35377221104983,0.4880529706365903
191.36164328884223,3.0137032760558227
191.36951436663463,1.1021741778682708
191.37738544442703,3.0273848578693587
191.38525652221944,0.267194586384886
191.3931276000119,0.09888643560744219
191.40099867780427,0.11308707615309596
191.40886975559667,1.3079297405067565
191.41674083338907,3.1796396800021154
191.42461191118147,0.6050919418299173
191.43248298897387,0.6430798896490633
191.44035406676628,0.764868340975425
191.44822514455868,0.439833721715523
191.45609622235108,0.7287239737083318
191.46396730014348,0.44486772203583663
191.47183837793588,4.6026778800466905
191.47970945572828,0.3777885040012618
191.48758053352068,6.181050950629591
191.4954516113131,3.2136709616597186
191.5033226891055,0.14658913877977298
191.51119376689783,1.8407954406193348
191.51906484469023,0.05723140403782908
191.52693592248264,0.03911907083504553
191.53480700027507,0.1324207637029824
191.54267807806747,3.287662073334828
191.55054915585987,1.2702793542501454
191.55842023365227,0.9636485653304334
191.56629131144467,2.9772503827649737
191.57416238923707,0.9608137416789357
191.58203346702948,0.11830906546512181
191.58990454482188,0.4598899026334241
191.59777562261428,2.6309131907800016
191.60564670040668,0.3343110514579255
191.61351777819908,0.7835975290767694
191.62138885599148,2.763690787441226
191.62925993378389,3.0337226954918752
191.6371310115763,1.424921954235436
191.6450020893687,0.20128743092215695
191.6528731671611,1.7185663582814508
191.6607442449535,0.28740246777826695
191.6686153227459,2.43829674429809
191.6764864005383,1.0631782903124196
191.6843574783307,0.9594640090900443
191.6922285561231,0.9233733174473306
191.7000996339155,0.4133816861035285
191.7079707117079,0.8003288455889803
191.7158417895003,0.0924213992332329
191.7237128672927,1.5310376838854556
191.73158394508508,2.967826892312349
191.73945502287748,1.251513389905636
191.74732610066988,1.8667765250481567
191.75519717846228,1.838550927803177
191.76306825625468,0.9765731359043377
191.77093933404709,0.48228400034623087
191.7788104118395,0.41725852831042476
191.7866814896319,0.6934668711665036
191.7945525674243,0.25609010287848527
191.8024236452167,0.5203897397110738
191.8102947230091,1.8817086055094567
191.8181658008015,1.7559150392370626
191.8260368785939,0.28883912670263734
191.8339079563863,4.323836732082901
191.8417790341787,2.031120654862095
191.8496501119711,1.5876465128784398
191.8575211897635,3.002615761327303
191.8653922675559,1.6008013397374459
191.8732633453483,1.562463148777091
191.8811344231407,0.799760136203651
191.8890055009331,0.8330005122363288
191.8968765787255,4.357222492537465
191.9047476565179,0.5770121427125329
191.9126187343103,0.32342057784249034
191.92048981210272,0.11189066565011005
191.92836088989512,0.4144177170305726
191.93623196768752,0.6384429263951227
191.9441030454799,0.9953999343713007
191.9519741232723,1.568324843855487
191.9598452010647,0.8971130278640299
191.9677162788571,0.7959776551084784
191.9755873566495,0.494736449023797
191.9834584344419,1.073542977916851
191.9913295122343,0.5002648390581227
191.9992005900267,1.8735292125075933
192.0070716678191,1.7692857117093153
192.0149427456115,1.64920481309637
192.0228138234039,0.4368738571882774
192.0306849011963,1.9709646888741796
192.0385559789887,2.1340283091441115
192.0464270567811,0.987260426100199
192.05429813457351,1.4534887956328781
192.06216921236592,0.10625535755802738
192.07004029015832,0.6369070453750667
192.07791136795072,1.2554236013438491
192.08578244574312,0.40966460667374704
192.09365352353552,0.10026173073929374
192.10152460132792,0.32059122011830726
192.10939567912035,0.33583419794710007
192.11726675691276,0.16539131947127902
192.12513783470516,0.834544850458485
192.13300891249756,1.8366808665461416
192.14087999028996,0.8600224361414686
192.14875106808236,0.37946443463260066
192.1566221458747,0.2014060090651803
192.1644932236671,3.999326320155679
192.1723643014595,0.12924869766489536
192.1802353792519,0.9455839410765314
192.1881064570443,0.48890680636841594
192.19597753483671,0.7083867266117094
192.20384861262912,0.9205119452455672
192.21171969042152,1.659937000175457
192.21959076821392,2.5990336311860114
192.22746184600632,0.4730155315672771
192.23533292379872,0.6602582463738085
192.24320400159112,2.0222965105298245
192.25107507938355,0.27867603006118286
192.25894615717596,0.49752880903072805
192.26681723496836,0.9720121482245486
192.27468831276076,0.529971485119291
192.28255939055316,2.8055569880138025
192.29043046834556,0.8108438398752296
192.29830154613796,0.2005204493252061
192.30617262393037,0.627609034201901
192.31404370172277,0.9900698773978229
192.32191477951517,0.012241254439657578
192.32978585730757,0.1884516268188598
192.33765693509997,0.2595112650557394
192.34552801289237,0.3354445500492996
192.35339909068475,0.4928617290976636
192.36127016847715,0.17616209620688028
192.36914124626955,1.1783293526746343
192.37701232406192,0.390554819667059
192.38488340185432,1.6671847368461552
192.39275447964675,0.16760612558231272
192.40062555743916,2.6970231300901535
192.40849663523156,0.9308044477319778
192.41636771302396,0.14926920225588566
192.42423879081636,0.5878201366550099
192.43210986860876,1.0353424869037846
192.43998094640116,0.8313374281583653
192.44785202419357,0.6967811928371374
192.45572310198597,2.07633085186345
192.46359417977837,0.033048830486477644
192.47146525757077,0.9868474304453959
192.47933633536317,0.8664065332310913
192.48720741315557,0.2868987813978402
192.49507849094795,0.06706894413029386
192.50294956874035,0.489187547212732
192.51082064653275,0.15378414174715815
192.51869172432515,0.28652879182631413
192.52656280211755,1.4775826801725702
192.53443387990995,0.5115524589629156
192.5423049577024,1.00064090947816
192.5501760354948,0.3799318942114537
192.5580471132872,1.3839734494754643
192.5659181910796,0.30616010310828623
192.573789268872,0.6002781940191951
192.5816603466644,1.0817066525147294
192.58953142445677,0.058106942083780797
192.59740250224917,0.7509193984164104
192.60527358004157,3.208376840818173
192.61314465783397,0.47493793861659783
192.62101573562637,1.8861083994790604
192.62888681341877,0.07096478791965703
192.63675789121115,0.11872429828898325
192.64462896900355,0.03225717951457683
192.65250004679595,0.1269360233372621
192.66037112458835,0.0870670970775701
192.66824220238075,0.6868702158358145
192.67611328017315,0.22753578633940524
192.6839843579656,0.6193372367056226
192.691855435758,0.21169948453971593
192.6997265135504,0.2284233412204043
192.7075975913428,0.1796717699845828
192.7154686691352,0.3691353626034981
192.7233397469276,0.15640522377735244
192.73121082472,0.5047818389734379
192.7390819025124,3.2018999036199616
192.7469529803048,0.8168957292352418
192.7548240580972,0.8347499249605188
192.7626951358896,0.6702374436872128
192.770566213682,0.93863060637786
192.7784372914744,2.1147811205345852
192.7863083692668,2.636658097791404
192.7941794470592,0.15376732997346837
192.80205052485155,0.028660982900960925
192.80992160264395,1.1176703433532622
192.8177926804364,0.7141032611954374
192.8256637582288,0.5634750237707769
192.8335348360212,0.6693809188832387
192.8414059138136,0.014389533762307232
192.849276991606,0.5835043766172561
192.8571480693984,1.1487978525716753
192.8650191471908,0.08600087887423054
192.8728902249832,3.62105753806659
192.8807613027756,0.06198837820421859
192.888632380568,0.4332531932451913
192.8965034583604,0.5087459643433863
192.9043745361528,1.525695486592799
192.9122456139452,1.3175245214279176
192.9201166917376,0.7169935932820023
192.92798776953,0.4125236706968841
192.9358588473224,0.5650872564799525
192.9437299251148,0.2672006595346286
192.9516010029072,0.49426389167955576
192.9594720806996,0.2066223857820626
192.967343158492,0.011805214937341598
192.9752142362844,1.0469591100298832
192.9830853140768,0.5942052882690887
192.9909563918692,0.3192657920403852
192.9988274696616,0.22135638863160761
193.006698547454,0.6811084997310511
193.0145696252464,1.458641016649457
193.0224407030388,2.571625365904854
193.0303117808312,1.0557807397945016
193.0381828586236,0.4109218650186143
193.046053936416,0.1267076092030633
193.0539250142084,1.313904300605086
193.0617960920008,0.351565285792844
193.0696671697932,0.9028423763618505
193.0775382475856,0.8854938426091574
193.085409325378,0.3243217819177338
193.0932804031704,0.19969585368293075
193.1011514809628,0.29341983641786107
193.1090225587552,0.576637378717405
193.1168936365476,0.14456141804755582
193.12476471434,0.12411583952208621
193.1326357921324,0.2822848066801856
193.1405068699248,0.20944339330926343
193.1483779477172,0.7364878336707901
193.1562490255096,0.8129284132471656
193.164120103302,0.2222267820390533
193.1719911810944,0.484567717527358
193.1798622588868,0.5579729534582137
193.1877333366792,1.3675940825910424
193.1956044144716,1.0184552665647628
193.203475492264,0.5971687769635128
193.2113465700564,3.5613677655278524
193.2192176478488,3.438858192617857
193.2270887256412,0.9413711909100392
193.2349598034336,0.04607303081507905
193.242830881226,1.1903350363766043
193.2507019590184,0.11314712283192593
193.2585730368108,0.8990302552151369
193.2664441146032,1.086271722305256
193.2743151923956,0.1309302127729364
193.282186270188,0.12947920038704705
193.2900573479804,0.917871794891937
193.2979284257728,0.12155790095429297
193.3057995035652,0.14133434497461414
193.3136705813576,1.766201744633304
193.32154165915,0.526939235505358
193.3294127369424,0.06797752150573666
193.3372838147348,2.338298310072424
193.3451548925272,1.4917852240582576
193.3530259703196,2.918038637778046
193.360897048112,0.5110589211773569
193.3687681259044,0.918012119847932
193.3766392036968,0.23040819252641098
193.3845102814892,5.19439500350136
193.3923813592816,2.6342007902193822
193.400252437074,2.708890969666805
193.4081235148664,0.1294465678311125
193.4159945926588,0.2497132702558319
193.4238656704512,0.026595534174429294
193.4317367482436,1.3321319596070686
193.439607826036,0.15427506220537268
193.44747890382845,0.05869633040120868
193.4553499816208,1.163006780989476
193.4632210594132,0.03328892608408475
193.4710921372056,0.1202587775270008
193.478963214998,1.0524300115548442
193.4868342927904,1.5296395150683708
193.4947053705828,1.3683049740577935
193.5025764483752,0.5378318037937084
193.5104475261676,1.1076037823855711
193.51831860396,0.3839623568306049
193.5261896817524,1.2904836188990696
193.5340607595448,0.848715747485784
193.5419318373372,2.57562920881338
193.5498029151296,0.44576383681636383
193.557673992922,0.38147076223726184
193.5655450707144,0.22107372938308925
193.5734161485068,0.612591468396042
193.5812872262992,1.9759207256019917
193.58915830409163,1.1177783547101448
193.59702938188403,1.6661577913076566
193.60490045967643,0.6878800189833422
193.61277153746883,1.5394885222841102
193.62064261526123,3.307519462874707
193.62851369305363,3.444438427708048
193.63638477084604,0.9613710124551231
193.64425584863844,1.8200910050689916
193.65212692643084,1.3139281807654584
193.65999800422324,1.2346279130605493
193.6678690820156,0.10042139443923224
193.675740159808,0.19938677127080895
193.6836112376004,2.40434678796568
193.6914823153928,1.7608902983190802
193.6993533931852,0.3182277194833482
193.7072244709776,5.244664479899414
193.71509554877,0.44577809419510733
193.7229666265624,0.46174068647987104
193.73083770435483,0.7224903644281839
193.73870878214723,0.10895487536134935
193.74657985993963,0.22256796648281368
193.75445093773203,2.51860182581642
193.76232201552443,1.5955238475903861
193.77019309331683,0.008488968408833017
193.77806417110924,0.17687905654622016
193.78593524890164,5.657447746559573
193.79380632669404,0.18523629431970015
193.80167740448644,0.9969354290584704
193.80954848227884,0.8612234293404089
193.81741956007124,0.3728900613305017
193.82529063786365,2.0368032685559165
193.83316171565605,0.2683340106498291
193.84103279344845,0.5862332786837726
193.84890387124085,0.3635654983287612
193.85677494903325,2.0376642800978937
193.86464602682565,0.10497145593900803
193.87251710461803,0.06422874205029161
193.88038818241043,1.7986519835309693
193.88825926020283,0.0865383221440404
193.89613033799523,0.07243502128806815
193.90400141578763,1.1631396796654703
193.91187249358003,0.6420617489714803
193.91974357137244,0.9408111946961112
193.92761464916484,1.5211459639832225
193.93548572695724,3.0858268493980248
193.94335680474964,0.16334794025490135
193.95122788254204,0.386434206338853
193.95909896033444,1.470265940467518
193.96697003812685,0.7498974626069973
193.97484111591925,3.65788701922751
193.98271219371165,1.2384904909350607
193.99058327150405,2.092179221359347
193.99845434929645,0.8780803873952565
194.00632542708885,0.17007680670560027
194.01419650488128,0.18586886524659277
194.02206758267369,0.23589818287762954
194.0299386604661,0.4597098294749029
194.0378097382585,0.8742093356916225
194.0456808160509,0.08109177729916608
194.0535518938433,0.20843701559753003
194.0614229716357,0.16825614882383896
194.06929404942807,0.6712841738890589
194.07716512722047,0.9467213115643053
194.08503620501287,0.062285173435537994
194.09290728280527,0.5730075805705357
194.10077836059764,0.5862148657022437
194.10864943839005,0.1360344915116943
194.11652051618245,0.0029741029024541927
194.12439159397485,0.5050818427842636
194.13226267176725,2.9072461791985003
194.14013374955965,0.7347845546710812
194.14800482735205,0.7808242539634898
194.15587590514448,1.1927337982266275
194.16374698293689,2.565901220155772
194.1716180607293,0.45456870906325186
194.1794891385217,1.3787459357739356
194.1873602163141,4.940727256292675
194.1952312941065,0.5508226692589404
194.2031023718989,0.3296813424304326
194.21097344969127,4.197601380002772
194.21884452748367,1.614915454310977
194.22671560527607,1.2243868647503866
194.23458668306847,1.8333368770070209
194.24245776086087,2.9635662434844865
194.25032883865327,0.7357866678740921
194.25819991644568,0.5041631993571234
194.26607099423808,0.6922211301132409
194.27394207203048,0.34549332012557005
194.28181314982288,0.3452194564154498
194.28968422761528,0.4690398201362873
194.29755530540768,0.24080651249193794
194.30542638320009,0.1521191436542447
194.3132974609925,1.5076938718846127
194.3211685387849,0.557697063290267
194.3290396165773,2.4803174069209484
194.3369106943697,0.6184950941348801
194.3447817721621,3.5038871270319345
194.35265284995447,2.291939887280363
194.36052392774687,0.3130649725504322
194.36839500553927,1.545497216915911
194.37626608333167,1.7364709553450859
194.38413716112407,0.17868020250915406
194.39200823891647,4.344117053037375
194.39987931670888,1.9803292789142641
194.40775039450128,0.22781301498432066
194.41562147229368,0.6430366766985162
194.42349255008608,0.8847277355745139
194.43136362787848,2.4699516394047785
194.43923470567088,0.39399053373749865
194.4471057834633,0.33444458298236923
194.4549768612557,1.3140780826041967
194.4628479390481,2.1319764355205884
194.4707190168405,1.4463974429678463
194.4785900946329,0.2970339946698502
194.4864611724253,0.6849922341816049
194.4943322502177,0.2631285975897299
194.5022033280101,0.10900195516105352
194.5100744058025,0.5535744375389877
194.5179454835949,0.48036220253666845
194.52581656138727,0.08028112367257331
194.53368763917967,0.23439677767117897
194.54155871697208,0.4573927018830382
194.54942979476448,0.7657353676280143
194.55730087255688,0.044177434957601056
194.56517195034928,0.7247862653472235
194.57304302814168,1.7733701618929973
194.58091410593408,1.854079116627447
194.5887851837265,1.7144589639187637
194.5966562615189,1.309381112653898
194.6045273393113,0.7455940098869629
194.6123984171037,1.7656220251006502
194.6202694948961,0.9104891134558909
194.6281405726885,1.806272767616372
194.6360116504809,0.7908981079152364
194.6438827282733,1.0477238606437032
194.6517538060657,0.03386692902921566
194.6596248838581,3.3480660932644835
194.6674959616505,1.2819004415688164
194.6753670394429,0.023592807366107978
194.6832381172353,0.5746504235290191
194.6911091950277,0.4871392868825036
194.6989802728201,1.5383855603108743
194.7068513506125,0.09947090577762063
194.7147224284049,1.1274101887834094
194.7225935061973,0.18328874180414234
194.7304645839897,0.040297725089917164
194.7383356617821,0.07466295055757943
194.7462067395745,3.261608464309609
194.7540778173669,0.90501413485199
194.7619488951593,0.8676288150617951
194.7698199729517,0.5371436527775773
194.7776910507441,0.07235749325931168
194.7855621285365,0.09383483313816207
194.7934332063289,0.049540360728599096
194.8013042841213,0.08315444182059355
194.8091753619137,0.7225948534849008
194.8170464397061,0.07276546302284437
194.8249175174985,0.8743329782917737
194.8327885952909,0.05876906564464267
194.8406596730833,0.97590711955641
194.8485307508757,1.5000326777067423
194.8564018286681,0.398274262979093
194.8642729064605,0.020761110331088392
194.8721439842529,0.6598843713230684
194.8800150620453,1.4955160332561073
194.8878861398377,0.6415925489203874
194.8957572176301,0.24239938460390198
194.9036282954225,0.9748641421635824
194.91149937321487,0.12796898739059753
194.91937045100727,0.798018949164972
194.92724152879973,0.6464059771732642
194.93511260659213,2.289676186261245
194.94298368438453,0.8523531062876991
194.95085476217693,2.8802791420064637
194.9587258399693,0.874166760977018
194.9665969177617,0.09231913531824415
194.9744679955541,1.5602539994391253
194.9823390733465,1.9378102782978046
194.9902101511389,0.6685610057417661
194.9980812289313,0.7962583044615856
195.0059523067237,0.03658305883825471
195.0138233845161,0.3051891868516747
195.0216944623085,1.7061333031843169
195.0295655401009,0.3422723642347679
195.0374366178933,3.2048814299576205
195.0453076956857,0.16288791401485733
195.05317877347807,1.8920035940835058
195.06104985127047,0.2744037951472363
195.06892092906293,0.3555854887340113
195.07679200685533,3.264668643214085
195.08466308464773,0.7850654401191269
195.09253416244013,0.14452771241990958
195.10040524023253,0.4994663468321189
195.1082763180249,1.8576306765820856
195.1161473958173,3.658972475316864
195.1240184736097,0.2107181743358194
195.1318895514021,0.8889129799572465
195.1397606291945,0.08134719322273122
195.1476317069869,0.9713693897763901
195.15550278477932,0.9071152659542571
195.16337386257172,1.862037609694405
195.1712449403641,0.2641570097773214
195.1791160181565,0.5205921291446539
195.1869870959489,0.38981522293801674
195.19485817374127,0.5410193708699327
195.20272925153373,1.2025685158205361
195.21060032932613,0.7220582972528186
195.21847140711853,0.5355744455477981
195.22634248491093,0.5745169243080126
195.23421356270333,2.1526423582466405
195.24208464049573,0.7414904280798384
195.2499557182881,1.999486367772
195.2578267960805,1.3814430016764683
195.2656978738729,0.3988158037253584
195.2735689516653,1.8312496616101477
195.2814400294577,0.11638587593764986
195.28931110725011,0.5814008848345066
195.29718218504252,0.22720677352032484
195.30505326283492,0.22097057193963826
195.31292434062732,0.4585186170574835
195.32079541841972,3.0739597016274596
195.32866649621212,0.2878970098722295
195.33653757400452,0.08526993855707904
195.34440865179693,1.7590085998168867
195.35227972958936,0.24095348559422128
195.36015080738176,0.4787781968331578
195.36802188517416,1.3549235583249888
195.37589296296656,1.613116788677111
195.38376404075896,3.2977624198782602
195.3916351185513,1.8022601321540295
195.3995061963437,0.36736036303099534
195.4073772741361,0.08180336274600714
195.4152483519285,0.7812938319944681
195.4231194297209,0.6565846515569829
195.43099050751331,1.0414778768843864
195.43886158530572,5.655503717218011
195.44673266309812,0.580569676883167
195.45460374089052,0.6413441016644426
195.46247481868292,0.6147217893956667
195.47034589647532,1.1661655322293265
195.47821697426772,1.3858554017676636
195.48608805206013,0.2898142098255348
195.49395912985256,0.6532276676262218
195.50183020764496,1.310387748023965
195.50970128543736,1.0588636121208772
195.51757236322976,1.01132427260547
195.52544344102216,0.7306610962933551
195.53331451881456,0.6091758739006173
195.54118559660697,1.9030489890401276
195.54905667439937,0.15540570208699428
195.55692775219177,1.7356327358464307
195.56479882998417,1.770501222772093
195.57266990777657,4.354385435476045
195.58054098556897,1.0755732770728423
195.58841206336135,0.3894491661321079
195.59628314115375,1.2596120004858569
195.60415421894612,1.0009532194203952
195.61202529673852,0.07328844266893207
195.61989637453092,1.4010153280730018
195.62776745232333,0.989715261217612
195.63563853011576,0.39368998924752635
195.64350960790816,1.0997956798445905
195.65138068570056,0.5176453375523185
195.65925176349296,0.09557063893603505
195.66712284128536,0.300016534258011
195.67499391907776,1.542092357870641
195.68286499687017,2.494677532735525
195.69073607466257,0.15084274373754372
195.69860715245497,0.9623094602114801
195.70647823024737,0.5299789559499439
195.71434930803977,0.6119561432185645
195.72222038583217,0.6445102451456514
195.73009146362455,0.15163731887815596
195.73796254141695,6.514863496230242
195.74583361920935,0.5925957937454391
195.75370469700175,3.8357201368815055
195.76157577479415,2.0655409038600916
195.76944685258655,0.16624093629829764
195.77731793037896,1.3639127446174442
195.7851890081714,0.7938272426026394
195.7930600859638,0.2885356137544193
195.8009311637562,4.056099281248131
195.8088022415486,2.0804737157440285
195.81667331934096,0.9889040557408724
195.82454439713337,0.21297725593766764
195.83241547492577,0.05666883861757531
195.84028655271817,1.820764089009026
195.84815763051057,1.0272254361368351
195.85602870830297,0.2855995119138701
195.86389978609537,0.38074379424699323
195.87177086388775,0.5342405854911179
195.87964194168015,0.1237600023980887
195.88751301947255,0.599659315631654
195.89538409726495,0.4051318188504616
195.90325517505735,1.623319343583341
195.91112625284975,0.23537742487266883
195.91899733064216,0.35021410254469193
195.9268684084346,2.1804261661273014
195.934739486227,0.8249018947604202
195.9426105640194,1.0741367960112282
195.9504816418118,4.864585827012258
195.9583527196042,0.2631263058623449
195.9662237973966,0.23902846846089215
195.974094875189,0.4916505971918059
195.9819659529814,0.8693604992466916
195.9898370307738,0.3195090978184855
195.9977081085662,0.3434855368789796
196.0055791863586,0.3818858512922955
196.013450264151,0.3901210503778664
196.0213213419434,0.14033125383162717
196.0291924197358,1.0386099995403573
196.03706349752815,0.14643160943078345
196.04493457532055,0.29633805176867356
196.05280565311296,0.0842473896000675
196.06067673090536,0.8359538818253641
196.0685478086978,1.0575082742143127
196.0764188864902,2.134475098111479
196.0842899642826,0.9068809139860835
196.092161042075,0.26707077691979453
196.1000321198674,0.9419267185969399
196.1079031976598,1.0474037182763805
196.1157742754522,1.794506256364765
196.1236453532446,1.3032150492737442
196.131516431037,4.771330498069702
196.1393875088294,1.4413280394292804
196.1472585866218,0.0804227109050018
196.1551296644142,3.078762485522869
196.1630007422066,3.1617387226044418
196.170871819999,0.19539133888742163
196.1787428977914,1.7728106488117903
196.1866139755838,0.7851600738552809
196.1944850533762,0.8723079871382283
196.2023561311686,1.0830025680167212
196.21022720896104,2.8887444410320953
196.21809828675345,0.31439784508660684
196.22596936454585,1.8134561542403362
196.23384044233825,2.6714186861538503
196.24171152013065,0.6183871931423385
196.249582597923,4.68460673116248
196.2574536757154,0.44672011043726206
196.2653247535078,5.42477849482385
196.2731958313002,1.9957552022094924
196.2810669090926,1.8079483385781516
196.288937986885,0.4084190644896493
196.2968090646774,0.870182035201763
196.3046801424698,0.2751031527782607
196.3125512202622,2.725370714204892
196.3204222980546,2.5941306292427266
196.328293375847,6.03023219992408
196.3361644536394,0.053167522929693616
196.3440355314318,0.7825614791816298
196.35190660922424,0.28661040044495795
196.35977768701665,2.1756776844798096
196.36764876480905,0.07516046859443949
196.37551984260145,1.0543533806612797
196.38339092039385,0.39688190374014937
196.39126199818625,1.3951213011248702
196.39913307597865,0.5384707957306009
196.40700415377103,0.6297034623436197
196.41487523156343,4.324445466212611
196.42274630935583,0.9055182877029498
196.43061738714823,0.2539970353759765
196.43848846494063,0.4849193032716481
196.44635954273303,0.4844737683846916
196.45423062052544,0.6695847890373475
196.4621016983178,0.3015548685332009
196.4699727761102,3.1996559563921405
196.4778438539026,0.44224925974949086
196.485714931695,1.759350324270881
196.49358600948744,0.5245394268567286
196.50145708727985,0.1678186464242452
196.50932816507225,1.4959202553766484
196.51719924286465,1.2656349760700953
196.52507032065705,2.0306322589320493
196.53294139844945,3.033755499656597
196.54081247624185,0.5337714596202713
196.54868355403423,0.36465971505629635
196.55655463182663,0.38972600697867293
196.56442570961903,1.18408966549324
196.57229678741143,0.4315591109261883
196.58016786520383,0.7024624877362184
196.58803894299623,0.6814622270474638
196.59591002078864,0.12766658825960825
196.60378109858104,1.3661014323937333
196.61165217637344,1.6347238388583927
196.61952325416584,1.844376643987403
196.62739433195824,0.004602918802309618
196.63526540975064,0.5115769494612831
196.64313648754305,0.4320530070510887
196.65100756533545,0.25688761246359393
196.65887864312785,1.2298387515158855
196.66674972092025,0.8465184288245708
196.67462079871265,3.304118853089247
196.68249187650505,1.7319519336211862
196.69036295429743,3.0390534811463032
196.69823403208983,0.23105863584037847
196.70610510988223,0.6390151794135464
196.71397618767463,1.2523469203387136
196.72184726546703,0.1846872540922364
196.72971834325944,0.7198091956384806
196.73758942105184,0.7511892677034744
196.74546049884424,0.34445851176187925
196.75333157663664,0.35100947773079544
196.76120265442904,0.22439438879004572
196.76907373222144,1.6563863616296617
196.77694481001384,0.0035349037155380275
196.78481588780625,0.7621092186658494
196.79268696559865,0.32233053999444133
196.80055804339105,4.112542715808224
196.80842912118345,0.01632221170111563
196.81630019897585,0.24344461351598817
196.82417127676823,0.4869290547523975
196.83204235456063,3.7360784921534065
196.83991343235303,0.9642448324911209
196.84778451014543,0.5312459094961453
196.85565558793783,2.15615610786183
196.86352666573023,0.1533365196798507
196.87139774352264,0.0025801709309008244
196.8792688213151,1.1878558177855427
196.88713989910747,0.35960104164641443
196.89501097689984,0.08429051287512397
196.90288205469224,1.6749784960706429
196.91075313248464,0.0663106067371672
196.91862421027704,0.05440937494499602
196.92649528806945,0.3583160305238627
196.93436636586185,0.26740246784073296
196.94223744365425,0.30485963952337397
196.95010852144665,0.6802472041867974
196.95797959923905,0.563349385288167
196.96585067703143,0.058044665837514324
196.97372175482383,0.17100163504762947
196.98159283261623,0.6059930880050144
196.98946391040863,0.9487051161407201
196.99733498820103,0.05709982916155091
197.00520606599343,0.08930159125392195
197.01307714378584,0.49995182057154025
197.0209482215783,0.023178753820239224
197.02881929937067,1.7393215329283
197.03669037716307,2.501215365683386
197.04456145495547,0.20121283156204714
197.05243253274787,3.5174340623892233
197.06030361054027,1.3058303333832575
197.06817468833268,0.028589455870426213
197.07604576612508,2.3278137687427467
197.08391684391748,0.5040192553045
197.09178792170988,0.5225041787370337
197.09965899950228,0.21338310124655957
197.10753007729463,0.21386233626902582
197.11540115508703,1.0861693896428328
197.12327223287943,0.4247530148746336
197.13114331067183,1.3930729996478717
197.13901438846423,0.32409692057753325
197.14688546625663,0.020413769736519996
197.15475654404904,0.2591039546601877
197.16262762184147,2.2846174060189495
197.17049869963387,0.0687191559836844
197.17836977742627,1.8109314426330383
197.18624085521867,0.2319184513594722
197.19411193301107,0.5194125953273528
197.20198301080347,3.5871281795515504
197.20985408859588,0.13891598670851052
197.21772516638828,1.7513886416406113
197.22559624418068,0.6328296561079544
197.23346732197308,0.2911529663443419
197.24133839976548,2.3227307413580545
197.24920947755788,0.5559483140328615
197.25708055535029,0.2714793653714543
197.2649516331427,2.1983463015565556
197.2728227109351,0.11060615723929623
197.2806937887275,0.15153711146192275
197.2885648665199,1.09840968092313
197.2964359443123,0.004671658418943267
197.3043070221047,0.39991888758918404
197.3121780998971,0.2973662510202399
197.3200491776895,0.15473614293597132
197.32792025548187,0.21370907596259892
197.33579133327427,1.5934368286947604
197.34366241106667,2.0637648121296035
197.35153348885908,0.6743879602783879
197.35940456665148,0.22324494981277837
197.36727564444388,3.0026339320628304
197.37514672223628,0.005737384641355194
197.38301780002868,2.2068211902853365
197.39088887782108,4.511246451116738
197.39875995561349,0.1968137853706753
197.4066310334059,5.008441251272076
197.4145021111983,0.8967937480857705
197.4223731889907,1.0867854812456041
197.4302442667831,0.3065803483061773
197.4381153445755,0.34287402808249867
197.4459864223679,2.0359792678233464
197.4538575001603,0.2698007618185773
197.4617285779527,0.8318794682471687
197.4695996557451,1.334179636115604
197.4774707335375,0.33025138470684323
197.4853418113299,0.44511490890727895
197.4932128891223,0.37471546448962084
197.5010839669147,0.9586326416616848
197.5089550447071,0.8761613507022916
197.5168261224995,0.18697461054648198
197.5246972002919,0.7286147917711852
197.5325682780843,0.2827670175299127
197.54043935587669,0.07101358262908708
197.5483104336691,0.7743127944185545
197.5561815114615,0.899596603320748
197.5640525892539,0.6228052847446903
197.5719236670463,1.2214530752134922
197.5797947448387,1.0232836082954602
197.5876658226311,4.12930947734196
197.5955369004235,0.7039796857100244
197.6034079782159,3.3645279230979614
197.6112790560083,1.3031419798048967
197.6191501338007,0.7437799158498187
197.6270212115931,0.03849406307437775
197.6348922893855,1.790874028511756
197.6427633671779,0.3951210738869008
197.6506344449703,0.40968277745946613
197.6585055227627,0.6155798090792187
197.6663766005551,0.23406470071132393
197.6742476783475,2.979551920802858
197.68211875613991,0.3993359372901274
197.68998983393232,0.6992077407560783
197.69786091172472,2.114419814242968
197.70573198951712,0.26134669318443937
197.71360306730952,0.1815236220490742
197.72147414510192,0.9904613280172168
197.72934522289432,0.0626510096633576
197.73721630068675,2.315087922407701
197.74508737847916,0.8632431234621221
197.75295845627156,0.17895946764502713
197.7608295340639,0.7540973345569282
197.7687006118563,1.596540111318394
197.7765716896487,1.506813360733179
197.7844427674411,1.6708705102867296
197.7923138452335,2.398357669551374
197.8001849230259,1.4777095737475565
197.8080560008183,4.01830235680556
197.8159270786107,1.7020862582068295
197.82379815640311,0.4394712120940542
197.83166923419552,1.799529286342214
197.83954031198792,0.00887027502969035
197.84741138978032,0.9093053460235262
197.85528246757272,1.3159359313615977
197.86315354536512,0.45576541214386973
197.87102462315752,0.1885204877853124
197.87889570094995,1.928173659808829
197.88676677874236,0.4552298245648994
197.89463785653476,0.12906075309382972
197.90250893432716,0.678663693154372
197.91038001211956,0.39027873468536545
197.91825108991196,0.5493368295221447
197.92612216770436,0.05379857932663561
197.93399324549677,0.8639811296367501
197.94186432328917,0.6600927951982009
197.94973540108157,0.9488809804118252
197.95760647887397,0.23554470821942658
197.96547755666637,0.4918611131068803
197.97334863445872,0.4486252379329011
197.98121971225112,1.2314979006359614
197.98909079004352,1.3179564921881306
197.99696186783592,0.8710851065863602
198.00483294562832,0.11249392795247046
198.01270402342072,1.7434022120602202
198.02057510121315,5.403652343799746
198.02844617900556,0.6020124534639125
198.03631725679796,1.5754004929908987
198.04418833459036,0.37348610182168707
198.05205941238276,2.1787616203430322
198.05993049017516,3.2012322384780365
198.06780156796756,0.7058668400689496
198.07567264575997,0.1178836249684108
198.08354372355237,0.2692196858318969
198.09141480134477,0.056960745080646843
198.09928587913717,0.3454911686592107
198.10715695692957,1.7652685275553344
198.11502803472197,0.8528850645469391
198.12289911251435,0.6686900732188051
198.13077019030675,0.11915283113605624
198.13864126809915,1.330230026575334
198.14651234589155,0.07627588977234273
198.15438342368395,0.4686340412552584
198.16225450147635,3.728273722999294
198.1701255792688,0.13178630297031732
198.1779966570612,2.776929169239392
198.18586773485356,3.7170314478601814
198.19373881264596,0.9145595235802472
198.20160989043836,0.7420881755427184
198.20948096823076,1.322352717868363
198.21735204602317,0.31637770031854473
198.22522312381557,0.9473277997411069
198.23309420160797,0.5858842117672061
198.24096527940037,1.762341017037033
198.24883635719277,0.16225123580282375
198.25670743498517,0.847216624104762
198.26457851277755,0.39088695199948487
198.27244959056995,1.026360172630664
198.28032066836235,0.12026898012584313
198.28819174615475,1.5953512237744039
198.29606282394715,0.4123113353305176
198.30393390173955,0.05058699050413724
198.311804979532,0.9231988956564683
198.3196760573244,1.1880733861283692
198.3275471351168,0.25625443876632564
198.3354182129092,1.0642356869671024
198.3432892907016,1.5479618196074194
198.351160368494,0.25072476847818204
198.3590314462864,0.042878050948510105
198.3669025240788,0.9119548815264242
198.3747736018712,2.04537013881243
198.3826446796636,0.4618495367484285
198.390515757456,2.751759936354992
198.3983868352484,0.652669412123589
198.40625791304075,1.7498904964803657
198.41412899083315,1.6411988809514868
198.42200006862555,2.2213554136712697
198.42987114641795,0.8771865290743366
198.43774222421035,2.454776206842216
198.4456133020028,0.09569042256406844
198.4534843797952,0.3655707822851403
198.4613554575876,0.7966749931700448
198.46922653538,3.8810622749223325
198.4770976131724,3.841172517984255
198.4849686909648,1.2252162615999633
198.4928397687572,0.8801218485895541
198.5007108465496,0.36849019952488915
198.508581924342,0.6533222147871083
198.5164530021344,0.3477817012150416
198.5243240799268,0.8901791582116015
198.5321951577192,0.0677538622650935
198.5400662355116,0.41562431568106617
198.547937313304,0.9540513058438891
198.5558083910964,1.5598462104162085
198.5636794688888,0.4134457632027486
198.5715505466812,0.590399475410986
198.5794216244736,0.05281713019864737
198.587292702266,0.6247151242836145
198.5951637800584,1.8087104509127214
198.6030348578508,0.8355868246054426
198.6109059356432,1.3379235955146742
198.6187770134356,0.48294599129439497
198.626648091228,0.048726185296262374
198.6345191690204,0.6381369507642839
198.6423902468128,0.7579425565023231
198.6502613246052,0.5798728632692252
198.6581324023976,0.07831528006179185
198.66600348019,1.6999180313642357
198.6738745579824,1.1929676075708153
198.6817456357748,0.5505768311898879
198.6896167135672,0.08462817420783496
198.6974877913596,0.5473983045018541
198.705358869152,1.4076294403546445
198.7132299469444,1.1224585190838878
198.7211010247368,0.5987387882061461
198.7289721025292,0.6341870804379132
198.7368431803216,1.702972600624979
198.744714258114,0.38064890225074277
198.7525853359064,0.6597600767589787
198.7604564136988,1.1799931136516764
198.7683274914912,0.6798916315355445
198.7761985692836,0.7151506017072661
198.784069647076,0.0009581314050287471
198.7919407248684,0.9591325316751191
198.7998118026608,0.2398111880692827
198.8076828804532,1.5291678821844723
198.8155539582456,0.004174160000966214
198.823425036038,0.35928302443959226
198.8312961138304,0.18841195988110937
198.8391671916228,1.8787538486556141
198.8470382694152,0.1614829062925648
198.8549093472076,1.28784839363328
198.862780425,0.33476269769365874
198.8706515027924,0.9873872810902568
198.8785225805848,2.121919166958963
198.8863936583772,0.6488533246227716
198.8942647361696,0.24662584554282815
198.902135813962,0.5537770993191822
198.9100068917544,1.4585697722707898
198.9178779695468,4.525177865560607
198.9257490473392,1.4141273871889204
198.9336201251316,0.16850856817001458
198.941491202924,2.7414376600774895
198.9493622807164,1.0284078130155254
198.9572333585088,0.3078226254074113
198.9651044363012,2.5068472390207357
198.9729755140936,0.40314950557629164
198.980846591886,1.401937933885339
198.9887176696784,0.046638981816079415
198.9965887474708,0.3129724344033939
199.0044598252632,0.8185462230739591
199.0123309030556,0.46482725930763064
199.020201980848,0.44338027337586716
199.0280730586404,0.7143063284822315
199.0359441364328,0.1880834898354465
199.0438152142252,1.2958746859558967
199.0516862920176,2.663062185882994
199.05955736981,0.6142404028830809
199.0674284476024,1.217855756702931
199.0752995253948,0.44126795006612335
199.0831706031872,0.20140417142333428
199.0910416809796,2.4616991112052315
199.098912758772,3.9586549921495147
199.1067838365644,0.10084187992651746
199.1146549143568,0.03129816059516911
199.1225259921492,1.4077207405102203
199.1303970699416,0.6998550347412466
199.138268147734,0.06774585443834111
199.1461392255264,0.43614081484521416
199.1540103033188,1.4655556771919946
199.1618813811112,0.041804149369581003
199.1697524589036,0.35322192266175445
199.177623536696,2.884137678267359
199.1854946144884,2.1148690466676645
199.1933656922808,0.9505259371115721
199.2012367700732,4.901692704584396
199.2091078478656,1.9407550028641898
199.21697892565803,2.7658482658731147
199.22485000345043,0.3042117583652136
199.23272108124283,0.35835095685742097
199.24059215903523,2.0752506997158555
199.24846323682763,0.22910874201094855
199.25633431462003,1.9188888696871973
199.2642053924124,0.12218394317848641
199.2720764702048,0.6278995743091835
199.2799475479972,0.07240131862427496
199.2878186257896,2.2951575801861006
199.295689703582,0.4341604295341828
199.3035607813744,0.5057178758918566
199.3114318591668,0.6249117711685854
199.3193029369592,2.408771210038132
199.3271740147516,1.1177727300831204
199.335045092544,0.35445771365220213
199.3429161703364,0.5584569938197068
199.3507872481288,1.7218652976684783
199.35865832592123,0.3862780092398398
199.36652940371363,0.023088329237436936
199.37440048150603,1.7552786689556272
199.38227155929843,0.2129172361467406
199.39014263709083,0.1626902525402936
199.39801371488323,1.9374328713196143
199.40588479267564,0.44636894164783847
199.41375587046804,0.15109879427916473
199.42162694826044,0.6802721773541304
199.42949802605284,0.5775555827923803
199.43736910384524,0.050829145030553344
199.44524018163764,2.1079471948364175
199.45311125943005,2.6109325210990826
199.46098233722245,0.24112738682786639
199.46885341501485,0.1985868724912903
199.4767244928072,0.17390686622840856
199.4845955705996,0.7681491403367885
199.492466648392,0.17963907886807232
199.50033772618443,0.30410240919425063
199.50820880397683,2.6633544181350848
199.51607988176923,1.5864631253170245
199.52395095956163,0.014928986863540683
199.53182203735403,2.8015782344416507
199.53969311514643,4.202437555437699
199.54756419293884,0.32073371213095736
199.55543527073124,0.18067446090145547
199.56330634852364,0.6093672383421203
199.57117742631604,0.3236984454134551
199.57904850410844,0.41219338626627877
199.58691958190084,0.1397808032600153
199.59479065969325,0.6645211025492087
199.60266173748565,0.050605572754541674
199.61053281527805,0.6752006521714718
199.61840389307045,0.18231409249566644
199.62627497086285,0.023134311745131034
199.63414604865525,0.3594015881554501
199.64201712644768,0.3348657214886524
199.64988820424009,0.39408359247461433
199.6577592820325,0.8247505378190395
199.6656303598249,0.44032198352875257
199.6735014376173,0.6652531129285655
199.6813725154097,0.9341915616858812
199.6892435932021,2.726823258978143
199.69711467099444,0.06328616083167515
199.70498574878684,0.34809258117894
199.71285682657924,0.7653837486213445
199.72072790437164,0.324673858998169
199.72859898216404,0.00034836734752165103
199.73647005995645,0.25986780060237136
199.74434113774885,0.32320865628055306
199.75221221554125,0.13742987391150588
199.76008329333365,0.030047534230787796
199.76795437112605,0.039247692762961146
199.77582544891845,0.1653201670444763
199.78369652671088,0.09592964339911726
199.79156760450329,0.8032566591013479
199.7994386822957,0.35175985846054797
199.8073097600881,0.13481786322829858
199.8151808378805,0.5960299723589118
199.8230519156729,0.43081329875755153
199.8309229934653,0.03142779204757061
199.83879407125767,0.4827251855001483
199.84666514905007,0.27879824205949355
199.85453622684247,0.23040139500407292
199.86240730463487,0.538732310668349
199.87027838242727,2.156957689239833
199.87814946021967,0.6663629013515572
199.88602053801208,0.9913556921183337
199.89389161580448,0.7113922587277962
199.90176269359688,1.4105099257760259
199.90963377138925,1.0567350641427071
199.91750484918165,0.014937173099784517
199.92537592697408,0.10175044681231206
199.93324700476649,0.011130691129359686
199.9411180825589,0.3046342804381703
199.9489891603513,0.40039472668288323
199.9568602381437,0.657810833884168
199.9647313159361,0.15815542116779666
199.9726023937285,0.8389863114534858
199.98047347152087,0.1216171398964829
199.98834454931327,1.6573635166948548
199.99621562710567,0.7538841148381705
200.00408670489807,0.13201425293799393
200.01195778269047,0.2318000186333781
200.01982886048287,1.0060340127263223
200.02769993827528,0.3955975128189184
200.03557101606768,0.38003436972425214
200.04344209386008,0.40117322812038286
200.05131317165248,0.4952105905823637
200.05918424944488,0.20474414619620654
200.06705532723728,3.466153815142732
200.0749264050297,3.711341797309234
200.0827974828221,0.1009685981781761
200.0906685606145,1.6264576785280251
200.0985396384069,0.9514273254994872
200.1064107161993,0.5159618057745313
200.1142817939917,0.9331718409287112
200.12215287178407,0.3451725862880158
200.13002394957647,0.8059733110587034
200.13789502736887,0.9293860726343495
200.14576610516127,0.08535967154331225
200.15363718295367,1.5059953387891696
200.16150826074607,0.017381786376634345
200.16937933853848,0.3132023008159954
200.17725041633088,0.2617989573156481
200.18512149412328,3.106561090454973
200.19299257191568,1.036304979575975
200.20086364970808,0.32894470538550424
200.20873472750048,2.898076472389453
200.2166058052929,2.823193312884248
200.2244768830853,1.2896687766776675
200.2323479608777,1.01703249384451
200.2402190386701,0.4915935122259373
200.2480901164625,0.2670510425696873
200.2559611942549,2.1728188953332146
200.2638322720473,1.8101014654762273
200.2717033498397,0.5346939286676771
200.2795744276321,1.5814178295941144
200.2874455054245,0.49760833967250684
200.2953165832169,1.5981327982175548
200.3031876610093,0.17311426721404702
200.3110587388017,2.4753281247445083
200.3189298165941,3.9408810903065947
200.3268008943865,0.10000121895179823
200.3346719721789,0.6307543711382687
200.34254304997128,0.566028712996819
200.35041412776368,0.8450064499045019
200.3582852055561,0.5429403053697076
200.3661562833485,0.0357513503067546
200.3740273611409,0.6592274566311479
200.3818984389333,0.07384268968789444
200.3897695167257,0.42171522666199573
200.3976405945181,0.6528466610075164
200.4055116723105,0.9692361182043239
200.4133827501029,0.3780561144116039
200.4212538278953,2.9003013541390925
200.4291249056877,0.640010234609255
200.4369959834801,4.625826922444796
200.4448670612725,0.5632342949026415
200.4527381390649,0.1759535539259913
200.4606092168573,0.6552348975049543
200.4684802946497,0.34930000005582557
200.4763513724421,0.027015455996343956
200.4842224502345,0.03494915814794954
200.4920935280269,0.3749173863926625
200.4999646058193,0.15471904912928905
200.5078356836117,0.0623943699189591
200.5157067614041,0.3093869938525619
200.5235778391965,0.029133447609705154
200.5314489169889,0.2392253383434095
200.53931999478127,0.0774164951180907
200.54719107257367,0.03094958158323815
200.5550621503661,0.043325800795912056
200.5629332281585,0.4250667395267237
200.5708043059509,0.30233458322411616
200.5786753837433,2.7486323068750647
200.5865464615357,0.015933400723127898
200.5944175393281,0.6210870612289547
200.6022886171205,2.68870709589842
200.6101596949129,4.415505515880671
200.6180307727053,0.4713288747009407
200.6259018504977,1.595367868999384
200.6337729282901,0.5382731808983193
200.6416440060825,1.2939045630968977
200.6495150838749,0.787409543813652
200.6573861616673,0.8182875212198731
200.6652572394597,1.2995704801807297
200.6731283172521,0.4154035082042804
200.68099939504447,1.088550662410423
200.68887047283687,0.2933633329907669
200.69674155062933,1.7250410582344737
200.70461262842173,0.5656990602899427
200.71248370621413,1.1336737436779554
200.72035478400653,0.1707520783353587
200.72822586179893,0.26148284297356156
200.7360969395913,1.0926877643605575
200.7439680173837,0.04523386003714519
200.7518390951761,0.270536899007926
200.7597101729685,1.7802923586353
200.7675812507609,0.7106305340630992
200.7754523285533,1.7879308660206032
200.7833234063457,1.3801814762498517
200.7911944841381,0.3709722747093544
200.7990655619305,0.1319571540894532
200.8069366397229,0.2007201746588295
200.8148077175153,0.5884426385171235
200.82267879530767,1.3061682310423033
200.83054987310013,1.4560344349416132
200.83842095089253,0.48510842472045856
200.84629202868493,0.4671044527266768
200.85416310647733,3.933385278695413
200.86203418426973,0.8249491815224569
200.86990526206213,0.15014814837568086
200.8777763398545,0.8541496271320238
200.8856474176469,0.226726802142332
200.8935184954393,2.278287433900202
200.9013895732317,1.575228392133061
200.9092606510241,0.45750980686622683
200.9171317288165,0.2746113765804721
200.92500280660892,0.393758817890871
200.93287388440132,1.22207283250993
200.94074496219372,1.1623927894773092
200.94861603998612,0.710279497194027
200.95648711777852,0.25154925874767997
200.96435819557092,0.5011186214252485
200.97222927336333,0.49758946403857635
200.98010035115576,0.6950062313750374
200.98797142894813,0.8522990711579195
200.99584250674053,0.7263653681987762
201.00371358453293,0.375934015652274
201.01158466232533,0.275759358711687
201.0194557401177,1.6761550726214176
201.0273268179101,0.6195255380839259
201.0351978957025,0.534082841192516
201.0430689734949,0.9935017666981619
201.0509400512873,0.2992199543397923
201.05881112907971,0.34566318069949736
201.06668220687212,0.1794038589854599
201.07455328466452,0.20861174837027457
201.08242436245692,0.6591384808704894
201.09029544024932,0.6669017875180648
201.09816651804172,0.12668231004264036
201.10603759583412,0.9167630586063537
201.11390867362653,0.44193221072506306
201.12177975141896,1.5484780471757793
201.12965082921136,1.4531473343021908
201.13752190700376,0.03715714896920652
201.14539298479616,2.13004003700825
201.15326406258856,0.8131373350596134
201.16113514038096,0.2662121480773348
201.16900621817337,0.31377951043738805
201.17687729596577,1.9436326540765423
201.18474837375817,0.6437526079091697
201.19261945155057,0.35848947307739226
201.20049052934291,0.716751779663073
201.20836160713532,0.04831092449940944
201.21623268492772,2.336982005558382
201.22410376272012,0.028600339030409098
201.23197484051252,2.0808262591637408
201.23984591830492,2.3741031637154753
201.24771699609732,1.558476059466566
201.25558807388973,1.697483782222905
201.26345915168216,1.5249377685567256
201.27133022947456,2.257695976720943
201.27920130726696,2.332738034623692
201.28707238505936,2.0715279814127325
201.29494346285176,0.5503141286747553
201.30281454064416,1.0328303696691676
201.31068561843657,0.2770633162417073
201.31855669622897,0.5868790716486874
201.32642777402137,0.3969339144595796
201.33429885181377,0.23347897157247985
201.34216992960617,0.21321684598790305
201.35004100739857,0.18246888813218706
201.35791208519095,0.24622372357125016
201.36578316298335,1.2029028946218523
201.37365424077575,1.2592602029453053
201.38152531856815,0.49853124383223074
201.38939639636055,0.7215973076712487
201.39726747415295,1.9268062549104894
201.40513855194536,0.5202715221882763
201.4130096297378,0.3135033969490589
201.42088070753016,1.6109586387261872
201.42875178532256,0.15725214532298298
201.43662286311496,1.3045053137589206
201.44449394090736,0.10841305002713755
201.45236501869977,0.1196331957621699
201.46023609649217,0.805504689441235
201.46810717428457,1.003297847916103
201.47597825207697,0.07383674751130614
201.48384932986937,1.0131338293707361
201.49172040766177,1.0717673418289462
201.49959148545415,0.01755288537888178
201.50746256324655,1.5815883792092584
201.51533364103895,0.3637839174721588
201.52320471883135,0.8903600270465178
201.53107579662375,0.0008356904123925901
201.53894687441615,0.13624377120018952
201.54681795220856,0.14438391141420615
201.554689030001,0.9161452045376579
201.5625601077934,0.5769587452483851
201.5704311855858,0.07764361905742884
201.5783022633782,1.1869633489581763
201.5861733411706,0.9649018120905585
201.594044418963,0.18259327697525324
201.6019154967554,0.3619206567814754
201.6097865745478,1.6550229141744486
201.6176576523402,1.0096802480049683
201.6255287301326,0.013153207873578486
201.63339980792497,0.00255287873004497
201.64127088571735,0.5932245231256105
201.64914196350975,0.030881142465098474
201.65701304130215,1.0823995799948334
201.66488411909455,1.335154284574687
201.67275519688695,0.18239454603768715
201.68062627467935,0.3763464182017694
201.68849735247176,2.1995646023958284
201.6963684302642,0.017242736278804585
201.7042395080566,0.5757906748399847
201.712110585849,2.146061186098731
201.7199816636414,0.4405362043558319
201.7278527414338,4.760555502014603
201.7357238192262,0.2561860398388643
201.7435948970186,0.29152829042273204
201.751465974811,0.23358046788137626
201.7593370526034,0.45589617693106765
201.7672081303958,1.5533251713332727
201.7750792081882,0.1875869155050815
201.7829502859806,0.6745565766014832
201.790821363773,0.2967000863086525
201.7986924415654,1.8158325411520606
201.8065635193578,0.268993625370392
201.8144345971502,1.4162501046653373
201.8223056749426,2.7035244997590198
201.830176752735,4.110452601966876
201.83804783052744,3.0751059774917153
201.8459189083198,2.8273174617394803
201.8537899861122,1.0744431285316514
201.8616610639046,0.7820797716511076
201.869532141697,0.26337576950146124
201.8774032194894,2.2059161749895275
201.8852742972818,2.7209951963967463
201.8931453750742,1.3079442291103351
201.9010164528666,0.1504734864679066
201.908887530659,0.24167042415085463
201.9167586084514,0.089494372418173
201.9246296862438,1.4360057449734527
201.9325007640362,0.4849276543842435
201.9403718418286,7.534011451447586
201.948242919621,0.9493020459840152
201.9561139974134,0.7094730717179594
201.9639850752058,2.4427101421289277
201.9718561529982,0.9814065672694849
201.97972723079064,2.6221446784565625
201.98759830858305,0.1936401479644515
201.99546938637545,2.4792144846961457
202.00334046416785,0.4003213576582402
202.01121154196025,2.0957967154211246
202.01908261975265,1.1236271289370534
202.02695369754505,1.35067595446315
202.03482477533743,0.7059661486850974
202.04269585312983,0.5366345626482777
202.05056693092223,1.397574246258505
202.05843800871463,1.6613287501392047
202.066309086507,0.43632398648033477
202.0741801642994,1.4687576330814078
202.0820512420918,0.4315779411948912
202.0899223198842,0.7655245551934772
202.0977933976766,1.1946029352282288
202.105664475469,1.2089572351477558
202.1135355532614,0.6045205086776526
202.12140663105384,0.09361723835108939
202.12927770884625,0.7468264696178163
202.13714878663865,1.165971829985272
202.14501986443105,0.407217182495229
202.15289094222345,0.028388179846847654
202.16076202001585,0.4686059127740245
202.16863309780825,0.5967203970916504
202.17650417560063,0.8305692122371087
202.18437525339303,1.0895734273700002
202.19224633118543,0.1811976446267317
202.20011740897783,0.4067738653119099
202.20798848677023,0.353503697231834
202.21585956456263,1.117152436327446
202.22373064235504,1.6760969861699904
202.23160172014744,0.30277756249301513
202.23947279793984,1.6454964534107084
202.24734387573224,0.357355566542827
202.25521495352464,0.29655993293612043
202.26308603131704,0.4615716434521817
202.27095710910945,0.6748955952497351
202.27882818690185,0.572702075732573
202.28669926469425,1.2003780807191242
202.29457034248665,0.19983436222112905
202.30244142027905,0.12417087355619921
202.31031249807145,0.8368911502357669
202.31818357586383,2.799447777507339
202.32605465365623,0.004584876840229517
202.33392573144863,3.667871979542469
202.34179680924103,2.217735849479131
202.34966788703343,2.9414668950543503
202.35753896482584,0.1582648648663613
202.36541004261824,0.1994139679590713
202.37328112041064,0.038715943859424846
202.38115219820304,1.2667494008273874
202.38902327599544,0.010472958374894288
202.39689435378784,1.5989238652434818
202.40476543158024,0.2505306699273269
202.41263650937265,1.4078869090146178
202.42050758716505,1.2807795268955322
202.42837866495745,0.3734785920356424
202.43624974274985,0.6556118144606485
202.44412082054225,0.42789379684983103
202.45199189833463,0.5451698972520027
202.45986297612703,0.21067786809908084
202.46773405391943,1.2452418116624457
202.47560513171183,0.014427375338693614
202.48347620950423,0.9055537590737164
202.49134728729663,0.11491229785141886
202.49921836508904,0.8228556802934215
202.50708944288144,1.157496734581105
202.51496052067384,1.6350633533589292
202.52283159846624,0.8485619695713016
202.53070267625864,0.3144763633109307
202.53857375405104,0.6268128918043341
202.54644483184344,0.6464162469392185
202.55431590963585,0.12215845359409097
202.56218698742825,0.08703309701824276
202.57005806522065,0.5818087351619408
202.57792914301305,0.3835862163989981
202.58580022080545,0.07092679709128778
202.59367129859783,1.1617108966526544
202.60154237639023,1.267593042358404
202.60941345418263,0.6932143375799602
202.61728453197503,1.1245319773319042
202.62515560976743,1.5933050782377436
202.63302668755983,0.44693508246396063
202.64089776535224,4.163047649765616
202.6487688431447,1.4916552664273182
202.65663992093707,0.7409664147044653
202.66451099872947,0.335921039945519
202.67238207652187,1.0273834013521432
202.68025315431427,1.9268421252041013
202.68812423210667,0.13824070754736809
202.69599530989908,0.3257527791007453
202.70386638769148,2.08090180336529
202.71173746548385,1.7640190960899416
202.71960854327625,0.6607133707318192
202.72747962106865,0.8712744872700431
202.73535069886103,1.8144455951051643
202.74322177665343,4.445624200104142
202.75109285444583,1.3668148031715488
202.75896393223823,0.38164514077183037
202.76683501003063,0.05568126775138233
202.77470608782303,0.6576243782613568
202.78257716561544,1.6983329807049599
202.79044824340787,0.572635035535085
202.79831932120027,2.493680660199976
202.80619039899267,1.6883990443306023
202.81406147678507,3.340255729815485
202.82193255457747,3.498132657804659
202.82980363236987,2.1732175444809516
202.83767471016228,0.40680334419355035
202.84554578795468,0.02405388439248644
202.85341686574708,3.4209552500014198
202.86128794353948,0.5326676853043705
202.86915902133188,0.07293304135489324
202.87703009912428,0.2188663724989155
202.88490117691669,0.682536195755859
202.8927722547091,0.3257891996738102
202.9006433325015,0.13867295913669153
202.9085144102939,0.3091188385679998
202.9163854880863,0.27739103649925057
202.92425656587864,0.8170844377027019
202.93212764367107,0.014983893795338274
202.93999872146347,0.08753745967235188
202.94786979925587,0.028460242070939893
202.95574087704827,0.26168589386205626
202.96361195484067,0.15676859767921622
202.97148303263307,1.2961694750967294
202.97935411042548,0.15755425281695465
202.98722518821788,0.7552688001255329
202.99509626601028,3.5263524134781306
203.00296734380268,1.4166548750942827
203.01083842159508,0.5587101496844552
203.01870949938748,0.402514693775577
203.02658057717989,0.04121850348831557
203.0344516549723,1.0223158022234404
203.0423227327647,0.23335771573940525
203.0501938105571,0.5796960350936741
203.0580648883495,1.14043560795265
203.0659359661419,0.45925149214980066
203.0738070439343,0.07715401688125864
203.0816781217267,0.8758604635985774
203.0895491995191,0.08072704824840767
203.0974202773115,1.3076173141190344
203.1052913551039,2.4001777024256477
203.1131624328963,1.698706767334756
203.1210335106887,0.011041779547676307
203.1289045884811,0.1632096767904693
203.13677566627348,0.7276435626944174
203.14464674406588,1.0080300515237113
203.15251782185828,0.6691338920276685
203.16038889965068,0.5724475887575886
203.16825997744309,0.17524657051305315
203.1761310552355,0.4711394016771105
203.1840021330279,0.20546806712548618
203.1918732108203,0.4361090729515956
203.1997442886127,0.13326938677078756
203.2076153664051,0.058697658073641384
203.2154864441975,0.085752493860475
203.2233575219899,1.3428289554499961
203.2312285997823,0.9368705365337413
203.2390996775747,0.7124652965410313
203.2469707553671,0.10686872645212284
203.2548418331595,1.867542659768527
203.2627129109519,0.9969352058480331
203.2705839887443,0.07153982876344331
203.2784550665367,0.20082433015259094
203.2863261443291,3.2792248064122496
203.2941972221215,0.44655423646150405
203.3020682999139,0.44758884822707684
203.3099393777063,0.2397517435320552
203.31781045549872,1.4915445611659124
203.32568153329112,1.2217128199216054
203.33355261108352,0.6154754923389939
203.34142368887592,0.008456734540646278
203.34929476666832,0.5622242786562008
203.3571658444607,0.7607891484701653
203.3650369222531,0.3424907495034993
203.3729080000455,0.6505809661936008
203.3807790778379,1.2900984172528573
203.3886501556303,0.8007342864566367
203.3965212334227,1.777347180139564
203.4043923112151,0.5271653051186657
203.4122633890075,0.48063299120768055
203.4201344667999,0.5521858322501277
203.4280055445923,0.9529448375832942
203.4358766223847,0.37876591057573866
203.4437477001771,1.2166713030568965
203.45161877796951,0.35263524357177395
203.45948985576192,0.06075115276358882
203.46736093355432,0.3028480997024653
203.47523201134672,0.5310315457312227
203.48310308913912,0.3753071522038355
203.49097416693152,0.25214869784007765
203.49884524472392,0.2292622205743587
203.50671632251635,0.7521946207579258
203.51458740030876,0.5005577851629287
203.52245847810116,0.3444319968503347
203.53032955589356,0.13676174172643268
203.53820063368596,1.6854230946262294
203.54607171147836,1.9720586512287266
203.55394278927076,1.19463157206004
203.56181386706317,2.1358555521472207
203.5696849448555,1.2759082632233005
203.5775560226479,2.644241921897231
203.5854271004403,0.0017044758178188576
203.59329817823271,2.6115215029176806
203.60116925602512,0.7546672751243212
203.60904033381752,0.5558704888836516
203.61691141160992,1.0642060368998814
203.62478248940232,0.29470845390297273
203.63265356719472,0.2694130385595455
203.64052464498712,0.13079426597762223
203.64839572277955,0.7716563938225086
203.65626680057196,0.37808986150247176
203.66413787836436,0.14054379587886232
203.67200895615676,1.32647810374116
203.67988003394916,0.23956825015162936
203.68775111174156,1.569644417123895
203.69562218953396,0.3151384741510798
203.70349326732637,1.8047818117759389
203.71136434511877,0.06235694807866666
203.71923542291117,1.2928757574841667
203.72710650070357,0.8057979244337217
203.73497757849597,1.068205546027367
203.74284865628837,0.47086413780686176
203.75071973408075,0.8491356862107644
203.75859081187315,0.7786774109616402
203.76646188966555,0.15173893747905678
203.77433296745795,0.71806097119143
203.78220404525032,0.31069953920982324
203.79007512304275,0.45156823195995893
203.79794620083516,1.2316447823973184
203.80581727862756,1.041247471094891
203.81368835641996,1.0990059814422548
203.82155943421236,1.041453068817299
203.82943051200476,0.38543279450736956
203.83730158979716,0.21473678482836042
203.84517266758957,1.602777710823821
203.85304374538197,0.42071878511469263
203.86091482317437,1.3430300937343063
203.86878590096677,0.6300883234468715
203.87665697875917,3.656185291387877
203.88452805655157,0.9325038268734949
203.89239913434395,0.39151788587491215
203.90027021213635,0.33766578097004013
203.90814128992875,0.03994109984074855
203.91601236772115,1.2325399272065671
203.92388344551355,2.0676131719457893
203.93175452330595,0.9743550269157792
203.9396256010984,1.198275429594723
203.9474966788908,0.259009549759897
203.9553677566832,0.17432860058740426
203.9632388344756,1.9043404242340494
203.971109912268,0.03490644178461962
203.9789809900604,0.07231245770922796
203.9868520678528,0.5036288098838494
203.9947231456452,0.7543367597720356
204.00259422343757,0.9821497763686454
204.01046530122997,1.3322481997801874
204.01833637902237,1.9146097184267425
204.02620745681477,0.3587561444957037
204.03407853460715,0.6593785067873373
204.04194961239955,0.6555450232093296
204.04982069019195,0.1199026492383041
204.05769176798435,0.2143918247920325
204.06556284577675,1.1825274091137838
204.0734339235692,1.2850446167864096
204.0813050013616,0.42920196216863693
204.089176079154,0.5436081969436737
204.0970471569464,1.7637255982136986
204.1049182347388,0.7123529250378634
204.1127893125312,0.31553653419862315
204.1206603903236,0.7566547801412348
204.128531468116,1.7645160694052628
204.1364025459084,3.3198621831839024
204.1442736237008,0.9049543691436994
204.1521447014932,1.8615664116179749
204.1600157792856,1.264341456859107
204.167886857078,1.3797923974741264
204.1757579348704,0.9812144308403381
204.1836290126628,0.23155716530337053
204.1915000904552,0.7718288217708477
204.1993711682476,1.1137911219717886
204.20724224604,0.07152602134539882
204.2151133238324,1.283652790639716
204.2229844016248,0.7365126188659169
204.2308554794172,0.09198339689776476
204.2387265572096,0.8464614462593266
204.246597635002,0.8208154994879537
204.2544687127944,0.06487935667117267
204.2623397905868,0.31042374574092124
204.2702108683792,0.615308981298971
204.2780819461716,0.4081084491490832
204.285953023964,0.8035986434203114
204.2938241017564,0.7717005041492859
204.3016951795488,2.114229218541071
204.3095662573412,0.8200799304595378
204.3174373351336,0.3588555100137929
204.325308412926,1.526494972093428
204.3331794907184,0.5887379150931462
204.3410505685108,2.9609370703394595
204.3489216463032,0.0994864577495551
204.3567927240956,0.07062134444038493
204.364663801888,0.33607132955674124
204.3725348796804,0.35739143114499256
204.3804059574728,1.1343671971259033
204.3882770352652,0.23952612487701241
204.3961481130576,0.6582543553524669
204.40401919085,0.3070407274079474
204.4118902686424,1.2487298844869767
204.4197613464348,0.6753285972975346
204.4276324242272,0.5079725027961911
204.4355035020196,1.1726396671867696
204.443374579812,2.253423912857177
204.4512456576044,0.2959660481574006
204.4591167353968,1.1028053347172726
204.4669878131892,1.1314777892344792
204.4748588909816,0.26937327669686384
204.482729968774,1.1711562274652383
204.4906010465664,0.6000550096468792
204.4984721243588,0.5749929592986758
204.5063432021512,1.9430777361667353
204.5142142799436,0.32206080770496454
204.522085357736,3.0462103349207146
204.5299564355284,1.3616001227249948
204.5378275133208,2.0750814767908943
204.5456985911132,3.7141947057944416
204.5535696689056,0.09420595784687964
204.561440746698,4.337624779256735
204.5693118244904,1.802986503523419
204.5771829022828,0.14495621268342856
204.5850539800752,0.6761648150076727
204.5929250578676,1.0429953945558224
204.60079613566,2.4129101017346715
204.6086672134524,0.46803322619805426
204.6165382912448,0.7829628915092263
204.6244093690372,0.384731861890987
204.6322804468296,2.7639285888430853
204.640151524622,1.4868549658855634
204.6480226024144,0.1132874536612094
204.6558936802068,0.3829095426467168
204.6637647579992,0.8789542133627049
204.6716358357916,3.2084877735244866
204.679506913584,1.6688763743768744
204.6873779913764,2.4841370414371915
204.6952490691688,2.3538111153614736
204.7031201469612,1.480761306334865
204.7109912247536,1.2570273890186288
204.718862302546,1.7294972826088986
204.7267333803384,0.7558387631457798
204.7346044581308,1.1581964441798989
204.7424755359232,0.7264233177129182
204.7503466137156,1.3253906847715065
204.758217691508,2.944175918519557
204.7660887693004,0.5531858348214621
204.7739598470928,5.066813526396307
204.7818309248852,2.369182604337162
204.7897020026776,0.9507558197158498
204.79757308047,0.018021560847931814
204.8054441582624,0.30728885343968626
204.8133152360548,0.3828345293100197
204.8211863138472,1.2259860411012438
204.8290573916396,1.4344954859778483
204.836928469432,1.6223977977982413
204.84479954722443,0.017494124364738114
204.85267062501683,1.0230866454111747
204.8605417028092,0.5937640073305448
204.8684127806016,0.042183447677395215
204.876283858394,0.3802664839262369
204.8841549361864,0.07287570380499431
204.8920260139788,0.0113756146642129
204.8998970917712,0.2842261238008591
204.9077681695636,0.2376219440203532
204.915639247356,0.09353154059121953
204.9235103251484,2.583032362114852
204.9313814029408,3.0695627380225092
204.9392524807332,0.11954558097742136
204.9471235585256,0.09200351052098434
204.954994636318,0.8560778609319435
204.9628657141104,1.1975644796369929
204.9707367919028,0.5774369574808604
204.9786078696952,0.47954178898746586
204.98647894748763,0.6059456406857481
204.99435002528003,0.43046101851179186
205.00222110307243,1.200313075263688
205.01009218086483,1.025614876269415
205.01796325865723,0.5757994934216627
205.02583433644963,0.6866901124259592
205.03370541424204,0.41565500512805953
205.04157649203444,5.1729586691579605
205.04944756982684,1.0077171497769923
205.05731864761924,2.053193454603099
205.06518972541164,0.9800065832345065
205.07306080320404,0.5973770350928312
205.0809318809964,0.6005443686684938
205.0888029587888,0.8121433621321121
205.0966740365812,0.06402486821483065
205.1045451143736,0.45688601799615275
205.112416192166,0.012920788110857076
205.1202872699584,0.5117578586752274
205.12815834775083,5.698442849135359
205.13602942554323,3.083517498035772
205.14390050333563,1.2784163747652302
205.15177158112803,0.6568321591138601
205.15964265892043,5.866905241492156
205.16751373671283,0.3453740007275563
205.17538481450524,2.584568031563076
205.18325589229764,1.182591141392011
205.19112697009004,0.2286291360453983
205.19899804788244,0.35858030763322524
205.20686912567484,0.18998135247276152
205.21474020346724,0.15899834348465636
205.22261128125965,0.6861767495850489
205.23048235905205,0.04085907703721829
205.23835343684445,2.2300592694446975
205.24622451463685,0.4401852337533578
205.25409559242925,0.04835977043370345
205.26196667022165,1.099586660382397
205.26983774801408,0.47896355713735134
205.27770882580649,0.37359129959610266
205.2855799035989,1.216371329014938
205.29345098139123,0.13651258930392163
205.30132205918363,0.37601700314500935
205.30919313697603,0.7810084112094372
205.31706421476844,0.7726163692850642
205.32493529256084,1.4580411414141987
205.33280637035324,1.950989246055815
205.34067744814564,0.007743527899885296
205.34854852593804,0.47809408217104155
205.35641960373044,0.1980540558855152
205.36429068152285,1.7688589814376738
205.37216175931525,0.7404311346810636
205.38003283710765,0.16869408104765715
205.38790391490005,0.5391012243011459
205.39577499269245,0.43893371183008595
205.40364607048485,1.911284027482178
205.41151714827728,0.49321153841859927
205.41938822606969,1.2773786660875728
205.4272593038621,1.43818648352897
205.4351303816545,0.23148320773035044
205.4430014594469,0.01977948975446727
205.4508725372393,1.4733977443729949
205.4587436150317,1.8931182008751422
205.46661469282407,0.058260130883828434
205.47448577061647,1.086810553334299
205.48235684840887,1.4288913909823824
205.49022792620127,0.6242673408951491
205.49809900399367,0.02782126091744976
205.50597008178605,2.1389802560525037
205.51384115957845,0.239570496881135
205.52171223737085,1.0421679048951988
205.52958331516325,1.7118113170024145
205.53745439295565,0.11201316379861645
205.54532547074805,0.2338182210593655
205.55319654854048,1.7085603001439875
205.56106762633289,1.0838138072895627
205.5689387041253,0.11204880079403941
205.5768097819177,1.432504235148541
205.5846808597101,1.3806894697231806
205.5925519375025,0.25027428999956886
205.6004230152949,2.48731807678742
205.60829409308727,0.01050113471099067
205.61616517087967,0.4579535525111939
205.62403624867207,0.45435383160917736
205.63190732646447,0.4730495796605384
205.63977840425687,2.0474125375736487
205.64764948204927,0.9453573269827706
205.65552055984168,1.6500039245751477
205.66339163763408,0.8525295654473548
205.67126271542648,0.22838410168833445
205.67913379321888,2.5199114959771385
205.68700487101128,0.0048028322386583925
205.69487594880368,0.9937709705421363
205.70274702659609,1.907384917150312
205.7106181043885,3.3288350094736163
205.7184891821809,0.1177853302896955
205.7263602599733,1.6732356271835513
205.7342313377657,0.09231271273711035
205.7421024155581,0.875833083191061
205.74997349335047,0.10862648395622714
205.75784457114287,0.3239871920287005
205.76571564893527,0.16440560086303813
205.77358672672767,0.48230384261306614
205.78145780452007,0.04577631128003795
205.78932888231247,0.18362381749720666
205.79719996010488,0.10544491651639563
205.80507103789728,0.11814455255833724
205.81294211568968,0.2536377245201347
205.82081319348208,0.05627033640758532
205.82868427127448,0.16227450028108725
205.83655534906688,0.8071190247389757
205.8444264268593,0.12412549469146629
205.8522975046517,1.4745337825736033
205.8601685824441,0.8854440867143302
205.8680396602365,0.9476560992637065
205.8759107380289,0.6284123650960596
205.8837818158213,1.0438415642949186
205.8916528936137,0.8121435503587145
205.8995239714061,0.07046369257539178
205.9073950491985,0.5874111063495523
205.9152661269909,1.7551086130528244
205.9231372047833,0.3710370977902785
205.9310082825757,0.11607350535539178
205.93887936036808,0.11580740611594802
205.94675043816048,0.42618462490246345
205.95462151595288,0.9757505355189241
205.96249259374528,0.44717092756750376
205.97036367153768,1.339748676494429
205.97823474933008,0.3229426594502465
205.9861058271225,0.8317907944065943
205.9939769049149,0.23119403388286805
206.0018479827073,0.10100736635286024
206.0097190604997,0.2677479891041265
206.0175901382921,0.0755509602588617
206.0254612160845,0.11461729469096697
206.0333322938769,0.30508308622885455
206.0412033716693,0.43923570508572163
206.0490744494617,2.213851809763122
206.0569455272541,0.43233942561897826
206.0648166050465,0.03324128480995987
206.0726876828389,0.8974889936497633
206.0805587606313,0.3448772951911941
206.0884298384237,0.19258210309763837
206.0963009162161,0.5241382478041047
206.1041719940085,2.279128451741996
206.1120430718009,0.18957632757824505
206.1199141495933,0.2810134460277863
206.1277852273857,0.14727991518312192
206.1356563051781,0.5075609743898848
206.1435273829705,2.3092539090868653
206.1513984607629,0.01631936168829306
206.1592695385553,0.9109906494059989
206.1671406163477,0.9519106723570723
206.1750116941401,0.18921095765448737
206.1828827719325,1.9933112957168546
206.1907538497249,0.2864440987283348
206.1986249275173,1.021059983896593
206.2064960053097,1.357609616991649
206.2143670831021,2.0065882452701453
206.2222381608945,0.41751148321250126
206.2301092386869,0.0480999957079266
206.2379803164793,0.6657023336631988
206.2458513942717,0.8657991426555564
206.2537224720641,1.5016559331355657
206.2615935498565,2.221465407057774
206.2694646276489,1.6134820193676385
206.2773357054413,0.5692701307163568
206.2852067832337,1.1077457363179088
206.2930778610261,2.0261938808158275
206.3009489388185,1.5017940320161713
206.30882001661087,0.25824551937987306
206.31669109440327,0.4674092592963265
206.32456217219573,0.1656832258413845
206.33243324998813,1.5859644697851156
206.34030432778053,0.8106753634014792
206.34817540557293,2.332285084387752
206.35604648336533,1.4722136143017555
206.3639175611577,0.33389312446005975
206.3717886389501,0.844154119871506
206.3796597167425,0.704938501305547
206.3875307945349,0.4479801865945625
206.3954018723273,0.5428606293440796
206.4032729501197,0.9669791647409425
206.4111440279121,0.0819903068443849
206.4190151057045,5.590013931436045
206.4268861834969,2.067144723680871
206.4347572612893,3.976727267597401
206.4426283390817,1.1168860890535868
206.45049941687407,0.8662769700361057
206.45837049466653,1.7123091182812067
206.46624157245893,1.1246103904741747
206.47411265025133,3.1007010827128973
206.48198372804373,0.804324749126031
206.48985480583613,0.25003117864755503
206.49772588362853,1.8142965901725414
206.5055969614209,0.5327321570339054
206.5134680392133,0.7203778694631195
206.5213391170057,1.4433537559716623
206.5292101947981,0.5731669353230162
206.5370812725905,1.4284342804337224
206.5449523503829,3.9645596382172834
206.55282342817532,0.4314698857186103
206.56069450596772,0.8789447075900675
206.56856558376012,0.02344968076380538
206.57643666155252,1.024384557167187
206.5843077393449,0.04283504418617514
206.59217881713727,0.6924087890369268
206.60004989492973,0.30429327748020735
206.60792097272213,1.0697294709022391
206.61579205051453,0.7066704783751496
206.62366312830693,0.34021533316134506
206.63153420609933,1.3792856075813047
206.63940528389173,0.006727467801562852
206.6472763616841,0.13436075373426304
206.6551474394765,0.9599917815065121
206.6630185172689,1.2398159216661384
206.6708895950613,0.8792106174542652
206.6787606728537,0.38259970676769944
206.68663175064611,0.09081064937815304
206.69450282843852,1.9189486524624941
206.70237390623092,1.4343004824588828
206.71024498402332,0.06169070071193222
206.71811606181572,1.386937573153844
206.72598713960812,0.324527911770016
206.73385821740052,0.15090824817622717
206.74172929519293,0.04279887765790289
206.74960037298536,1.126126521663887
206.75747145077776,0.45377250791020457
206.76534252857016,0.08262932771457059
206.77321360636256,0.21389985329798872
206.78108468415496,1.279375077900637
206.78895576194736,0.0031420483081385643
206.7968268397397,0.19651839918735098
206.8046979175321,0.1910850276900246
206.8125689953245,0.3055784769462381
206.8204400731169,0.3555766208485561
206.82831115090931,1.2105094669701317
206.83618222870172,2.7351238627580985
206.84405330649412,0.12403578176686701
206.85192438428652,0.4511747616320263
206.85979546207892,0.4164434396756632
206.86766653987132,0.21474020134722377
206.87553761766372,0.47154171256159055
206.88340869545613,0.48717931591320973
206.89127977324856,1.6620809096622955
206.89915085104096,1.34255856582579
206.90702192883336,0.11793032371981997
206.91489300662576,0.6121559132113393
206.92276408441816,0.2588573054611227
206.93063516221056,0.577072064113024
206.93850624000297,0.7328260504649535
206.94637731779537,0.6557890833666923
206.95424839558777,1.4986507027360658
206.96211947338017,0.47869833455883726
206.96999055117257,0.08121349360580715
206.97786162896497,0.525407368705955
206.98573270675735,2.545683984325781
206.99360378454975,3.546318310785125
207.00147486234215,0.16373479988185205
207.00934594013455,0.07927980348557308
207.01721701792692,0.837227859617511
207.02508809571933,0.20482411349414656
207.03295917351176,0.7185545904141591
207.04083025130416,0.955700105589608
207.04870132909656,3.155096291581518
207.05657240688896,0.08642521045718947
207.06444348468136,1.5302030313049615
207.07231456247376,0.3118275506885346
207.08018564026617,1.2776808665341828
207.08805671805857,2.7125896966778384
207.09592779585097,1.234330959568158
207.10379887364337,0.11542118339812334
207.11166995143577,0.23841111710647078
207.11954102922817,0.2802871273668589
207.12741210702055,0.9136645918740339
207.13528318481295,1.1793980075749788
207.14315426260535,1.3029051044087006
207.15102534039775,1.8892124114619104
207.15889641819015,0.7732614429914704
207.16676749598255,0.22024694973927084
207.17463857377496,0.40754904232497663
207.1825096515674,1.3480158005692353
207.1903807293598,1.7105817342161735
207.1982518071522,0.8238623755242964
207.2061228849446,2.826781762776298
207.213993962737,0.3600225716244585
207.2218650405294,0.9386052528475155
207.22973611832177,1.5566764041761205
207.23760719611417,0.479245053378517
207.24547827390657,0.8436214763814557
207.25334935169897,0.1496455494420161
207.26122042949137,0.10201941813407364
207.26909150728375,0.27607175940715445
207.27696258507615,0.8756662795047808
207.28483366286855,0.23277601375016732
207.29270474066095,0.23905508880668175
207.30057581845335,0.07771889308314044
207.30844689624575,0.624538942702104
207.31631797403816,0.6375999756654337
207.3241890518306,0.09908612204442556
207.332060129623,0.12005210068237158
207.3399312074154,0.2951081983765096
207.3478022852078,0.20162034688214467
207.3556733630002,3.077074406751645
207.3635444407926,0.2954213677051379
207.371415518585,0.23223632830452365
207.3792865963774,0.6152914760643643
207.3871576741698,0.5854258998560787
207.3950287519622,0.2484368508243292
207.4028998297546,0.3677828832798742
207.410770907547,0.3102530112747139
207.4186419853394,0.11831751522425346
207.4265130631318,0.20439681326559547
207.4343841409242,0.7650144294879495
207.44225521871655,0.6752947356431375
207.45012629650896,0.6297454622738753
207.45799737430136,0.06949598960108758
207.4658684520938,1.9926644676013456
207.4737395298862,0.7566035138130289
207.4816106076786,1.1305920134596465
207.489481685471,0.582723772791838
207.4973527632634,1.09409948810426
207.5052238410558,0.30506857389058634
207.5130949188482,1.6973569921124765
207.5209659966406,0.6162323505200108
207.528837074433,2.001106911177406
207.5367081522254,1.642090552720586
207.5445792300178,4.762277891213845
207.5524503078102,3.0125979986809988
207.5603213856026,0.5194281530861458
207.568192463395,0.5802523292132885
207.5760635411874,0.6112828851769622
207.5839346189798,1.9329580380801246
207.5918056967722,0.29658710225056345
207.5996767745646,0.15543357585886908
207.60754785235704,0.860577674459978
207.61541893014945,1.8124909986310778
207.62329000794185,0.09688818138170191
207.63116108573425,1.1890096561014867
207.63903216352665,0.6584084193589026
207.64690324131905,0.17412337459754684
207.65477431911145,0.5505618110283329
207.6626453969038,1.1271256386521258
207.6705164746962,2.338761560796687
207.6783875524886,0.42442790301618455
207.686258630281,0.6295411307102524
207.6941297080734,2.378172346768502
207.7020007858658,0.6475400502894318
207.7098718636582,0.21799049315693997
207.7177429414506,0.45183373497725543
207.725614019243,1.77463413255666
207.7334850970354,0.4803553105097386
207.7413561748278,1.5954109474424918
207.74922725262024,0.7314502029201251
207.75709833041265,1.7826140815570675
207.76496940820505,0.011696461135090352
207.77284048599745,1.3277171088904072
207.78071156378985,0.4765256453567723
207.78858264158225,1.999129534975251
207.79645371937465,0.20322177205432135
207.80432479716703,0.4546784134107404
207.81219587495943,0.0030997550534023724
207.82006695275183,0.2071060185773422
207.82793803054423,1.4922733376971427
207.83580910833663,2.784211990844939
207.84368018612903,1.7348965409162216
207.85155126392144,0.7090970597930527
207.85942234171384,0.9252315478120411
207.86729341950624,0.3189494939458555
207.8751644972986,0.3888149549808543
207.883035575091,0.9160944459961251
207.89090665288344,0.4909225364198845
207.89877773067585,0.012658271174914455
207.90664880846825,0.5295828026540922
207.91451988626065,0.0896115696761034
207.92239096405305,0.54147045350092
207.93026204184545,0.8586816624526713
207.93813311963785,0.3128370675435106
207.94600419743023,0.12075756663305805
207.95387527522263,10.53937442553438
207.96174635301503,1.3367132641176562
207.96961743080743,0.13827206382124313
207.97748850859983,0.06465061995727776
207.98535958639224,1.3671556970880827
207.99323066418464,7.102435055750216
208.00110174197704,3.217694996891579
208.00897281976944,0.014350451039383993
208.01684389756184,1.0934157752671412
208.02471497535424,0.5817421064331352
208.03258605314664,1.2889205379756745
208.04045713093905,4.094863515521304
208.04832820873145,7.233136620747583
208.05619928652385,1.8242743648465314
208.06407036431625,0.6681037657080385
208.07194144210865,0.4197187488955018
208.07981251990105,0.7938636773451181
208.08768359769343,1.49371834522695
208.09555467548583,0.34111392679599034
208.10342575327823,0.10176986011379409
208.11129683107063,0.02523819783857818
208.11916790886303,0.8764522959260291
208.12703898665544,3.1031497190207102
208.13491006444784,1.580239531243371
208.14278114224024,3.5853724432708374
208.15065222003264,3.680117171760366
208.15852329782504,0.5167009356999722
208.16639437561744,0.895285336028533
208.17426545340984,0.48758644118191335
208.18213653120225,0.2815898868127458
208.19000760899465,0.04656686796396214
208.19787868678705,0.9303243272793256
208.20574976457945,0.013806231416853864
208.21362084237185,1.3154370825204986
208.22149192016423,0.19934721706122996
208.22936299795663,2.8208025933258636
208.23723407574903,0.9293264911155262
208.24510515354143,0.4562356716066329
208.25297623133383,0.20530596610163004
208.26084730912623,0.24202102415697516
208.26871838691864,0.0828914823381505
208.2765894647111,0.998922565222818
208.28446054250347,0.5772056982573485
208.29233162029587,0.4130543929270849
208.30020269808827,0.105541248057143
208.30807377588064,0.6383580411897262
208.31594485367305,0.36418433038948556
208.32381593146545,0.11823765592646446
208.33168700925785,1.062761810564086
208.33955808705025,0.4418099991855236
208.34742916484265,1.3356103712216352
208.35530024263505,1.2296910408037782
208.36317132042743,0.6101330526331726
208.37104239821983,0.3800277915147571
208.37891347601223,0.4441995476720094
208.38678455380463,1.244001721226573
208.39465563159703,1.2455937941800148
208.40252670938943,0.35914079052183706
208.41039778718184,0.6971234029155905
208.41826886497427,0.2206553691888493
208.42613994276667,0.499683935192632
208.43401102055907,0.9172751169385246
208.44188209835147,0.018685773514382477
208.44975317614387,0.3167036274686333
208.45762425393627,0.18794388216730865
208.46549533172868,0.07820941209180238
208.47336640952108,0.8011989905617733
208.48123748731348,0.9840225007875364
208.48910856510588,0.5946319235825933
208.49697964289828,0.035838094328421784
208.50485072069068,0.3371717805359429
208.51272179848308,0.5289677067117807
208.52059287627543,0.613149511160928
208.52846395406783,0.11245091633537782
208.53633503186023,0.4284171968354251
208.54420610965263,0.6345419629194624
208.55207718744504,0.4351133826824208
208.55994826523747,0.5298183311487531
208.56781934302987,1.1639550814335777
208.57569042082227,0.016730616482838384
208.58356149861467,0.22854323903201174
208.59143257640707,0.29033750624397897
208.59930365419947,0.16745099170867206
208.60717473199188,0.22246630258886887
208.61504580978428,0.1346872232305266
208.62291688757668,1.1433130261336035
208.63078796536908,0.5682880269657853
208.63865904316148,0.08888576248399507
208.64653012095388,0.4688569680813814
208.65440119874629,0.20663843011986616
208.6622722765387,0.0690078432522081
208.6701433543311,0.44041521601130496
208.6780144321235,2.463432714658193
208.6858855099159,0.4676098862727829
208.6937565877083,0.23152698679595868
208.7016276655007,1.617180652268658
208.7094987432931,0.12391999948130861
208.7173698210855,0.7856152417204124
208.7252408988779,1.486557230938159
208.7331119766703,0.3191674689389926
208.74098305446267,0.5141745660992875
208.74885413225508,0.5796921747038427
208.75672521004748,0.5566933110447309
208.76459628783988,0.7401417693687876
208.77246736563228,4.942335000508169
208.78033844342468,1.6921768301111881
208.78820952121708,0.6361708397026842
208.79608059900949,0.660140712344486
208.8039516768019,0.5753832500173164
208.8118227545943,0.574341566599816
208.8196938323867,0.29633140388926943
208.8275649101791,0.4657254319343842
208.8354359879715,2.2973629002776677
208.8433070657639,1.087824184976276
208.8511781435563,0.16850500914848837
208.8590492213487,0.4649315553938631
208.8669202991411,0.139871696457036
208.8747913769335,2.481718662341173
208.8826624547259,0.43834763208756355
208.8905335325183,1.4988180486173333
208.8984046103107,0.49767084819959
208.9062756881031,0.7198063590423938
208.9141467658955,2.443904683019749
208.9220178436879,1.632840127616356
208.9298889214803,4.590297603558044
208.9377599992727,0.2713173994614224
208.94563107706512,2.0893557018805136
208.9535021548575,0.3105988720981832
208.9613732326499,0.7531634589639633
208.9692443104423,0.5643138174039047
208.9771153882347,0.36022980987039355
208.9849864660271,1.4209788528390415
208.9928575438195,0.6178374429345108
209.0007286216119,1.1885142186116908
209.0085996994043,1.6933935550378072
209.0164707771967,0.20862083631750808
209.0243418549891,0.5733786011285723
209.0322129327815,1.369926963289839
209.0400840105739,0.3738247868748064
209.0479550883663,2.1146998068144485
209.0558261661587,1.0926801528368844
209.0636972439511,0.452606664666965
209.0715683217435,1.259554523805416
209.07943939953591,0.8785924481418342
209.08731047732832,0.04524538892262906
209.09518155512072,0.3011706325070357
209.10305263291312,0.6006364282389993
209.11092371070552,0.0006178102981412403
209.11879478849792,1.612190424833744
209.12666586629032,0.4345975138729507
209.13453694408275,0.9691088175200814
209.14240802187516,2.9749714876653295
209.15027909966756,0.8921133909909554
209.15815017745996,1.760093912465116
209.1660212552523,2.296765389931593
209.1738923330447,0.21779483613565198
209.1817634108371,1.3964955491494582
209.1896344886295,2.447360661091551
209.1975055664219,0.9611351659513672
209.2053766442143,4.170068033436719
209.2132477220067,0.02428073360570204
209.22111879979911,0.12703115921428984
209.22898987759152,0.6314114175843009
209.23686095538392,0.6131641833783882
209.24473203317632,0.3790632853232189
209.25260311096872,0.39337818794314305
209.26047418876112,1.91331863733344
209.26834526655352,0.7592086556308195
209.27621634434595,0.7919844528337103
209.28408742213836,0.10472133047474003
209.29195849993076,0.05358327163482408
209.29982957772316,0.12371929984904036
209.30770065551556,0.3005646209278823
209.31557173330796,0.6972584343090826
209.32344281110036,1.5325740783320263
209.33131388889277,1.0730170681447075
209.33918496668517,1.6917814991380649
209.34705604447757,0.2510561777707322
209.35492712226997,0.0548111364416951
209.36279820006237,2.0785044338776792
209.37066927785477,0.3330805388328365
209.37854035564715,0.24161220546109619
209.38641143343952,0.046992407920372944
209.39428251123192,0.5650801839934302
209.40215358902432,0.536000480553555
209.41002466681672,0.3644216917191464
209.41789574460915,3.3927963538106867
209.42576682240156,0.9791383000766534
209.43363790019396,0.9618152575923872
209.44150897798636,1.1966503106995163
209.44938005577876,0.43289821316280774
209.45725113357116,0.008199972954251187
209.46512221136356,0.9512131800208464
209.47299328915597,4.72142911348369
209.48086436694837,2.0818397301912897
209.48873544474077,0.5042398679103616
209.49660652253317,0.05708862198444151
209.50447760032557,2.7002406097038256
209.51234867811797,0.21286180335611768
209.52021975591035,2.017371909316296
209.52809083370275,0.8169050132236884
209.53596191149515,1.870981838113382
209.54383298928755,0.0872960847730192
209.55170406707995,0.2878425764734082
209.55957514487235,0.6280956695482478
209.5674462226648,0.17901039174662145
209.5753173004572,0.1660457773088154
209.5831883782496,0.2814215749200832
209.591059456042,0.5484926288400557
209.59893053383436,0.6207098520450023
209.60680161162676,0.8825823065497955
209.61467268941917,1.3979266167127136
209.62254376721157,0.15952229344700164
209.63041484500397,1.2907200683495998
209.63828592279637,0.3691761108803636
209.64615700058877,0.2859186376922339
209.65402807838117,3.2550681857048125
209.66189915617355,0.21473005946117826
209.66977023396595,0.04793770536779149
209.67764131175835,0.8239847925434348
209.68551238955075,1.1878165558863514
209.69338346734315,2.27265211892599
209.70125454513555,0.407396744461209
209.709125622928,0.2762823569782054
209.7169967007204,3.307576284962962
209.7248677785128,0.26937795290024275
209.7327388563052,0.7911142771741129
209.7406099340976,0.9365742377449321
209.74848101189,0.95671634866341
209.7563520896824,0.2134876804063511
209.7642231674748,0.3260017234366865
209.7720942452672,0.04226357027304294
209.7799653230596,0.9780729383188077
209.787836400852,0.1905340500345528
209.7957074786444,0.18626979956584472
209.8035785564368,0.5531528685492009
209.81144963422915,0.630413340403421
209.81932071202155,3.732132731357635
209.82719178981395,0.2843159849475986
209.83506286760635,0.504959819302035
209.8429339453988,0.740269617984735
209.8508050231912,0.5896604798320679
209.8586761009836,0.3081182648391251
209.866547178776,1.1355362432180165
209.8744182565684,1.8592520647669455
209.8822893343608,0.36142637884174295
209.8901604121532,0.05640664697665217
209.8980314899456,0.4814617733948869
209.905902567738,0.10798209212811279
209.9137736455304,2.17672707332256
209.9216447233228,0.11432516906772118
209.9295158011152,2.4913936814999476
209.9373868789076,0.0746635205523296
209.9452579567,1.7306275347652214
209.9531290344924,0.5583880893658563
209.9610001122848,0.07680718417979608
209.9688711900772,2.1395121175582936
209.9767422678696,0.03166376002274146
209.984613345662,0.1504682877934701
209.9924844234544,0.053079870194653454
210.0003555012468,3.7136306161364603
210.0082265790392,0.864838091613231
210.0160976568316,0.29086224616535994
210.023968734624,0.0303869507391836
210.0318398124164,0.6614377645938239
210.0397108902088,0.7539172615830692
210.0475819680012,0.3826723541321112
210.0554530457936,0.2324757912288698
210.063324123586,0.3495233590093602
210.0711952013784,1.5787859179639678
210.0790662791708,2.526141909446755
210.0869373569632,0.426903069566529
210.0948084347556,2.434289808961804
210.102679512548,1.0612387928930036
210.1105505903404,2.6591230455156336
210.1184216681328,0.3878575757646653
210.1262927459252,0.9630318663517337
210.1341638237176,3.310548753000234
210.14203490151,0.4653766418311829
210.1499059793024,0.15370501559961022
210.1577770570948,0.17315041052036279
210.1656481348872,0.18582230252548163
210.1735192126796,0.7574729885053599
210.181390290472,0.6811376231661757
210.1892613682644,0.20027702458368385
210.1971324460568,1.1480123761853716
210.2050035238492,0.1664108100670645
210.2128746016416,0.6182506095882195
210.220745679434,0.4647958791683489
210.2286167572264,0.8260070455273982
210.2364878350188,1.1353207162762649
210.2443589128112,0.42972146754460416
210.2522299906036,0.7300937158705719
210.260101068396,0.5444244919944692
210.2679721461884,0.6627695621810998
210.2758432239808,0.2908165788291279
210.2837143017732,1.004753463816378
210.2915853795656,0.12308920050529033
210.299456457358,0.7363505901157241
210.3073275351504,1.3074714792828828
210.3151986129428,0.855433539148572
210.3230696907352,1.0624240859022631
210.3309407685276,0.37024947694668553
210.33881184632,0.23232270346050707
210.3466829241124,0.5339315980420336
210.3545540019048,0.18423335652810965
210.3624250796972,0.047318381696084884
210.3702961574896,0.28667292419382445
210.378167235282,0.08228987394728254
210.3860383130744,0.002136761266872912
210.3939093908668,0.269015317864521
210.4017804686592,0.4276074478049228
210.4096515464516,0.503463745970269
210.417522624244,1.9012040367575238
210.4253937020364,0.14658026223639176
210.4332647798288,0.6977931966543841
210.4411358576212,0.7272938174512186
210.4490069354136,0.2265135165685958
210.456878013206,0.9545833748381785
210.4647490909984,0.792802166773284
210.4726201687908,0.8086142747767139
210.4804912465832,1.823073027297785
210.4883623243756,1.2028036161448954
210.496233402168,0.09114556609295475
210.5041044799604,0.8160105735461207
210.5119755577528,0.12871691091114082
210.5198466355452,0.4409976304526902
210.5277177133376,0.020378471150987076
210.53558879113,0.6207019808858831
210.5434598689224,1.5361291555016547
210.5513309467148,1.6747974585876995
210.5592020245072,0.07384837208616259
210.5670731022996,0.13048000775280344
210.574944180092,1.4692399601795245
210.5828152578844,0.6558985992868802
210.5906863356768,0.5232067900177511
210.5985574134692,0.55436833920536
210.6064284912616,0.1542177669622109
210.61429956905403,2.5677679328891334
210.62217064684643,1.2028886880565686
210.63004172463883,0.20792630224655798
210.63791280243123,0.5902952451877708
210.64578388022363,0.39629319800513857
210.65365495801603,2.2421430884145526
210.66152603580844,1.560121994212574
210.66939711360084,0.171938122382631
210.6772681913932,0.06115185689622289
210.6851392691856,0.3876868214555009
210.693010346978,0.8619064345390116
210.7008814247704,0.03519406259205185
210.7087525025628,0.25199404027104255
210.7166235803552,0.31067932397316944
210.7244946581476,3.9206205752028978
210.73236573594,1.0495676945281818
210.7402368137324,0.16577369086459068
210.7481078915248,0.4904927779604595
210.75597896931723,1.1555174183745192
210.76385004710963,0.10019106513814811
210.77172112490203,0.26413745049154885
210.77959220269443,2.1369051640267176
210.78746328048683,3.5120431014254687
210.79533435827923,0.524084768591102
210.80320543607164,2.0923553635262446
210.81107651386404,3.6117659648545755
210.81894759165644,0.23485100069020848
210.82681866944884,0.5528998419943959
210.83468974724124,1.6161388882959897
210.84256082503364,0.04554495873698088
210.85043190282605,3.6727966648578945
210.85830298061845,1.8298958505832312
210.86617405841085,1.7212176322243424
210.87404513620325,0.7510515655081803
210.88191621399565,0.9280284818720378
210.889787291788,0.7253295104515449
210.89765836958043,0.46545581847146233
210.90552944737283,1.467769967099346
210.91340052516523,0.24843688824074597
210.92127160295763,0.361742037004223
210.92914268075003,1.0906961696393327
210.93701375854243,2.2490707601417412
210.94488483633484,0.5397361327995581
210.95275591412724,1.2567986533380855
210.96062699191964,2.5402523150874585
210.96849806971204,0.13789620946527764
210.97636914750444,0.3835256330623976
210.98424022529684,0.09356773900633289
210.99211130308925,0.5436455108455172
210.99998238088165,0.7118777844928437
211.00785345867405,3.0706568373703087
211.01572453646645,0.825356662404392
211.02359561425885,1.3966864653864042
211.03146669205125,0.6458694883718468
211.03933776984368,1.5285547484497175
211.04720884763609,5.045481635661062
211.0550799254285,0.07800594707261993
211.0629510032209,1.7221383158255938
211.0708220810133,0.3664343753462549
211.0786931588057,0.6240903597780683
211.0865642365981,0.179994315235959
211.09443531439047,0.3166439171307707
211.10230639218284,1.8902468248954727
211.11017746997524,0.27907980663805465
211.11804854776764,0.3105793990601314
211.12591962556004,2.1341085924104743
211.13379070335245,0.09215355228906814
211.14166178114485,0.6894566458826112
211.14953285893725,1.3820000798610594
211.15740393672965,0.2382007551896494
211.16527501452205,2.8644679467532637
211.17314609231445,0.7872466815314206
211.18101717010688,1.5897500348193436
211.18888824789929,1.3405944002481358
211.1967593256917,0.09069048956397678
211.2046304034841,0.19758531739094023
211.2125014812765,0.40245097999832263
211.2203725590689,0.7077340504049203
211.2282436368613,0.12551243981181043
211.23611471465367,0.43974975741585703
211.24398579244607,0.10580687026918977
211.25185687023847,1.359939833687705
211.25972794803087,0.280235845686499
211.26759902582327,0.05013613391607522
211.27547010361567,0.28041353922241036
211.28334118140808,1.44099398992948
211.29121225920048,0.6479076627197371
211.29908333699288,0.8397057254363848
211.30695441478528,2.600029115350359
211.31482549257768,0.03875358879686872
211.32269657037008,0.35641728289650404
211.33056764816249,1.242845275929149
211.3384387259549,0.05067111115818715
211.3463098037473,0.23318094526711383
211.3541808815397,0.06596820087574284
211.3620519593321,1.5267544842174106
211.3699230371245,1.3193167529566618
211.37779411491687,0.287940075537804
211.38566519270927,0.811607689560617
211.39353627050167,1.041562037328018
211.40140734829407,0.08561288340913381
211.40927842608647,0.342057491896438
211.41714950387887,2.4692071799373747
211.42502058167128,0.7288680715975833
211.43289165946368,1.4540996852963115
211.44076273725608,0.6403053848965942
211.44863381504848,1.1717556194095085
211.45650489284088,0.6050543652792841
211.46437597063328,1.045583178986295
211.4722470484257,0.28681068149981775
211.4801181262181,1.3764450651885942
211.4879892040105,0.26929506071073733
211.4958602818029,0.5768742624401536
211.5037313595953,1.9045428832795623
211.5116024373877,0.3484385115096143
211.5194735151801,0.4530787827676848
211.5273445929725,0.515448702903023
211.53521567076487,0.7743658029091013
211.54308674855727,0.6809072743726494
211.55095782634967,0.2384211470585513
211.55882890414208,0.4372404776554641
211.56669998193448,0.9426739891957434
211.57457105972688,0.37342935658317156
211.58244213751928,0.6111058323084431
211.59031321531168,0.6129921483649509
211.59818429310408,0.16294093994428496
211.60605537089648,0.6007283869382912
211.6139264486889,0.5727396382564812
211.6217975264813,0.35979262667406636
211.6296686042737,0.21097967064915335
211.6375396820661,0.41571213019842584
211.6454107598585,0.7553408347529528
211.6532818376509,0.48212944395516955
211.6611529154433,0.4736147210083327
211.6690239932357,0.8468186933863204
211.6768950710281,0.7769340086748151
211.6847661488205,0.14232855647743506
211.6926372266129,0.022902209660646766
211.7005083044053,0.46049465356099284
211.7083793821977,0.041842743661819164
211.7162504599901,0.3638862112099682
211.7241215377825,2.2697385166827457
211.7319926155749,0.3359798689958604
211.7398636933673,0.687841386817482
211.74773477115968,1.3483235733990648
211.7556058489521,2.2784604096721117
211.7634769267445,2.6915239834709364
211.7713480045369,0.7596154990167511
211.7792190823293,0.25714464157244477
211.7870901601217,0.7151537280500784
211.7949612379141,2.739076319502065
211.8028323157065,0.15694799167456083
211.8107033934989,0.5739440325680601
211.8185744712913,0.6475205440587174
211.8264455490837,0.44842276510317386
211.8343166268761,0.12096035641492793
211.8421877046685,0.6803949163037142
211.8500587824609,1.9975688225579793
211.8579298602533,0.7824165216945139
211.8658009380457,0.2775691319672325
211.8736720158381,0.07409000828002715
211.8815430936305,0.2314315657751815
211.8894141714229,0.1784411999591553
211.8972852492153,0.07097439096525512
211.9051563270077,2.889150297362825
211.9130274048001,0.20976002891293632
211.9208984825925,0.014663541818212037
211.9287695603849,2.5639275286211665
211.93664063817727,0.48306034856333624
211.94451171596967,1.1171997548545436
211.95238279376213,1.0752066324539138
211.96025387155453,0.6142124136531661
211.9681249493469,1.5443766631904234
211.9759960271393,1.4997969332983807
211.9838671049317,0.7439683440652707
211.9917381827241,1.218024272113872
211.9996092605165,0.4109703449358472
212.0074803383089,2.6019367853696393
212.0153514161013,1.207785581832666
212.0232224938937,0.045496331142822546
212.0310935716861,1.5046175710766412
212.0389646494785,1.4153561922989102
212.0468357272709,2.4722033304499362
212.0547068050633,0.08497313369503966
212.0625778828557,0.2738423137039338
212.0704489606481,0.3141047931125843
212.07832003844047,0.024450163443084594
212.08619111623287,0.42731736914826296
212.09406219402533,0.26669177441622954
212.10193327181773,0.4936089173255742
212.10980434961013,0.21144235123597277
212.11767542740253,0.5610258571197843
212.12554650519493,0.10400941180208514
212.1334175829873,0.08782946317050692
212.1412886607797,0.27366182910664016
212.1491597385721,0.3413107215948048
212.1570308163645,0.9100809987123376
212.1649018941569,0.8983648446640974
212.1727729719493,1.0348135956921902
212.1806440497417,1.5685341728401847
212.1885151275341,0.6344664748019192
212.1963862053265,3.1456227511796704
212.2042572831189,0.9290681126953483
212.2121283609113,0.5137436165387171
212.21999943870367,3.031808788960858
212.22787051649613,0.002205239457468449
212.23574159428853,0.47203806143042404
212.24361267208093,1.2527618442451076
212.25148374987333,1.1777236686044
212.25935482766573,0.252990346118602
212.26722590545813,1.2386185914230756
212.2750969832505,0.010140302200940757
212.2829680610429,1.0561189418126848
212.2908391388353,0.9422796141114623
212.2987102166277,1.7065879535934987
212.3065812944201,0.36908050392889924
212.31445237221251,0.017302699143417734
212.32232345000492,0.754977927569204
212.33019452779732,2.9494061761761614
212.33806560558972,0.08085885494938597
212.34593668338212,0.6032997036985245
212.35380776117452,0.19937589444030607
212.36167883896692,0.7115036449761561
212.36954991675933,0.16811367828396837
212.37742099455176,0.09399223719160532
212.38529207234416,0.5298738356382452
212.39316315013653,0.0659802769151537
212.40103422792893,2.3313870443155498
212.40890530572133,0.6026355272825528
212.4167763835137,1.1964873508973903
212.4246474613061,0.2773128352645711
212.4325185390985,1.7700565186487183
212.4403896168909,0.3207863017046829
212.4482606946833,0.14507953588469547
212.45613177247571,3.7372079719717672
212.46400285026812,1.4930175625727014
212.47187392806052,0.5959904043792921
212.47974500585292,1.6698719242487603
212.48761608364532,0.6704902448722018
212.49548716143772,0.24995647580699235
212.50335823923012,0.46957965867243445
212.51122931702253,1.1935070681268614
212.51910039481496,0.3470675746739867
212.52697147260736,4.043293326044666
212.53484255039976,0.5871694362543124
212.54271362819216,0.9202323614518149
212.55058470598456,2.410504483954559
212.55845578377696,0.11887115827645792
212.56632686156937,1.387597298028618
212.57419793936177,0.04992727986076
212.58206901715417,1.3517312800672658
212.58994009494657,2.585886456892561
212.59781117273897,1.0704448974372487
212.60568225053137,0.2387061010529048
212.61355332832372,0.4012187341939106
212.62142440611612,2.4722567642726236
212.62929548390852,1.7693016585903059
212.63716656170092,0.16708782257228977
212.64503763949332,0.45908155397630146
212.65290871728573,3.7970261957437565
212.66077979507816,1.119715985076682
212.66865087287056,0.3472196361161487
212.67652195066296,0.16558752597138984
212.68439302845536,1.4711316957682152
212.69226410624776,1.4228876613708745
212.70013518404016,0.6997479547996723
212.70800626183257,1.8737320355168603
212.71587733962497,1.1659660057921388
212.72374841741737,0.019587266336098873
212.73161949520977,0.4372264097873406
212.73949057300217,0.027153350829316164
212.74736165079457,0.5258230234831457
212.75523272858695,0.20533811707522429
212.76310380637935,0.06031641018785424
212.77097488417175,0.24826449785200277
212.77884596196415,0.054886724184958935
212.78671703975655,0.5780516586157719
212.79458811754895,0.04371904754215914
212.80245919534136,1.7506447016631272
212.8103302731338,0.009024688656416058
212.8182013509262,0.6854633444495417
212.82607242871856,1.3482094420873103
212.83394350651096,0.6008614221918757
212.84181458430336,0.42264424188395117
212.84968566209577,0.9290109397836414
212.85755673988817,0.030265475706238377
212.86542781768057,0.09113933213251592
212.87329889547297,0.1609208317187317
212.88116997326537,2.3278306063349077
212.88904105105777,1.4300808911660705
212.89691212885015,2.591441495981308
212.90478320664255,2.3715894914793663
212.91265428443495,0.12696558413742218
212.92052536222735,1.1562139277855006
212.92839644001975,0.616933243806373
212.93626751781215,0.5136594285327725
212.94413859560456,2.544488436624603
212.952009673397,0.06437611870144093
212.9598807511894,0.12855449686324
212.9677518289818,0.32087854736149335
212.9756229067742,1.7036160806071163
212.9834939845666,1.4321223720177612
212.991365062359,0.8390614828773224
212.9992361401514,0.3560911247088353
213.0071072179438,0.4901294392475334
213.0149782957362,1.2942379599521068
213.0228493735286,0.8720566719490979
213.030720451321,0.8535497900559322
213.0385915291134,3.2940267004851065
213.04646260690575,0.40681611211171526
213.05433368469815,1.8958877132989236
213.06220476249055,4.537281602255884
213.07007584028295,0.22378735858800144
213.07794691807536,1.7479780140575292
213.08581799586776,0.133571402915446
213.0936890736602,0.7664212442271114
213.1015601514526,0.26684804340155
213.109431229245,0.8407004376003391
213.1173023070374,0.5173650562568907
213.1251733848298,0.33434853331344405
213.1330444626222,0.4393507605860121
213.1409155404146,0.3687510284123754
213.148786618207,0.369732152893514
213.1566576959994,0.3379696857816054
213.1645287737918,2.0669386497168696
213.1723998515842,2.3278786117091887
213.1802709293766,1.1289165444644884
213.188142007169,0.22969281247600323
213.1960130849614,1.6794386703645154
213.2038841627538,1.7883788632537385
213.2117552405462,1.2301467184274417
213.2196263183386,1.5483795831970277
213.227497396131,2.151123036660778
213.23536847392344,0.517413489722564
213.24323955171585,0.5065806960921327
213.25111062950825,1.6741709927947517
213.2589817073006,2.8084678016308215
213.266852785093,1.7317940037197381
213.2747238628854,0.15533129030065615
213.2825949406778,0.06141626077043523
213.2904660184702,0.03183976005687492
213.2983370962626,4.6866036142372955
213.306208174055,1.015669681112773
213.3140792518474,1.4496843329440814
213.3219503296398,1.2960499561740133
213.3298214074322,1.4552919658427907
213.3376924852246,2.44785808302274
213.345563563017,0.2510521091783017
213.3534346408094,0.9079454908326688
213.3613057186018,1.7465212454485681
213.3691767963942,0.3930584282978932
213.37704787418664,1.5136681089013664
213.38491895197905,0.2666410643195341
213.39279002977145,0.15757547944083572
213.40066110756385,0.43872358374828
213.40853218535625,0.17402282107606917
213.41640326314865,0.07899264404300871
213.42427434094105,0.06678426100236122
213.43214541873343,0.061701744751933754
213.44001649652583,0.004905366541763875
213.44788757431823,0.04187035797718944
213.45575865211063,2.1733600099121815
213.46362972990303,0.6134495804802735
213.4715008076954,0.36617263674971295
213.4793718854878,0.5920617611114378
213.4872429632802,0.33788949928374856
213.4951140410726,1.5780466152464536
213.502985118865,0.07795820429562096
213.5108561966574,2.4126845954093747
213.51872727444984,0.8785598739391896
213.52659835224225,0.4813595565657387
213.53446943003465,1.1167661396019553
213.54234050782705,2.1316650351935884
213.55021158561945,0.48752194194885756
213.55808266341185,2.3016682796548276
213.56595374120425,0.138917468257127
213.57382481899663,1.4260966939617616
213.58169589678903,4.642076003623127
213.58956697458143,1.3438944644160955
213.59743805237383,2.023523215265146
213.60530913016623,0.5922841356635096
213.61318020795864,0.08738713462545933
213.62105128575104,0.20409200148502965
213.62892236354344,0.1266139723019041
213.63679344133584,0.5229768844994649
213.64466451912824,0.16916968040097316
213.65253559692064,0.7488550061686098
213.66040667471304,0.5242965162693427
213.66827775250545,0.26331538994242115
213.67614883029785,0.09997131943275546
213.68401990809025,1.0324956082197077
213.69189098588265,1.2249184213581135
213.69976206367505,0.3305046784969803
213.70763314146745,0.1799368320534555
213.71550421925983,0.06605032487337556
213.72337529705223,0.11381848242263627
213.73124637484463,0.2556828032153321
213.73911745263703,0.032446436831055525
213.74698853042943,0.7227239559067985
213.75485960822184,0.052957596454163244
213.76273068601424,0.8559061493126612
213.77060176380664,0.12054107122416344
213.77847284159904,1.3267906800357303
213.78634391939144,1.4394863342324582
213.79421499718384,0.37252675879519803
213.80208607497624,0.8951934425494253
213.80995715276865,0.5210428148030727
213.81782823056105,0.614906547434931
213.82569930835345,0.02058470374514779
213.83357038614585,1.5964376587759972
213.84144146393825,0.8875518989702538
213.84931254173063,0.2944558703710102
213.85718361952303,0.8538074448987221
213.86505469731543,0.31220844419612837
213.87292577510783,0.8752719945703805
213.88079685290023,0.043053956641083094
213.88866793069263,0.024203151216359336
213.89653900848504,1.0993211376936267
213.90441008627744,0.6216953628257575
213.91228116406984,0.07454929614745712
213.92015224186224,0.0006480482433124338
213.92802331965464,0.5332412162467218
213.93589439744704,0.08535462048660249
213.94376547523945,2.2574165155567463
213.95163655303185,1.9088064758266898
213.95950763082425,1.4741109287818102
213.96737870861665,1.4276591649044044
213.97524978640905,0.25024575063957927
213.98312086420145,1.401884306597708
213.99099194199383,1.1196666203823975
213.99886301978623,0.5599369255508679
214.00673409757863,0.3175904337749989
214.01460517537103,1.8095876177237729
214.02247625316343,2.373077603333361
214.03034733095583,0.3568975784754667
214.03821840874824,4.256122413022225
214.04608948654067,0.4289692989933997
214.05396056433307,1.3114905203166185
214.06183164212547,0.04170749314171535
214.06970271991787,0.704547924390377
214.07757379771027,0.2485829757931121
214.08544487550267,0.6021200796637146
214.09331595329508,0.8755675020399344
214.10118703108748,0.3130892038084776
214.10905810887988,0.9215006620204453
214.11692918667225,0.7529333806996596
214.12480026446465,0.005383913636846965
214.13267134225703,0.09183453797014214
214.14054242004943,0.19191820108726726
214.14841349784183,3.049735895470851
214.15628457563423,0.2996380323856381
214.16415565342663,1.286912926309249
214.17202673121903,1.715191356999986
214.17989780901144,1.5704420328017787
214.18776888680387,4.5464433428619895
214.19563996459627,0.24122409944939496
214.20351104238867,0.19982093338200327
214.21138212018107,0.505829887935553
214.21925319797347,2.196764198752839
214.22712427576587,2.911818669527885
214.23499535355828,0.3488857078360081
214.24286643135068,1.1289268546237503
214.25073750914308,0.5834742524446606
214.25860858693548,0.19284044200952047
214.26647966472788,0.36958399310900175
214.27435074252028,2.2237696866377914
214.28222182031269,0.28813494421178076
214.2900928981051,2.037953020608482
214.2979639758975,2.4636877949026426
214.3058350536899,1.6159874133999728
214.3137061314823,0.08064248356633236
214.3215772092747,0.6559279446809281
214.3294482870671,1.2861314984488663
214.33731936485947,0.11847672550891038
214.34519044265187,0.47346279465707847
214.35306152044427,1.6830966275593098
214.36093259823667,0.1637785038070743
214.36880367602907,0.2885453002597351
214.37667475382148,0.6126316656778164
214.38454583161388,1.1046297090600585
214.39241690940628,1.1684931923104187
214.40028798719868,0.5690354946786047
214.40815906499108,0.14849026041000798
214.41603014278348,1.123122743930758
214.42390122057589,0.3958056079431525
214.4317722983683,2.0841985120922
214.4396433761607,0.37424663040336753
214.4475144539531,0.40380708660141995
214.4553855317455,0.15155537635169541
214.4632566095379,0.0991869574735072
214.4711276873303,1.988622673223272
214.4789987651227,0.6086705727548619
214.4868698429151,3.4285812342935866
214.4947409207075,0.02681127064283933
214.5026119984999,4.817007397153281
214.5104830762923,0.06985601640049034
214.5183541540847,0.6723356915400055
214.5262252318771,1.230955173286391
214.5340963096695,0.16264931424072915
214.5419673874619,0.35039331649015
214.54983846525428,0.40141635500334116
214.55770954304668,1.3900496016044495
214.56558062083909,0.11600194744625443
214.5734516986315,1.4710344058219575
214.5813227764239,2.0631290453889513
214.5891938542163,0.8725793109198863
214.5970649320087,2.2348433379281527
214.6049360098011,1.2223487884224984
214.6128070875935,0.7353647396592438
214.6206781653859,0.2787201755635855
214.6285492431783,0.20338648498525433
214.6364203209707,1.1756479144446204
214.6442913987631,0.09995307110143294
214.6521624765555,0.8296655706404769
214.6600335543479,0.4102877091284272
214.6679046321403,1.3339950867690566
214.6757757099327,0.4046361195498058
214.6836467877251,0.5221691764909483
214.6915178655175,1.1203461037290767
214.6993889433099,0.43244295681781775
214.70726002110231,0.3249130144218285
214.71513109889472,0.8648409786232918
214.72300217668712,0.6544469862047517
214.73087325447952,1.647197789982256
214.73874433227192,0.10417272763903361
214.74661541006432,0.9247347680406555
214.75448648785672,0.810037344459658
214.7623575656491,1.0680009947756637
214.7702286434415,0.016783537806798997
214.7780997212339,1.321605372910043
214.7859707990263,0.6248901761643276
214.7938418768187,1.4642430147143932
214.8017129546111,5.1245170362708405
214.8095840324035,0.08812349314387534
214.8174551101959,1.077699397653652
214.8253261879883,2.234319507425876
214.8331972657807,1.470753806903732
214.8410683435731,0.5325032736948626
214.84893942136551,1.3706450265615788
214.85681049915792,0.022720319677759594
214.86468157695032,0.6363826864222878
214.87255265474272,0.36199736558500434
214.88042373253512,0.257813367531255
214.88829481032752,0.3080720581737097
214.89616588811992,0.9274273492482444
214.90403696591235,1.7953958640695418
214.91190804370476,1.2760679350093802
214.91977912149716,1.9803824936327614
214.92765019928956,1.634232523322219
214.93552127708196,0.11541754512800004
214.94339235487436,0.6466394700723284
214.95126343266676,0.7864265958504723
214.95913451045917,0.15750247428647718
214.96700558825157,0.06832555972706159
214.97487666604397,1.0508410888252955
214.9827477438363,0.14614683119986432
214.99061882162871,0.8924167885855128
214.99848989942112,1.2131801427494127
215.00636097721352,0.15382615310456924
215.01423205500592,0.2814119580010001
215.02210313279832,0.5279009624381764
215.02997421059072,1.878911420877932
215.03784528838312,0.3942692798326541
215.04571636617555,0.3139954995761465
215.05358744396796,1.2939365912554726
215.06145852176036,0.793672148758588
215.06932959955276,0.568450182833944
215.07720067734516,1.0741511074137358
215.08507175513756,1.4653007356226526
215.09294283292996,0.9660022300743089
215.10081391072237,1.9198084246002884
215.10868498851477,1.919548663386125
215.11655606630717,0.7007812401547722
215.12442714409957,1.0558634948338412
215.13229822189197,1.6092076720021957
215.14016929968437,0.5418529603879424
215.14804037747675,0.006273500142975932
215.15591145526915,0.9606337450407222
215.16378253306155,0.012426974278668722
215.17165361085395,0.6439250467822469
215.17952468864635,1.2768523500454827
215.18739576643875,3.659257623183969
215.19526684423116,0.08637145936372828
215.20313792202356,2.220944063130364
215.21100899981596,0.25838641871076984
215.21888007760836,0.7893904852379141
215.22675115540076,3.687503010568361
215.23462223319316,0.04045112837094248
215.24249331098557,2.624105829261829
215.25036438877797,2.1880943622698084
215.25823546657037,0.23875824001696438
215.26610654436277,0.6512845746688204
215.27397762215517,3.3428224887972537
215.28184869994757,3.575251955861049
215.28971977773995,0.7375500697831058
215.29759085553235,1.9806545217089429
215.30546193332475,4.901478477293363
215.31333301111715,0.6184587569753548
215.32120408890955,0.2477065874101391
215.32907516670195,0.03472135365291832
215.3369462444944,1.2497950401487696
215.3448173222868,0.3576692021920115
215.3526884000792,0.24712152469418874
215.3605594778716,2.253558750858507
215.368430555664,1.7739581506897
215.3763016334564,0.6378380986998693
215.3841727112488,0.18812818575812013
215.3920437890412,0.839584725492994
215.3999148668336,0.431043683188425
215.40778594462597,0.10899792459389314
215.41565702241837,0.6800851984785634
215.42352810021077,0.5703768621308439
215.43139917800315,3.712041491460211
215.43927025579555,0.020167030366189893
215.44714133358795,0.0756737859857129
215.45501241138035,0.2521793674056105
215.46288348917275,0.11504014795373636
215.4707545669652,0.8784851556687514
215.4786256447576,0.36817209196830564
215.48649672255,0.027959675970851427
215.4943678003424,0.14725183672166603
215.5022388781348,0.8169231003385464
215.5101099559272,0.057157540994671546
215.5179810337196,0.6683826996799926
215.525852111512,0.3917814359135665
215.5337231893044,0.47634422405580557
215.5415942670968,0.5572375970577468
215.5494653448892,0.2099722279288996
215.5573364226816,0.007368403448510034
215.565207500474,0.675543541957976
215.5730785782664,1.6913890151149367
215.5809496560588,0.12087779497944688
215.5888207338512,0.15004921949134545
215.5966918116436,0.45401517509664413
215.604562889436,2.514611050340194
215.6124339672284,1.5345442561970912
215.6203050450208,2.2775312969526027
215.6281761228132,0.11011243764272653
215.6360472006056,0.6563293608220673
215.643918278398,0.18251427243082022
215.6517893561904,3.228934151407386
215.6596604339828,2.6326940641506615
215.6675315117752,0.85133194441342
215.6754025895676,0.6424664443755466
215.68327366736,0.13282176043305263
215.6911447451524,0.20386043279608732
215.6990158229448,0.6668333455078456
215.7068869007372,0.6107876139734878
215.7147579785296,0.7829989600713936
215.722629056322,0.43323993510168124
215.7305001341144,0.3246711578884352
215.7383712119068,0.4191565649322859
215.7462422896992,0.007439056368714513
215.7541133674916,0.5171649280626299
215.761984445284,0.5413128848301896
215.7698555230764,1.995705139064096
215.7777266008688,0.15762200233298612
215.7855976786612,7.219372425373642
215.7934687564536,0.5382988892868266
215.801339834246,0.2959388011508239
215.8092109120384,0.8062889092461343
215.8170819898308,1.664662738098262
215.8249530676232,0.5610811857187101
215.8328241454156,3.1016410870995395
215.840695223208,0.534817314765809
215.8485663010004,0.06979313979863257
215.8564373787928,1.9375975775354992
215.8643084565852,2.1101391453505416
215.8721795343776,0.26051599197461794
215.88005061217,3.2958975114454176
215.8879216899624,0.7250599871348585
215.8957927677548,1.8868476299471435
215.9036638455472,0.6943133269250142
215.9115349233396,1.0266943203776842
215.919406001132,0.4816118875461312
215.9272770789244,0.08810416832983947
215.9351481567168,3.239155856150228
215.9430192345092,0.25798793324084707
215.9508903123016,2.2440216458179703
215.958761390094,2.2138651904867164
215.9666324678864,0.37625979157648703
215.9745035456788,4.2087846089896
215.9823746234712,1.8975710459270492
215.9902457012636,2.5473265059557764
215.998116779056,1.7349848047374463
216.0059878568484,3.5917190211129477
216.0138589346408,1.5571926556544586
216.0217300124332,0.9732863208998375
216.0296010902256,1.7866043539335803
216.037472168018,0.5384908488016515
216.0453432458104,0.2518265879523077
216.0532143236028,0.7847641484305605
216.0610854013952,0.38865918696402824
216.0689564791876,0.436076187960513
216.07682755698,3.0170639608665213
216.0846986347724,0.8436769640379069
216.0925697125648,0.5270686001238859
216.1004407903572,1.6538300372401282
216.1083118681496,0.3897663743514633
216.116182945942,1.0396217114581678
216.1240540237344,0.007095724201786689
216.1319251015268,0.43735154269627485
216.1397961793192,2.1874165868765205
216.1476672571116,1.2917318972370082
216.155538334904,0.8731096175782493
216.1634094126964,0.2229889060712493
216.1712804904888,0.2610626321534299
216.1791515682812,0.4794778965269649
216.1870226460736,1.7056424700237596
216.194893723866,0.024377045385505263
216.2027648016584,1.1310121288708936
216.2106358794508,0.09623727375705296
216.2185069572432,0.4014681318110682
216.2263780350356,0.7945768040787726
216.234249112828,0.028124925153963323
216.24212019062043,1.9202992011023146
216.24999126841283,0.06895031669107692
216.25786234620523,1.6585881224744559
216.26573342399763,0.060276326166687336
216.27360450179,3.091612976303653
216.2814755795824,0.7608298918868199
216.2893466573748,0.57683409279904
216.2972177351672,0.8973495515216331
216.3050888129596,0.20501628312709477
216.312959890752,0.32281765271051405
216.3208309685444,0.6244555785159138
216.3287020463368,0.9711645941375148
216.3365731241292,0.19677660806380426
216.3444442019216,1.4076259958167774
216.352315279714,1.0614981250907267
216.3601863575064,0.11814100425930038
216.3680574352988,0.15814328158548988
216.3759285130912,0.3205298374816506
216.38379959088363,1.6249330178563985
216.39167066867603,2.629815522354167
216.39954174646843,0.3686113426981794
216.40741282426083,0.980633714214906
216.41528390205323,1.651517067883568
216.42315497984563,1.402029345844375
216.43102605763804,0.17193226734899866
216.43889713543044,0.18784081110707923
216.44676821322284,1.6552282061048746
216.45463929101524,0.5663005795610112
216.46251036880764,0.19018304155380228
216.47038144660004,2.27554739139907
216.47825252439245,0.7243445763723704
216.4861236021848,2.236835742375549
216.4939946799772,0.6150824188266704
216.5018657577696,0.6657123608907486
216.509736835562,0.07110297891249968
216.5176079133544,0.30614510191421296
216.52547899114683,0.2359395100184252
216.53335006893923,0.06127601292896515
216.54122114673163,0.04186606663169634
216.54909222452403,1.342250172314934
216.55696330231643,0.2312422032540679
216.56483438010883,0.5744025898214105
216.57270545790124,0.01656100286336178
216.58057653569364,0.3599111503738761
216.58844761348604,0.4680412864407967
216.59631869127844,0.36775586307275937
216.60418976907084,1.0683854306970002
216.61206084686324,0.027497485660179365
216.61993192465565,0.6372762425523643
216.62780300244805,0.7108739654351027
216.63567408024045,0.42157797485385734
216.64354515803285,0.7638814009519825
216.65141623582525,1.3791534576669566
216.65928731361765,0.32691826225099774
216.66715839141008,0.11228983419257585
216.67502946920249,2.2359939065946173
216.6829005469949,0.9405166578541111
216.6907716247873,2.2702916499074983
216.6986427025797,0.8029414633303977
216.70651378037203,0.08263387390408401
216.71438485816444,0.32014509065919206
216.72225593595684,0.5743962384539123
216.73012701374924,2.0751353023994965
216.73799809154164,0.5001385274382127
216.74586916933404,1.495401884196053
216.75374024712644,1.2604127515110075
216.76161132491885,1.1899844421008925
216.76948240271125,1.8139183175234632
216.77735348050365,2.9551952214841104
216.78522455829605,3.2563700995229277
216.79309563608845,1.4151354956508677
216.80096671388085,1.158373636595758
216.80883779167328,0.12225395481018181
216.81670886946569,0.5513632492843349
216.8245799472581,0.3897885384355147
216.8324510250505,2.0040449670672955
216.8403221028429,1.936047178631413
216.8481931806353,2.876350675157268
216.8560642584277,0.1538944267343014
216.86393533622007,0.9068364618968647
216.87180641401247,3.1471936329749406
216.87967749180487,1.6516745163079363
216.88754856959727,0.9439894044871349
216.89541964738967,0.47667505169810614
216.90329072518207,1.3572640811701815
216.91116180297448,0.07875412289745005
216.91903288076685,0.17780147461847182
216.92690395855925,0.21735768782720816
216.93477503635165,0.3910289275477396
216.94264611414405,0.6140101181198742
216.95051719193648,1.0125418317264603
216.95838826972889,0.3540710345373738
216.9662593475213,0.713503893961611
216.9741304253137,0.03962139762905991
216.9820015031061,0.04966432485561707
216.9898725808985,0.7910021463260466
216.9977436586909,1.4038925235793187
217.00561473648327,0.5287869750565413
217.01348581427567,0.4410510980802806
217.02135689206807,1.2980266805080554
217.02922796986047,0.8265338803919307
217.03709904765287,0.6383102366494369
217.04497012544527,0.0026670359967084904
217.05284120323768,0.10836112883416757
217.06071228103008,2.4843300270800586
217.06858335882248,0.2936445886149624
217.07645443661488,0.21873024498520094
217.08432551440728,0.5294615941676981
217.09219659219968,2.58703283052104
217.1000676699921,1.005481717049706
217.1079387477845,0.5498041700369715
217.1158098255769,0.9203048856725963
217.1236809033693,2.2893451252300006
217.1315519811617,1.7861307233750314
217.1394230589541,0.7588847490836969
217.14729413674647,0.7551371994242821
217.15516521453887,0.2899409545319
217.16303629233127,0.21734819859392523
217.17090737012367,0.5343625696599137
217.17877844791607,0.33208932602284197
217.18664952570848,0.4328460708942479
217.19452060350088,1.0954994621871788
217.20239168129328,1.534675443105152
217.21026275908568,0.71693569420587
217.21813383687808,0.21595236006200838
217.22600491467048,0.6808453954251266
217.23387599246288,0.5756552608516519
217.2417470702553,0.7403858712048365
217.2496181480477,0.12506919318507398
217.2574892258401,0.3437681661594099
217.2653603036325,0.3319712161305887
217.2732313814249,1.3025763771507197
217.2811024592173,2.8860048637141524
217.2889735370097,0.37572857021603556
217.2968446148021,0.34734403787397283
217.3047156925945,1.3666496815218037
217.3125867703869,1.833129241074014
217.3204578481793,0.30784090842531203
217.3283289259717,1.187888924460194
217.3362000037641,0.21176191369056616
217.3440710815565,3.4446890197234206
217.35194215934888,0.5272469339089224
217.35981323714128,3.5077725164238904
217.36768431493368,0.13391665882031387
217.37555539272608,1.2770927912064547
217.3834264705185,1.0020913222691925
217.3912975483109,1.914051900767929
217.3991686261033,1.0324115038704769
217.4070397038957,0.4188198184477135
217.4149107816881,2.287503542124224
217.4227818594805,1.1279257805775291
217.4306529372729,3.1700436169555837
217.4385240150653,0.5372523708075843
217.4463950928577,0.12087120646421985
217.4542661706501,0.5105540670943258
217.4621372484425,1.950472692770822
217.4700083262349,0.639728015618375
217.4778794040273,0.9197266079831053
217.4857504818197,1.3187604885412874
217.4936215596121,0.18172984577174398
217.5014926374045,0.33380680310412747
217.5093637151969,0.7720553795244236
217.5172347929893,0.8781629048756834
217.5251058707817,0.8528459812538991
217.5329769485741,0.07023695370020784
217.5408480263665,0.42540533209612125
217.5487191041589,1.8570243326167366
217.5565901819513,0.0475865025247368
217.5644612597437,2.610213100970731
217.5723323375361,6.026047340736473
217.5802034153285,0.4620359848804933
217.5880744931209,1.3108920305119809
217.5959455709133,0.31396652437222733
217.6038166487057,0.285217546585187
217.6116877264981,1.9345627230756495
217.6195588042905,1.8659625427223332
217.6274298820829,0.978776701589491
217.6353009598753,0.2068694812231319
217.6431720376677,0.12005737210291087
217.6510431154601,0.01888081132011904
217.6589141932525,0.12047899899078265
217.6667852710449,0.7854030096012279
217.6746563488373,0.7980830180888808
217.6825274266297,0.016562755067273435
217.6903985044221,4.566944594397725
217.6982695822145,4.32499772134959
217.70614066000687,0.5859896434158642
217.71401173779927,0.5515471387420477
217.72188281559173,0.1444182073631175
217.72975389338413,0.04938984982893634
217.73762497117653,5.309220269436749
217.74549604896893,2.1440897270770867
217.75336712676133,0.44833063837398174
217.7612382045537,0.07110098594052008
217.7691092823461,0.22168671398598047
217.7769803601385,1.2571561583060777
217.7848514379309,0.386495386337723
217.7927225157233,1.0765219399410106
217.8005935935157,1.06515631131284
217.8084646713081,0.5809770982968222
217.8163357491005,2.429731243087938
217.8242068268929,2.7754196385129535
217.8320779046853,0.7435450223627176
217.8399489824777,0.25552226820238577
217.84782006027007,2.731187733416813
217.85569113806253,1.8544168844938358
217.86356221585493,0.7503643363593725
217.87143329364733,1.4870007932396756
217.87930437143973,0.17987054693153237
217.88717544923213,0.4395385581376114
217.89504652702453,1.119639526953748
217.9029176048169,0.6593531508367897
217.9107886826093,3.475569871859684
217.9186597604017,0.29384608423581304
217.9265308381941,1.3297580449375768
217.9344019159865,0.2174649705333882
217.94227299377891,0.7366285441279432
217.95014407157132,1.1603900768939128
217.95801514936372,0.5288344817123296
217.96588622715612,1.455977636261447
217.97375730494852,0.20389671385729946
217.98162838274092,3.641966887120634
217.98949946053332,0.7284611456211547
217.99737053832573,1.035530042734998
218.00524161611813,0.20561108685344712
218.01311269391053,1.195782295151396
218.02098377170293,0.1314297118687336
218.02885484949533,2.036663056079996
218.03672592728773,0.5074921033752917
218.0445970050801,0.9790596072473564
218.0524680828725,1.8909862182961754
218.0603391606649,0.14315693451049227
218.0682102384573,1.671957748835263
218.0760813162497,0.7172394408985022
218.08395239404211,0.7415962248242176
218.09182347183452,1.2778151240137878
218.09969454962692,2.439033968983902
218.10756562741932,0.5182543128971635
218.11543670521172,2.1249908403299007
218.12330778300412,1.573901705938783
218.13117886079652,0.8709978659539898
218.13904993858893,1.205586914277987
218.14692101638136,0.04518772779257783
218.15479209417376,0.33748399497197396
218.16266317196616,0.3683783778358498
218.17053424975856,0.34164730699858215
218.17840532755096,0.5167602099290151
218.18627640534336,1.5136479947388077
218.19414748313577,0.30519138869584733
218.20201856092817,0.4528035025054004
218.2098896387205,0.1614108961594201
218.2177607165129,2.300058295881088
218.22563179430531,0.49838704359660696
218.23350287209772,0.37162759425932407
218.24137394989012,0.9868157743433824
218.24924502768252,0.005737513499552348
218.25711610547492,0.5778694938688895
218.26498718326732,0.03684647459438247
218.27285826105972,0.1368155643485755
218.28072933885213,0.2380838486304044
218.28860041664456,0.34160966860221187
218.29647149443696,0.017202506863041468
218.30434257222936,0.1878006872337043
218.31221365002176,1.7237622470246223
218.32008472781416,2.036576936432226
218.32795580560656,0.32504851727113443
218.33582688339897,0.5981342375994315
218.34369796119137,0.6626861620590477
218.35156903898377,0.9989973036378775
218.35944011677617,3.301689374720748
218.36731119456857,2.216426451454546
218.37518227236097,1.0103984817918652
218.38305335015335,6.029531172462873
218.39092442794575,3.1240321578258663
218.39879550573815,0.9650551676429423
218.40666658353055,0.704993885213451
218.41453766132295,0.3209804644699063
218.42240873911533,1.4156758964883385
218.43027981690776,0.5547856896270338
218.43815089470016,1.6184071308477233
218.44602197249256,2.4827546028963647
218.45389305028496,0.17493349984986387
218.46176412807736,0.13997243047049754
218.46963520586976,1.1977701005798054
218.47750628366217,1.4203746354448719
218.48537736145457,2.140788239799318
218.49324843924697,0.7779500916355593
218.50111951703937,0.14534409907700357
218.50899059483177,0.21805634080270456
218.51686167262417,0.38368119724008515
218.52473275041655,0.2943070133188177
218.53260382820895,0.5794172471385681
218.54047490600135,0.2719677337107012
218.54834598379375,0.5039165102146093
218.55621706158615,0.3337124445598344
218.56408813937855,0.15324910265367384
218.57195921717096,0.21175944442254804
218.5798302949634,0.006265959384444508
218.5877013727558,4.85267011193846e-05
218.5955724505482,0.3164494452003231
218.6034435283406,0.6550755950804868
218.611314606133,0.0007583359654753039
218.6191856839254,0.5136458642432518
218.6270567617178,0.3992213938265383
218.6349278395102,0.2333798043737931
218.64279891730257,1.5087512328751906
218.65066999509497,3.659279989551464
218.65854107288737,0.22665837479697498
218.66641215067975,0.5139087526286177
218.67428322847215,0.5100524276351177
218.68215430626455,0.15404505760848117
218.69002538405695,0.5456366056816173
218.69789646184935,0.25222855309867476
218.70576753964176,0.6882992100263358
218.71363861743416,0.6304620951944606
218.7215096952266,0.8202075088180033
218.729380773019,1.4614199172060907
218.7372518508114,0.30070317001071534
218.7451229286038,0.36043224996849144
218.7529940063962,0.23831936867258366
218.7608650841886,0.04924762454279273
218.768736161981,0.434843371812086
218.7766072397734,0.1045724570414997
218.7844783175658,0.7700578002930256
218.7923493953582,0.4773334897769055
218.8002204731506,1.2378570095432433
218.808091550943,1.0727562447185752
218.8159626287354,0.4374941768341265
218.8238337065278,0.6046250007483963
218.8317047843202,0.21865024221471577
218.8395758621126,1.9287327354559864
218.847446939905,0.7666881979627956
218.85531801769736,2.206669667729505
218.8631890954898,0.14871631416804834
218.8710601732822,0.3669783131364999
218.8789312510746,2.6339814679027453
218.886802328867,0.27132449247445894
218.8946734066594,0.432899900668752
218.9025444844518,0.753379427927916
218.9104155622442,0.8336155414537735
218.9182866400366,3.4972779749254133
218.926157717829,2.002276973650469
218.9340287956214,0.41643339223515013
218.9418998734138,0.7267239639638221
218.9497709512062,0.8350856975564943
218.9576420289986,0.11535765193757264
218.965513106791,0.6375035805697963
218.9733841845834,0.15165880350820748
218.9812552623758,0.255467165136598
218.9891263401682,0.3251469486372783
218.9969974179606,0.3992618322209647
219.00486849575304,1.6708736897024796
219.01273957354545,2.491650977686571
219.02061065133785,0.15360782282523006
219.02848172913025,1.9518748413325182
219.03635280692265,0.3082939813984357
219.04422388471505,0.9415075268457186
219.05209496250745,0.20740045765912557
219.05996604029983,0.7620012428866233
219.0678371180922,0.19944785663724043
219.0757081958846,0.07009218372520518
219.083579273677,0.02015226769194773
219.0914503514694,0.3357272661732113
219.0993214292618,0.9890639538579703
219.1071925070542,0.14094126417327266
219.1150635848466,0.773612135831863
219.122934662639,0.4873347133703331
219.1308057404314,0.8419314593844838
219.1386768182238,0.40072490904551983
219.14654789601624,0.03194588576023625
219.15441897380865,0.4517983150799831
219.16229005160105,0.6648207302658928
219.17016112939345,1.208483972548503
219.17803220718585,2.197431223349003
219.18590328497825,0.5545555251735138
219.19377436277065,0.08775220552234651
219.20164544056303,0.5239021217904284
219.20951651835543,0.6777370736260383
219.21738759614783,0.11361902025349327
219.22525867394023,0.6782851574200697
219.23312975173263,0.8399627661526139
219.24100082952503,0.6137298712029576
219.24887190731744,0.8615460681739214
219.25674298510984,0.5927351586456338
219.26461406290224,0.7765016262051117
219.27248514069464,2.6418542741854325
219.28035621848704,2.0732820710753797
219.28822729627944,0.31869145526045795
219.29609837407185,0.5232730289806216
219.30396945186425,0.6988864182662555
219.31184052965665,2.9739765872480928
219.31971160744905,0.6286077974692048
219.32758268524145,0.20300108227722682
219.33545376303385,0.3708456849914102
219.34332484082623,0.9186388070384637
219.35119591861863,0.24374357368083677
219.35906699641103,0.5936281740071612
219.36693807420343,0.14108736540987266
219.37480915199583,1.3306685712588775
219.38268022978824,1.0600683159143822
219.39055130758064,0.28241253751913403
219.39842238537304,0.5942230318192464
219.40629346316544,0.08447670331033029
219.41416454095784,0.5713051106633382
219.42203561875024,0.08980092245262965
219.42990669654264,0.22530747577388008
219.43777777433505,0.3691172859075391
219.44564885212745,2.4610843188342524
219.45351992991985,1.0913951313482058
219.46139100771225,0.7333278547118774
219.46926208550465,0.15039685874080652
219.47713316329703,0.5849712844932573
219.48500424108943,2.617927428417348
219.49287531888183,0.21098594544941704
219.50074639667423,1.5619180747870371
219.50861747446663,2.085406386744475
219.51648855225903,1.188652346188914
219.52435963005144,0.42614922253872906
219.53223070784384,0.20137671641872967
219.54010178563624,0.37539483028484827
219.54797286342864,0.2866580459388215
219.55584394122104,1.1292156181693518
219.56371501901344,2.925434267246929
219.57158609680585,1.418787767973716
219.57945717459825,2.9816956148440763
219.58732825239065,0.7363863266248347
219.59519933018305,1.122447394994261
219.60307040797545,0.8421135559782489
219.61094148576785,0.10016108857878685
219.61881256356023,1.0816481604316468
219.62668364135263,1.2269500225093661
219.63455471914503,0.6700281134547413
219.64242579693743,1.914957782835575
219.65029687472983,0.25071924202448864
219.65816795252223,0.5596863619912589
219.66603903031464,1.753918010858386
219.6739101081071,1.193227380863318
219.68178118589947,3.2497031996205297
219.68965226369187,0.32323471865765074
219.69752334148427,0.4654448627725819
219.70539441927667,0.8132329081006469
219.71326549706905,1.0483595243939579
219.72113657486145,1.7626742905356638
219.72900765265385,1.9703510487809957
219.73687873044625,0.9924904287612825
219.74474980823865,6.690184716288937
219.75262088603105,2.925736446771162
219.76049196382343,0.3812912496025333
219.76836304161583,3.982358437596653
219.77623411940823,1.3389121771517019
219.78410519720063,0.053447448030503615
219.79197627499303,0.5319117872753025
219.79984735278543,0.3471093708008363
219.80771843057784,0.4479179484667271
219.81558950837027,1.8265254049792234
219.82346058616267,0.09949715322921482
219.83133166395507,0.4186460711517232
219.83920274174747,1.9004109016986805
219.84707381953987,0.7692246938379484
219.85494489733227,0.27655136250586587
219.86281597512468,0.18531889075808608
219.87068705291708,0.07834085188136133
219.87855813070948,0.5229790794533303
219.88642920850188,1.4693589115779964
219.89430028629428,0.17836946437506007
219.90217136408668,0.8960604140433776
219.91004244187909,0.7480703460222318
219.9179135196715,0.4176741487329669
219.9257845974639,0.47428013191807267
219.93365567525623,1.6291575214329876
219.94152675304863,0.07498523609081653
219.94939783084104,0.9730228615581809
219.95726890863347,2.8719657423942224
219.96513998642587,1.827359512396927
219.97301106421827,0.8325168162832113
219.98088214201067,0.09645537221719201
219.98875321980307,1.613124312123828
219.99662429759547,0.0024699764339637573
220.00449537538788,1.5893870882223484
220.01236645318028,1.1734353538468167
220.02023753097268,1.5290380409553619
220.02810860876508,0.15922063527854072
220.03597968655748,0.26061726739955127
220.04385076434988,0.8864355201736548
220.05172184214229,0.1314307993766546
220.0595929199347,2.587009500959047
220.0674639977271,0.0861484588307616
220.0753350755195,0.4072637921570357
220.0832061533119,0.013293035192533024
220.0910772311043,0.4041141432204884
220.0989483088967,0.14608461166824913
220.1068193866891,0.21949004793280763
220.1146904644815,0.26715899328529336
220.1225615422739,0.29552741777145847
220.1304326200663,1.1120096568021591
220.1383036978587,0.025611922792739206
220.14617477565108,2.7808437412345013
220.15404585344348,2.992707707647759
220.16191693123588,0.8841747437790907
220.16978800902828,1.414949103179793
220.17765908682068,0.08048977028322653
220.18553016461308,0.3517254268825287
220.19340124240549,0.9686183856795068
220.2012723201979,1.7255477997510036
220.2091433979903,3.1129074760860624
220.2170144757827,0.5910888257840186
220.2248855535751,1.7881527959428298
220.2327566313675,1.0210921213703288
220.2406277091599,0.19877899669335422
220.2484987869523,0.06129325087242696
220.2563698647447,0.24672117831127713
220.2642409425371,1.782554270827873
220.2721120203295,0.8857773401379357
220.2799830981219,0.23098919379124
220.2878541759143,0.0038809486492681314
220.2957252537067,0.9215261761896273
220.3035963314991,1.5473610801316224
220.3114674092915,0.1511882859345801
220.3193384870839,0.02701587236173633
220.3272095648763,1.2795611776321
220.33508064266871,0.17013298649281702
220.34295172046112,0.08019449531090292
220.35082279825352,0.2656844219112835
220.35869387604592,0.25230020755593563
220.3665649538383,3.9367097402797318
220.3744360316307,0.6739144275292523
220.3823071094231,0.34298899967683827
220.3901781872155,1.2931972553939022
220.3980492650079,1.0304109368860714
220.4059203428003,0.1410688639680622
220.4137914205927,0.23049338789441648
220.4216624983851,0.654251912428666
220.4295335761775,0.20916161966521366
220.4374046539699,0.4590579147996114
220.4452757317623,0.3803143805759019
220.4531468095547,0.8641115459506143
220.4610178873471,0.14981560272927757
220.4688889651395,0.39533332120900777
220.47676004293191,0.44552358022636046
220.48463112072432,0.11966204248353125
220.49250219851672,0.482244522371294
220.50037327630912,0.06048412270511937
220.50824435410152,2.2903771659119916
220.51611543189392,0.36813271712424994
220.52398650968632,0.3013102238298765
220.53185758747875,0.2350219878627228
220.53972866527116,1.0236821201352706
220.54759974306356,3.4368061034200994
220.55547082085596,0.6907435423655764
220.56334189864836,5.141735827261244
220.57121297644076,0.6914922748799428
220.5790840542331,1.059381432408411
220.5869551320255,1.3537533728954951
220.5948262098179,1.2293409668430708
220.6026972876103,1.935379591416503
220.6105683654027,1.072438920057942
220.61843944319511,0.19323648465547916
220.62631052098752,1.5030169099052872
220.63418159877992,0.5760555740770408
220.64205267657232,0.10877477063006218
220.64992375436472,1.7587830970847922
220.65779483215712,0.9378268000939746
220.66566590994952,0.07015730950677328
220.67353698774195,0.7713638306353414
220.68140806553436,0.15333429833719692
220.68927914332676,0.7792454444443896
220.69715022111916,1.2379177777626158
220.70502129891156,1.0207575966113773
220.71289237670396,0.5938763692166837
220.72076345449636,1.181283933717924
220.72863453228877,3.1172365319276523
220.73650561008117,0.8400401760172443
220.74437668787357,0.5464413681880242
220.75224776566597,0.5445996686669794
220.76011884345837,3.198513540521069
220.76798992125077,0.3409969460607911
220.77586099904315,0.3074497801325939
220.78373207683555,0.26559295782299125
220.79160315462792,0.6962125625903353
220.79947423242032,0.5065646530305957
220.80734531021272,0.11753472301390326
220.81521638800515,0.35806893634330683
220.82308746579756,0.1236757975824706
220.83095854358996,3.5177360819425822
220.83882962138236,0.021895101492715698
220.84670069917476,0.9581964367437318
220.85457177696716,0.16209206727649936
220.86244285475956,3.517860199185487
220.87031393255197,0.4621896636134186
220.87818501034437,0.6616249619981017
220.88605608813677,0.021470579862887824
220.89392716592917,0.2781740854573154
220.90179824372157,0.5361742291044407
220.90966932151397,0.3612157985193579
220.91754039930635,0.5348523322345905
220.92541147709875,0.8389790058831116
220.93328255489115,0.8722219144259172
220.94115363268355,0.4231704102732326
220.94902471047595,0.9330859704677045
220.95689578826835,0.14898884714126717
220.9647668660608,0.2951404121740342
220.9726379438532,0.9442869319716184
220.9805090216456,0.7935012370456607
220.988380099438,1.0000262793231482
220.9962511772304,0.9103751995192506
221.0041222550228,0.22761751255100157
221.01199333281517,1.1194414861491144
221.01986441060757,0.3187226993316887
221.02773548839997,0.21616855607204097
221.03560656619237,1.3960915437140038
221.04347764398477,0.3705156861278619
221.05134872177717,1.4157549980863746
221.05921979956955,3.501529492522233
221.06709087736195,0.3770216410890605
221.07496195515435,1.704083676472835
221.08283303294675,0.2555082433388471
221.09070411073915,0.06976657546018904
221.0985751885316,1.6633095044082742
221.106446266324,0.10920615237641351
221.1143173441164,0.44249840626743153
221.1221884219088,0.6165445534367154
221.1300594997012,0.1681796866643487
221.1379305774936,0.5013268728723087
221.145801655286,0.5652077697087172
221.1536727330784,0.10883576527823846
221.1615438108708,0.45312767487319017
221.1694148886632,0.20893690397172293
221.1772859664556,1.1481806144312656
221.185157044248,0.2491235427682724
221.1930281220404,0.08520040495841667
221.2008991998328,0.563846557057848
221.2087702776252,0.09634840358709172
221.2166413554176,0.577876158937951
221.22451243320995,0.3023171076818853
221.23238351100235,1.2852350272454756
221.2402545887948,0.8830399274560364
221.2481256665872,0.12043540505063698
221.2559967443796,0.03702993886502058
221.263867822172,5.738479622427555
221.2717388999644,1.0887013030274912
221.2796099777568,0.9550203728605038
221.2874810555492,0.7983949912769411
221.2953521333416,1.1845057496785365
221.303223211134,1.675739380042633
221.3110942889264,1.7955157126729115
221.3189653667188,2.08040755643952
221.3268364445112,0.4800143017320736
221.3347075223036,3.353856538919346
221.342578600096,1.9822467318411652
221.3504496778884,2.4874884589945756
221.3583207556808,3.9100640672543845
221.3661918334732,0.7480333651655757
221.3740629112656,0.20727049759650054
221.381933989058,0.8546489931840169
221.3898050668504,2.447805122272602
221.3976761446428,1.5813238100786169
221.4055472224352,4.727234546205942
221.4134183002276,0.2387506007532676
221.42128937802,0.08941482992047341
221.4291604558124,1.4681410841405749
221.4370315336048,1.5780151588638773
221.4449026113972,0.6183079209571789
221.4527736891896,0.3300598954735638
221.460644766982,0.013632214939809737
221.4685158447744,1.6118938177644118
221.4763869225668,0.6197873023375013
221.4842580003592,0.00204694617507344
221.4921290781516,0.2488687101353215
221.500000155944,0.8059808947682622
221.5078712337364,0.4098551964644469
221.5157423115288,0.721554799688609
221.5236133893212,1.0745603960540855
221.5314844671136,0.25296242129595564
221.539355544906,1.5734517530773742
221.5472266226984,0.6434129038732381
221.5550977004908,0.6418927705861747
221.5629687782832,0.09256873961032457
221.5708398560756,0.04738917021217515
221.578710933868,0.23667451257469557
221.5865820116604,0.4051533609957519
221.5944530894528,1.2111722401621086
221.6023241672452,1.846314049853916
221.6101952450376,0.28694884365217355
221.61806632283,1.5881373983228453
221.6259374006224,1.9983192207279583
221.6338084784148,1.1704355275569496
221.6416795562072,1.9331813541591372
221.6495506339996,0.06627392780816106
221.657421711792,0.4777290382016323
221.6652927895844,0.20848062285813765
221.6731638673768,1.337075230454038
221.6810349451692,0.4385387038199819
221.6889060229616,0.36204574071239154
221.696777100754,2.397405765191648
221.7046481785464,0.14253485989745115
221.7125192563388,0.8538358419860141
221.7203903341312,0.2282476613589666
221.7282614119236,0.10480924752467981
221.736132489716,0.1773253147705307
221.7440035675084,0.32124380063841534
221.7518746453008,1.067800993184505
221.7597457230932,2.74439521764706
221.7676168008856,1.1112075225508955
221.775487878678,0.025760118596070292
221.7833589564704,0.6704227695880759
221.7912300342628,1.8944268853281234
221.7991011120552,0.4523858098101729
221.8069721898476,1.5802714052283173
221.81484326764,0.4305515634582104
221.8227143454324,0.7713757344768727
221.8305854232248,4.522749325353387
221.8384565010172,1.0220981650141239
221.8463275788096,2.3061481307334772
221.854198656602,1.3622464810082207
221.8620697343944,2.2713797606466337
221.8699408121868,0.13035604371917134
221.8778118899792,0.4519983601578272
221.8856829677716,2.4776690297762993
221.893554045564,0.9457416628083801
221.9014251233564,0.7723399197110287
221.9092962011488,4.732322991417312
221.9171672789412,1.215215398596631
221.9250383567336,2.1461963504476804
221.932909434526,0.6055202587844503
221.9407805123184,0.705421229681147
221.9486515901108,0.021518575124893292
221.9565226679032,2.212568558727332
221.9643937456956,0.2551590990837427
221.972264823488,1.17455507425987
221.9801359012804,0.9373464574488194
221.9880069790728,0.45862725916076896
221.9958780568652,0.2965731120407979
222.0037491346576,1.5039142839021198
222.01162021245003,0.2997444176458605
222.01949129024243,0.6342934448625777
222.02736236803483,0.25738752813575
222.03523344582723,0.3181506508997902
222.04310452361963,1.4804262747417638
222.05097560141203,1.4058381655907766
222.05884667920444,0.06829613796072787
222.06671775699684,0.7311092080704986
222.07458883478924,0.634234043944189
222.0824599125816,1.460467217190508
222.090330990374,1.1247723847344273
222.0982020681664,1.967093607198267
222.1060731459588,0.6927814530069635
222.1139442237512,1.9405959257139136
222.1218153015436,0.15382073471242133
222.129686379336,0.27695539155165233
222.1375574571284,2.149666916283956
222.1454285349208,0.8322044655237621
222.15329961271323,0.25853306641117585
222.16117069050563,1.35757289771989
222.16904176829803,0.41283767920586684
222.17691284609043,1.9919206965107072
222.18478392388283,0.28796205248104034
222.19265500167523,0.0811938575427954
222.20052607946764,1.3553777289832674
222.20839715726004,0.18364423709486283
222.21626823505244,0.05062597366291592
222.22413931284484,0.3912286016193136
222.23201039063724,1.1028570629757521
222.23988146842964,0.4961705762437939
222.24775254622205,0.8004783963567541
222.25562362401445,0.01963160378376287
222.26349470180685,0.6965465890536774
222.27136577959925,0.36321244131868535
222.27923685739165,0.7517441783746944
222.28710793518405,0.48871178675434784
222.29497901297648,2.957756533582078
222.30285009076883,1.6707417859728826
222.31072116856123,3.30005775281328
222.31859224635363,2.355719333368343
222.32646332414603,0.3583678541586398
222.33433440193843,0.4746768518072879
222.34220547973084,0.6656432126155838
222.35007655752324,1.321075143552812
222.35794763531564,0.1453342152185101
222.36581871310804,0.5284929986490141
222.37368979090044,0.650682726149336
222.38156086869284,0.2819714235162084
222.38943194648525,1.9937417573391116
222.39730302427765,0.5507811374402193
222.40517410207005,0.3543712604573574
222.41304517986245,3.312397034144731
222.42091625765485,0.9464498266726258
222.42878733544725,0.238187660428463
222.43665841323968,2.1831265461500444
222.44452949103209,0.017262237033419055
222.4524005688245,0.1446177026386807
222.4602716466169,3.339654786166461
222.4681427244093,0.2799957044776294
222.4760138022017,0.8013863055341562
222.4838848799941,0.1549279502400497
222.49175595778647,0.3464646131272225
222.49962703557887,0.778630854706599
222.50749811337127,0.670429239173396
222.51536919116364,1.1120556486124507
222.52324026895604,0.4246028813951002
222.53111134674845,1.0948660576817966
222.53898242454085,0.7757431219103573
222.54685350233325,0.14247587775679474
222.55472458012565,1.0002757654402417
222.56259565791805,1.1827105165513507
222.57046673571045,0.15408532751966125
222.57833781350288,1.8016625149129395
222.58620889129529,0.8603871132785552
222.5940799690877,0.36362549349015205
222.6019510468801,0.5032422590304285
222.6098221246725,1.909554170075043
222.6176932024649,0.03894261827076685
222.6255642802573,2.062798636951698
222.63343535804967,0.148851996775989
222.64130643584207,0.9748308403337557
222.64917751363447,0.5877349290356392
222.65704859142687,0.09148962736151756
222.66491966921927,1.0750523706664785
222.67279074701167,0.21843415167408664
222.68066182480408,0.007756793387045406
222.68853290259648,1.225380126002414
222.69640398038888,0.010138314671733355
222.70427505818128,0.5899221180974243
222.71214613597368,0.3667005726509809
222.72001721376608,0.0738910986871411
222.7278882915585,0.6543983907526134
222.7357593693509,0.5301634840082393
222.7436304471433,0.5272178761548831
222.7515015249357,1.6856016679978671
222.7593726027281,0.1007833456225475
222.7672436805205,0.2573147213205491
222.77511475831287,0.008607038828102138
222.78298583610527,0.9588170025291048
222.79085691389767,0.11311224188801218
222.79872799169007,0.3579825999597033
222.80659906948247,0.4254375745261498
222.81447014727487,0.11305247454949298
222.82234122506728,1.234659576740132
222.83021230285968,0.19233011081716264
222.83808338065208,0.3297584456532416
222.84595445844448,2.0333314664985873
222.85382553623688,0.04761011374235345
222.86169661402928,0.21269515827080676
222.8695676918217,0.9822141559059333
222.8774387696141,0.7639678599629114
222.8853098474065,0.21480303994529282
222.8931809251989,0.6305011541363448
222.9010520029913,1.9998381246454981
222.9089230807837,4.02095617218842
222.9167941585761,0.6458867225639534
222.9246652363685,0.045508025396959494
222.9325363141609,0.7129330427435525
222.9404073919533,0.2599991976371643
222.94827846974567,0.4417312623937758
222.95614954753808,0.35981555162312595
222.96402062533048,0.6154715638470779
222.97189170312288,0.10795652831540342
222.97976278091528,0.04295239030053762
222.98763385870768,0.8050135816807419
222.99550493650008,0.16246671913360822
223.00337601429248,0.8390387220791621
223.0112470920849,0.6762656439627083
223.0191181698773,1.0162424988382477
223.0269892476697,0.45252682993126564
223.0348603254621,0.16048418709110807
223.0427314032545,0.22029020077032027
223.0506024810469,0.753344700340701
223.0584735588393,1.905078809626434
223.0663446366317,0.8180223695747767
223.0742157144241,0.37556546984620365
223.0820867922165,2.3240112791313554
223.0899578700089,0.020981307586540907
223.0978289478013,0.6684484979736972
223.1057000255937,0.07281494942255859
223.1135711033861,1.4485596420655942
223.1214421811785,0.24951050201193903
223.1293132589709,0.5355816871682276
223.1371843367633,1.1443254097907756
223.1450554145557,0.3920292812591707
223.1529264923481,0.05573674696684552
223.1607975701405,0.10842309588360263
223.1686686479329,0.17847868432947875
223.1765397257253,1.4344448938131067
223.1844108035177,0.2175759885843452
223.1922818813101,0.8202845691835589
223.2001529591025,0.5387611917495944
223.2080240368949,0.537166662668955
223.2158951146873,0.39401829808559496
223.2237661924797,0.16235354631402163
223.2316372702721,0.21584841622781542
223.2395083480645,0.009358241051317091
223.2473794258569,1.4076504789769326
223.2552505036493,2.374523206183333
223.2631215814417,0.057503233800435774
223.2709926592341,0.6236180571428754
223.2788637370265,0.07291457882869028
223.2867348148189,1.067135326511286
223.2946058926113,0.19843849734128452
223.3024769704037,0.577198533658134
223.3103480481961,0.9844654022778233
223.3182191259885,1.5489367341220104
223.3260902037809,0.2713860421769985
223.33396128157327,1.0519501892963332
223.34183235936567,1.8513155894957056
223.34970343715813,0.18040707966490374
223.35757451495053,1.3432163684488736
223.36544559274293,2.1198190498466656
223.3733166705353,1.4849202181963608
223.3811877483277,0.09775776301822778
223.3890588261201,2.9857767345783612
223.3969299039125,0.3164112892873989
223.4048009817049,2.773960477062475
223.4126720594973,0.7974375701251957
223.4205431372897,0.3025374496286572
223.4284142150821,7.456553382709897
223.4362852928745,0.04388555943893699
223.4441563706669,2.4768135190042457
223.4520274484593,3.051708722022635
223.4598985262517,1.5443181665714127
223.4677696040441,0.47978386784878546
223.47564068183647,1.846621642429965
223.48351175962893,2.2953420440329726
223.49138283742133,0.44403649764359665
223.49925391521373,0.03472547540184211
223.50712499300613,0.07943074769345865
223.51499607079853,0.15641658697167998
223.52286714859093,0.048316659395446104
223.5307382263833,0.5015255039107132
223.5386093041757,0.5431359439891207
223.5464803819681,2.6922080435872333
223.5543514597605,0.6813055800940748
223.5622225375529,0.7142805832187384
223.57009361534531,0.22726784208882714
223.57796469313772,0.5029990540460774
223.58583577093012,1.8940439901776907
223.5937068487225,1.4395861750429655
223.6015779265149,0.20179757248396518
223.6094490043073,0.01371865931236729
223.61732008209967,5.773987265959255
223.62519115989213,0.5881727593661521
223.63306223768453,0.5581560586879014
223.64093331547693,0.9141301158344964
223.64880439326933,2.5319791975189636
223.65667547106173,0.4506299834723334
223.66454654885413,0.13829033283533582
223.6724176266465,1.3598425300066952
223.6802887044389,0.5253758615954395
223.6881597822313,1.1955301167290906
223.6960308600237,0.8274187999701499
223.7039019378161,1.0232383537110266
223.71177301560851,2.4940349838643985
223.71964409340092,4.816227890194726
223.72751517119332,0.35859065321718686
223.73538624898572,0.3666840864374325
223.74325732677812,0.35447256579796615
223.75112840457052,0.40032447192307774
223.75899948236292,0.4945209665996629
223.76687056015533,1.1300877234781601
223.77474163794776,0.3452668838535709
223.78261271574016,1.376891962557597
223.79048379353256,0.19817021478099942
223.79835487132496,2.461647805135113
223.80622594911733,0.28296549332038706
223.8140970269097,0.1690990023301443
223.8219681047021,0.8838263628002211
223.8298391824945,0.24114765413919034
223.8377102602869,0.9479927663729032
223.8455813380793,2.299503410031413
223.85345241587171,0.6970953523835144
223.86132349366412,0.7407207124650621
223.86919457145652,0.1544808790266335
223.87706564924892,1.7672901057183927
223.88493672704132,0.32812019547106197
223.89280780483372,0.10920188144910706
223.90067888262612,0.2864844561871497
223.90854996041853,0.12514247904531756
223.91642103821096,0.0429254754971766
223.92429211600336,0.1348138758442245
223.93216319379576,0.3718921045994311
223.94003427158816,1.0477158543836715
223.94790534938056,0.541703165664648
223.95577642717296,0.08651716933350408
223.96364750496537,1.2163190786560711
223.97151858275777,0.01644610310873212
223.97938966055017,0.6384951008103817
223.98726073834257,0.7616115045549647
223.99513181613497,0.8535017770781125
224.00300289392737,0.16593517507440206
224.01087397171975,0.2526003027508398
224.01874504951215,0.6469904364548196
224.02661612730452,0.6100206859698432
224.03448720509692,0.40644626836043546
224.04235828288932,1.3870901601405683
224.05022936068173,0.052262256469720124
224.05810043847416,3.3158569935174333
224.06597151626656,0.6078472885548915
224.07384259405896,0.7387777322481791
224.08171367185136,0.9525959340931933
224.08958474964376,0.5361719324169565
224.09745582743616,0.23566309898053792
224.10532690522857,0.7634747465702562
224.11319798302097,1.9621196341841691
224.12106906081337,0.21379592551519594
224.12894013860577,0.09893022147413075
224.13681121639817,2.1149054302387778
224.14468229419057,0.8496041578236173
224.15255337198295,0.10147687146314413
224.16042444977535,0.33688986617389305
224.16829552756775,0.17912808155996304
224.17616660536015,3.6507410616505984
224.18403768315255,0.238712201244579
224.19190876094495,0.7520064183653233
224.19977983873736,2.3528611302246243
224.2076509165298,0.07984388533687319
224.2155219943222,0.644065854295667
224.2233930721146,1.0563356600098215
224.231264149907,0.3742297212344888
224.23913522769936,0.07224225954395902
224.24700630549177,0.6530714406017752
224.25487738328417,0.03220439013412282
224.26274846107657,1.245866565503286
224.27061953886897,0.3152838394491165
224.27849061666137,0.5882701835789523
224.28636169445377,2.1972729096477903
224.29423277224615,0.44814635779492773
224.30210385003855,1.6646875745936027
224.30997492783095,0.25071431977401026
224.31784600562335,1.3409731444415567
224.32571708341575,2.096432431429968
224.33358816120816,1.7568525592114483
224.34145923900056,0.10877335942768201
224.349330316793,0.9060774454690357
224.3572013945854,1.465411448054088
224.3650724723778,1.6921749991425894
224.3729435501702,3.1735838126181033
224.3808146279626,0.9223297117996545
224.388685705755,0.8945507571082739
224.3965567835474,0.4105772311206037
224.4044278613398,0.23527953466290058
224.4122989391322,0.6360004877403507
224.4201700169246,0.6158541752847269
224.428041094717,0.20387319860998115
224.4359121725094,0.995215178384061
224.4437832503018,0.1278249676808886
224.45165432809415,1.4480651136802578
224.45952540588655,0.8400952217707337
224.46739648367895,0.4109504333596633
224.47526756147136,0.13663795628110326
224.48313863926376,1.9374706256692915
224.4910097170562,0.17841252039538705
224.4988807948486,1.4379858621284087
224.506751872641,0.6942589614849523
224.5146229504334,0.048343180407534644
224.5224940282258,1.1617270633620236
224.5303651060182,0.641222814605885
224.5382361838106,1.9834765424773375
224.546107261603,1.659568409461623
224.5539783393954,0.03983616543117774
224.5618494171878,0.31548951849274054
224.5697204949802,0.5353035185562857
224.5775915727726,1.9690820489311192
224.585462650565,0.47073505214186373
224.5933337283574,1.4469266301423234
224.6012048061498,0.8277746993804523
224.6090758839422,0.2921064508570288
224.6169469617346,0.4301417753708908
224.624818039527,0.6083013103085403
224.63268911731944,0.0732045598893517
224.64056019511185,0.21548584759525358
224.64843127290425,0.25269918249823137
224.65630235069665,1.0961645828191484
224.66417342848905,0.15936503607896751
224.6720445062814,0.04702832870197518
224.6799155840738,0.5760579724654894
224.6877866618662,1.401600278694576
224.6956577396586,0.10738341272567603
224.703528817451,1.6212250994434563
224.7113998952434,0.9672562625234062
224.7192709730358,0.45528693755184957
224.7271420508282,0.2992156936101494
224.7350131286206,0.009450121760180254
224.742884206413,0.47544947785196773
224.7507552842054,0.4173351390773609
224.7586263619978,0.10721603332331898
224.7664974397902,2.0080824652789326
224.77436851758264,1.3459953314171444
224.78223959537505,0.16463677508495803
224.79011067316745,0.476274476079657
224.79798175095985,0.08850155308757887
224.80585282875225,2.3702523388127803
224.81372390654465,0.15354789178145972
224.82159498433705,1.9525980179042417
224.82946606212943,0.7294703012825576
224.83733713992183,0.046997949700938305
224.84520821771423,0.2305107483684759
224.85307929550663,0.3219089874344739
224.86095037329903,0.17917616534715247
224.86882145109143,0.8549035216128618
224.87669252888384,0.9482459142925135
224.8845636066762,0.1116987839241169
224.8924346844686,0.6201607723660307
224.900305762261,0.3392119425676457
224.9081768400534,0.033331219095133494
224.91604791784584,0.8634861547741961
224.92391899563825,0.704869767425441
224.93179007343065,0.9274496515414193
224.93966115122305,2.0948821736852983
224.94753222901545,0.3513654142290917
224.95540330680785,0.002730580044691451
224.96327438460025,0.4374923070564248
224.97114546239263,0.5563959162369454
224.97901654018503,0.3704987893940526
224.98688761797743,2.8169755826663416
224.99475869576983,2.9791407434674326
225.00262977356223,0.47242517746767204
225.01050085135464,0.646460736984324
225.01837192914704,1.4619890347003712
225.02624300693944,0.8488781662394073
225.03411408473184,1.0170435858474929
225.04198516252424,0.4469481086483847
225.04985624031664,0.17424578415561598
225.05772731810904,0.8800727782051283
225.06559839590145,0.08825997747123485
225.07346947369385,0.307763327984147
225.08134055148625,2.0015994942855984
225.08921162927865,0.4576506907105145
225.09708270707105,0.44309372337924596
225.10495378486343,1.5169531135413479
225.11282486265583,1.1527265448993953
225.12069594044823,1.156152501700212
225.12856701824063,1.9680803094206927
225.13643809603303,1.4875638247569052
225.14430917382543,0.3527011841234475
225.15218025161784,0.058782701614910705
225.16005132941024,0.12454163462504646
225.16792240720264,1.1419048437254988
225.17579348499504,1.1366226688428263
225.18366456278744,1.8731410880828134
225.19153564057984,1.1128106575212813
225.19940671837224,0.47292083040764765
225.20727779616465,0.41893736224102146
225.21514887395705,1.4964127421627287
225.22301995174945,0.6973740478476095
225.23089102954185,0.11090051791141099
225.23876210733425,1.4763050391047081
225.24663318512663,1.3249231992524753
225.25450426291903,0.48350083835131324
225.26237534071143,0.9317500908697695
225.27024641850383,0.03890289077170598
225.27811749629623,0.8619995789601919
225.28598857408863,0.06104519397110808
225.29385965188104,2.4324266352509025
225.3017307296735,5.555694575312821
225.30960180746587,0.5479178163721393
225.31747288525824,0.13456392683246948
225.32534396305064,0.16124097661093514
225.33321504084304,1.7112658598341417
225.34108611863545,1.810615998277095
225.34895719642785,0.16472626043264205
225.35682827422025,0.22993011364537166
225.36469935201265,0.9455519206718876
225.37257042980505,0.7329549431443838
225.38044150759745,0.1510189370292525
225.38831258538983,0.5657530026775062
225.39618366318223,0.4621963355643135
225.40405474097463,1.2323005983131083
225.41192581876703,0.044356867529178244
225.41979689655943,0.1057307156419965
225.42766797435183,0.3933007569907296
225.43553905214424,1.6843904272667438
225.44341012993667,0.6248510520541862
225.45128120772907,0.16846807782679946
225.45915228552147,0.6345809119452734
225.46702336331387,2.043330516088702
225.47489444110627,0.1265852248455985
225.48276551889867,0.36587939048740786
225.49063659669108,0.26152224830492277
225.49850767448348,1.222510758125027
225.50637875227588,0.31595639411344106
225.51424983006828,0.10358238687685818
225.52212090786068,0.03679530399626344
225.52999198565303,0.6868869911852027
225.53786306344543,0.3824556394680406
225.54573414123783,0.7105516352171812
225.55360521903023,1.1628473261871344
225.56147629682263,0.9363839011423781
225.56934737461503,0.5614857506220298
225.57721845240744,0.5807331003341838
225.58508953019987,2.4761152340225747
225.59296060799227,0.6468567103397029
225.60083168578467,1.9159985596115963
225.60870276357707,1.5501129130873232
225.61657384136947,0.00991703625233341
225.62444491916187,0.9479292897798811
225.63231599695428,0.7380463618990045
225.64018707474668,2.382438702783713
225.64805815253908,0.21527004447856443
225.65592923033148,0.9686022743031117
225.66380030812388,0.027497107535334946
225.67167138591628,0.7547558487846289
225.67954246370869,0.1452623094105846
225.6874135415011,0.8632623327019716
225.6952846192935,1.4005289192819446
225.7031556970859,1.1934475919206031
225.7110267748783,2.41714685845659
225.7188978526707,0.25349014399263625
225.7267689304631,0.21680786102937652
225.7346400082555,1.7265089340493822
225.74251108604787,0.5653560957284951
225.75038216384027,0.32136498782314477
225.75825324163267,0.1698440509848633
225.76612431942507,1.4752211727494724
225.77399539721748,1.0096700706589283
225.78186647500988,1.733100090166367
225.78973755280228,1.1071224707121912
225.79760863059468,0.7260274746056435
225.80547970838708,0.6365073114163474
225.81335078617948,0.7723777330238585
225.82122186397189,0.004876771672053944
225.8290929417643,2.2033683976780667
225.8369640195567,2.989477246011455
225.8448350973491,1.0049026971111639
225.8527061751415,0.7801506317644493
225.8605772529339,0.12481898953888482
225.8684483307263,0.4183617617502407
225.8763194085187,0.733042188195428
225.8841904863111,0.7428186076013698
225.8920615641035,2.6715582511647
225.8999326418959,0.7295912388999629
225.9078037196883,1.3976082579303268
225.9156747974807,0.7804522390427022
225.9235458752731,0.5353167853329149
225.9314169530655,0.02545284494205052
225.9392880308579,0.597515342049251
225.9471591086503,0.3876918565989944
225.9550301864427,1.411832769931649
225.9629012642351,0.8732359364709347
225.9707723420275,1.6816439449151623
225.9786434198199,3.1991048614208566
225.9865144976123,1.6396420667139928
225.9943855754047,1.5069172433279479
226.0022566531971,1.7199605572129055
226.0101277309895,0.9234847536226297
226.0179988087819,0.1316773325249887
226.0258698865743,2.5977670972032882
226.0337409643667,3.1274192709180686
226.0416120421591,0.2477967483713418
226.0494831199515,1.2181069835088014
226.0573541977439,0.051657299492445775
226.0652252755363,0.6290259945825841
226.0730963533287,0.24235462211587544
226.0809674311211,1.3811353929463774
226.0888385089135,0.1651913848008799
226.0967095867059,0.4846698203064453
226.10458066449831,0.39680406781757577
226.11245174229072,1.2826486852035566
226.12032282008312,1.876388579392954
226.12819389787552,1.7975504479397142
226.13606497566792,0.32271281503652915
226.14393605346032,0.11389265963754251
226.15180713125272,0.9486327794253185
226.15967820904515,1.2431727239012769
226.16754928683756,1.4016549415356394
226.1754203646299,0.8278960357573308
226.1832914424223,0.14989959295609165
226.1911625202147,0.8618182437929858
226.1990335980071,5.521926404785688
226.2069046757995,0.6208396662693524
226.2147757535919,0.9306403884964715
226.2226468313843,0.3009877361868565
226.2305179091767,1.1541133625382718
226.2383889869691,1.3773048866648796
226.24626006476151,0.14570147394593047
226.25413114255392,2.6022187864139723
226.26200222034632,1.889823291449697
226.26987329813872,0.12794783583146999
226.27774437593112,2.39633045889725
226.28561545372352,0.8456739621449062
226.29348653151592,0.5253220970931736
226.30135760930835,0.03541887074031743
226.30922868710076,0.12627509878064425
226.31709976489316,1.5812451424606966
226.32497084268556,0.2572313919629905
226.33284192047796,1.0696575739364973
226.34071299827036,0.5028366200328792
226.34858407606276,0.6696175813963403
226.35645515385517,0.50093552522498
226.36432623164757,0.5507794071109338
226.37219730943997,1.583102830901147
226.38006838723237,1.0256550375208
226.38793946502471,0.028389627709064346
226.39581054281712,0.007159562903395354
226.40368162060952,0.4324942898996153
226.41155269840192,0.545340819470737
226.41942377619432,0.23737548867435715
226.42729485398672,1.1100084434455273
226.43516593177912,0.30219166152922483
226.44303700957155,2.377670728621457
226.45090808736396,2.5657763883422944
226.45877916515636,0.12743043035530718
226.46665024294876,1.3137655129900685
226.47452132074116,0.5930094759537623
226.48239239853356,3.572677653117074
226.49026347632596,0.12288517380082477
226.49813455411837,1.3789618783999775
226.50600563191077,0.24353631582657093
226.51387670970317,0.09789606783947692
226.52174778749557,0.3581877973333808
226.52961886528797,0.2727216807096621
226.53748994308037,0.07595889814190002
226.54536102087275,0.9048564386711788
226.55323209866515,0.37137104202509963
226.56110317645755,1.0722399855570541
226.56897425424995,0.06478665450940925
226.57684533204235,0.3694890747769834
226.58471640983475,0.46205351737475914
226.5925874876272,1.2923260402247017
226.6004585654196,0.9248758331657547
226.60832964321196,0.09779913627967855
226.61620072100436,1.2730681513022726
226.62407179879676,0.9036921241648439
226.63194287658916,0.05084531517729433
226.63981395438157,0.6707982411004142
226.64768503217397,0.0850343326424002
226.65555610996637,3.826656231153166
226.66342718775877,0.7383052663016427
226.67129826555117,0.0439000382916888
226.67916934334357,1.8615767962436398
226.68704042113595,0.2083257127339576
226.69491149892835,0.994650873354713
226.70278257672075,0.44215229022455754
226.71065365451315,0.3202439753678479
226.71852473230555,1.2767227995438002
226.726395810098,1.6540450094433399
226.7342668878904,1.0557406025873801
226.7421379656828,0.26324461129312765
226.7500090434752,0.2880177749432442
226.7578801212676,0.24285850012378826
226.76575119906,0.5060335649940523
226.7736222768524,1.3788674121427742
226.7814933546448,0.10213035548321958
226.7893644324372,1.1887379642889653
226.7972355102296,0.6661127727177969
226.805106588022,0.5438606529363333
226.8129776658144,0.8584099175334753
226.82084874360677,0.3316955798226975
226.82871982139915,3.98093871946995
226.83659089919155,0.7064365779275181
226.84446197698395,1.0139296042684585
226.85233305477635,0.3126697742038703
226.86020413256875,0.8804352090411174
226.8680752103612,0.46831294588243566
226.8759462881536,0.0859237158146825
226.883817365946,0.470835590022043
226.8916884437384,0.33490492200201144
226.8995595215308,0.468811360295813
226.9074305993232,0.2730750021197485
226.9153016771156,0.1030383125162456
226.923172754908,0.20701991247933635
226.9310438327004,0.36250294262400473
226.9389149104928,1.205967190237529
226.9467859882852,0.36257330108711955
226.9546570660776,0.000114349079301355
226.96252814387,1.353600889998059
226.9703992216624,2.5044353412182336
226.9782702994548,1.3800433782688595
226.9861413772472,0.9467395188187386
226.9940124550396,1.1284319960691938
227.001883532832,2.3335167624594435
227.0097546106244,0.10474003736120407
227.0176256884168,0.10091485648866944
227.0254967662092,0.6704865129132246
227.0333678440016,1.6441269008596637
227.041238921794,0.1457794614635535
227.0491099995864,0.11719144041014035
227.0569810773788,0.05917194436974219
227.0648521551712,2.4198199102229703
227.0727232329636,0.1663741487329952
227.080594310756,0.4848513496867985
227.0884653885484,0.8596987991083258
227.0963364663408,0.6642615681473308
227.1042075441332,1.9688365016558
227.1120786219256,0.5571687512240717
227.119949699718,0.026786636840918285
227.1278207775104,0.217148713970614
227.1356918553028,0.6164026875066884
227.1435629330952,1.5144159563702484
227.1514340108876,0.15918380016276776
227.15930508868,1.2049287919194416
227.1671761664724,1.5423456024900666
227.1750472442648,5.496200228769318
227.1829183220572,0.6216531849828917
227.1907893998496,0.11389768850317333
227.198660477642,2.6320841047289614
227.2065315554344,0.19347325434565232
227.2144026332268,2.2402404975559183
227.2222737110192,6.146553452245647
227.2301447888116,0.04754483490750869
227.238015866604,2.8147008994727796
227.2458869443964,0.3445702020314538
227.2537580221888,0.9780533607290743
227.2616290999812,0.1099647239109746
227.2695001777736,0.329330825222861
227.277371255566,0.7027074008395492
227.2852423333584,0.24919075195700824
227.2931134111508,0.9892459513497852
227.3009844889432,1.2244763157957477
227.3088555667356,0.04781885888986073
227.316726644528,0.23584572612999744
227.3245977223204,0.005358263909481652
227.3324688001128,1.3412904733320874
227.3403398779052,0.3846930859407218
227.3482109556976,0.5332671250245986
227.35608203349,0.8544854871504909
227.3639531112824,1.7805118685630503
227.3718241890748,0.3067639443542202
227.3796952668672,0.5250993839006477
227.3875663446596,0.15274626300153316
227.395437422452,0.7327838390163158
227.4033085002444,0.009738236088568244
227.4111795780368,0.2916881786917105
227.4190506558292,0.055124290935314776
227.4269217336216,0.027877894086062213
227.434792811414,0.14584201381591472
227.4426638892064,0.0752366632755455
227.4505349669988,0.1433654712621111
227.4584060447912,0.3192373199755601
227.4662771225836,0.31902740787147343
227.474148200376,0.23895536502802736
227.4820192781684,0.021703327432001623
227.4898903559608,1.3141805033226661
227.4977614337532,1.8811694393396452
227.5056325115456,1.3456698108879828
227.513503589338,0.670540661242471
227.5213746671304,0.37155478899955713
227.5292457449228,0.27027658039202745
227.5371168227152,0.10162515007835544
227.5449879005076,0.21101000660162447
227.5528589783,1.9431864324498778
227.5607300560924,0.2898038768918828
227.5686011338848,0.000870744329155222
227.5764722116772,1.435651851362767
227.5843432894696,0.2526284242847887
227.592214367262,1.054899283810206
227.6000854450544,4.666372696562805
227.6079565228468,0.35884107163961515
227.6158276006392,0.10592524010520864
227.6236986784316,0.698139908132972
227.631569756224,2.129074451360803
227.63944083401643,1.5797440507489668
227.64731191180883,0.10734693201939388
227.65518298960123,0.040558138747101735
227.66305406739363,0.8166182923390239
227.67092514518603,2.3294402303278763
227.67879622297843,0.8623426542169438
227.6866673007708,2.115667102005746
227.6945383785632,0.35957428259008645
227.7024094563556,0.6826745606641448
227.710280534148,1.5942313733258826
227.7181516119404,0.3481958167575638
227.7260226897328,0.018810131534142994
227.7338937675252,0.2518747797120465
227.7417648453176,2.253500919914455
227.74963592311,1.249669071332656
227.7575070009024,0.2585872536428407
227.7653780786948,0.2553358998874388
227.7732491564872,0.020821528717381865
227.78112023427963,0.23201408209678684
227.78899131207203,1.2055707577166803
227.79686238986443,1.6385808099039658
227.80473346765683,0.6652431687229918
227.81260454544923,0.9394700580275405
227.82047562324163,0.13720045460143626
227.82834670103404,0.20247923298858259
227.83621777882644,0.1683995193892047
227.84408885661884,0.6356496733037919
227.85195993441124,0.20336202667505174
227.85983101220364,0.1758156203116301
227.86770208999604,0.35256419437046993
227.87557316778845,0.1594837263285911
227.88344424558085,0.3007558986564236
227.89131532337325,1.2127670354200115
227.8991864011656,1.361551049873243
227.907057478958,1.2934233912914084
227.91492855675045,2.0358048556153427
227.92279963454283,1.4502863704539661
227.93067071233523,0.03770030202768696
227.93854179012763,1.27640294306457
227.94641286792003,1.1602171123230394
227.95428394571243,0.6803161791140214
227.96215502350483,1.04446624020624
227.97002610129724,0.1813078163002183
227.97789717908964,0.0912100969309923
227.98576825688204,1.3799528108934096
227.99363933467444,0.8332413878790396
228.00151041246684,1.0493689101072738
228.00938149025924,0.08265945404089971
228.01725256805165,0.06412555373516142
228.02512364584405,0.8402636255277985
228.03299472363645,1.2428538223215995
228.04086580142885,0.4752545075222993
228.04873687922125,0.4597045911755289
228.05660795701365,0.7751618812727311
228.06447903480608,0.12012916679562312
228.07235011259849,2.9584096215074993
228.0802211903909,0.5998673267676901
228.0880922681833,0.009338319776639833
228.0959633459757,0.8353968756478957
228.1038344237681,4.094512428460118
228.11170550156044,0.011081032694553995
228.11957657935284,0.04527234496357
228.12744765714524,0.710470600407939
228.13531873493764,0.05353817181863079
228.14318981273004,1.3550063906517171
228.15106089052244,0.690930181319724
228.15893196831485,0.6976224139532877
228.16680304610725,0.475181946322791
228.17467412389965,0.33756533985056947
228.18254520169205,2.5215783896442105
228.19041627948445,0.7687991509620661
228.19828735727685,1.4659404957384607
228.20615843506928,0.48783480419579806
228.21402951286169,0.23408342077300975
228.2219005906541,0.08215277176825281
228.2297716684465,0.00902851053677123
228.2376427462389,0.8357963579025386
228.2455138240313,0.014947308709049823
228.2533849018237,1.936467516836582
228.26125597961607,0.526436001487803
228.26912705740847,0.058074683448565194
228.27699813520087,1.2194405357906672
228.28486921299327,1.1713344313884717
228.29274029078567,0.41598225848535797
228.30061136857807,0.6375871420761412
228.30848244637048,0.2831385324667985
228.31635352416288,0.04368406104109632
228.32422460195528,0.4249163000927014
228.33209567974765,0.32824615214930897
228.33996675754003,0.2884524728046852
228.34783783533248,0.7170618661217724
228.3557089131249,0.9187854361731439
228.3635799909173,0.5868969410104772
228.3714510687097,1.1870136161016336
228.3793221465021,1.3760263905877153
228.3871932242945,1.291386190264058
228.3950643020869,0.5529183628758334
228.40293537987927,0.6724339420037351
228.41080645767167,2.396956290374877
228.41867753546407,0.6915264721375823
228.42654861325647,0.03340915041640142
228.43441969104887,0.23342244688302893
228.44229076884127,0.5293579652247586
228.45016184663368,0.9311901403987446
228.45803292442608,1.6084056271811706
228.46590400221848,0.368869191913969
228.47377508001088,1.271744539270164
228.48164615780328,0.443132323562062
228.48951723559568,0.9250325780560473
228.4973883133881,2.0374082515479737
228.5052593911805,1.1567040769769785
228.5131304689729,0.4424902412057405
228.5210015467653,0.6912178837523674
228.5288726245577,1.0982634851168052
228.5367437023501,0.3386322979195793
228.54461478014247,0.07752422511516503
228.55248585793487,1.7735516671513825
228.56035693572727,0.4092490634158483
228.56822801351967,0.43689971157044455
228.57609909131207,0.23625199343573253
228.58397016910448,0.15397719305669325
228.59184124689688,1.0245996462259377
228.59971232468928,1.5644753430304343
228.60758340248168,0.5439680961945258
228.61545448027408,0.3368704986131633
228.62332555806648,0.15367483112982447
228.63119663585888,0.8519919091267126
228.6390677136513,0.10465098584698818
228.6469387914437,1.5979022403774708
228.6548098692361,0.05307135569369567
228.6626809470285,0.20799984226082974
228.6705520248209,0.34799731237207643
228.6784231026133,0.16177786616469678
228.6862941804057,0.053084358051482365
228.6941652581981,3.6437962844352243
228.7020363359905,0.1719013196165553
228.7099074137829,0.12260876541234572
228.7177784915753,0.23340914431927628
228.7256495693677,0.34628487910897576
228.7335206471601,2.3384586692192033
228.7413917249525,1.2860694605470238
228.7492628027449,0.0231178146033874
228.75713388053728,1.8445765316800402
228.76500495832968,1.4240942930129492
228.77287603612208,0.2634041124350518
228.7807471139145,2.5245014925887386
228.7886181917069,1.100690553729383
228.7964892694993,0.011910274282288299
228.8043603472917,0.8282987446551349
228.8122314250841,2.088890526167426
228.8201025028765,2.688930576092393
228.8279735806689,1.6149846211057521
228.8358446584613,0.05565777141699417
228.8437157362537,0.455962118853533
228.8515868140461,1.6097151153212
228.8594578918385,4.479200960238208
228.8673289696309,0.9762406590769008
228.8752000474233,1.7728469517937617
228.8830711252157,0.02397463131870303
228.8909422030081,0.2270836935762533
228.8988132808005,1.156820612167471
228.9066843585929,1.0070553417304504
228.9145554363853,0.8556905406518026
228.9224265141777,0.018314143238525565
228.9302975919701,3.2960983136776916
228.9381686697625,0.49931197096310426
228.9460397475549,0.7207789621264471
228.9539108253473,0.9507437983106479
228.96178190313967,1.2308538215040647
228.96965298093207,1.311797568119193
228.9775240587245,0.24751095517179839
228.9853951365169,0.04169432686597809
228.9932662143093,1.4252848351844574
229.0011372921017,0.681094012669885
229.0090083698941,0.6348549858228597
229.0168794476865,1.2566874084981297
229.0247505254789,0.10327180917722513
229.0326216032713,0.29779314370850146
229.0404926810637,0.9666762559508321
229.0483637588561,0.9326203988529975
229.0562348366485,0.6796253342742664
229.0641059144409,1.56273488588124
229.0719769922333,0.781776169518756
229.0798480700257,0.3405436484669399
229.0877191478181,0.3033223590151166
229.0955902256105,2.0830546797595586
229.10346130340287,0.16128216199844977
229.11133238119533,0.39290914142007705
229.11920345898773,0.10778747926240134
229.12707453678013,0.5439968076458155
229.13494561457253,0.22483109664476142
229.14281669236493,1.091269989577243
229.15068777015733,0.0896306737008002
229.1585588479497,0.8359886059545215
229.1664299257421,0.022106468125068904
229.1743010035345,0.19044204457174432
229.1821720813269,3.0804104673559287
229.1900431591193,1.0114571218650688
229.1979142369117,1.0750115531780722
229.2057853147041,1.2177653383086184
229.2136563924965,0.05869572820078532
229.2215274702889,0.8663462311701103
229.2293985480813,0.47909686308300414
229.2372696258737,1.603955717093412
229.24514070366607,0.028874651740479554
229.25301178145853,0.02149615174604651
229.26088285925093,0.3037731587502122
229.26875393704333,0.0469016264700264
229.27662501483573,1.101086225243127
229.28449609262813,0.746921887954475
229.29236717042053,0.29622154804626094
229.3002382482129,0.6437709080644787
229.3081093260053,0.6007206010256683
229.3159804037977,0.7830071765417356
229.3238514815901,0.1703034053464467
229.3317225593825,0.4424355709238882
229.33959363717491,1.9345915292068343
229.34746471496732,0.25083788261629886
229.35533579275972,0.06583567827028874
229.36320687055212,1.5525788760894979
229.37107794834452,0.3162764049626794
229.37894902613692,1.4805408681044483
229.38682010392932,1.0060361611901352
229.39469118172173,0.4395340973417481
229.40256225951413,1.6840149850048973
229.41043333730653,1.5328363696358536
229.41830441509893,0.5878972906341331
229.42617549289133,1.9415346085821248
229.43404657068373,0.6783586286875284
229.4419176484761,1.7362494718761712
229.4497887262685,0.1483965976340927
229.4576598040609,0.41117472122656484
229.4655308818533,1.0418836819320474
229.4734019596457,0.14308441479683723
229.48127303743811,2.013482849717414
229.48914411523052,2.0440110364203665
229.49701519302292,0.4226094669086097
229.50488627081532,2.785856674670603
229.51275734860772,1.9744082754443768
229.52062842640012,0.250677967164728
229.52849950419252,0.5600206446692408
229.53637058198493,0.08736339108090486
229.54424165977736,0.10866472153474453
229.55211273756976,1.7781176127299472
229.55998381536216,3.118333568390601
229.56785489315456,0.6146833827338517
229.57572597094696,1.2952581898129996
229.58359704873936,1.9395539017266645
229.59146812653177,0.3457208792669519
229.59933920432417,2.058565202828874
229.60721028211657,0.2947293031744428
229.61508135990897,2.277194671991224
229.62295243770131,2.138390761643889
229.63082351549372,0.42019406622452127
229.63869459328612,0.2273697593918669
229.64656567107852,0.6301252363767884
229.65443674887092,0.39836564601579727
229.66230782666332,0.03273722798129732
229.67017890445572,2.379267541465083
229.67804998224813,0.3874260094258905
229.68592106004056,0.20132408379382957
229.69379213783296,0.011283429316039498
229.70166321562536,0.22136983615534758
229.70953429341776,0.49667337981765963
229.71740537121016,0.05695920684790786
229.72527644900256,0.6257412935181944
229.73314752679497,1.990769173178535
229.74101860458737,1.119904964933757
229.74888968237977,0.3023140103701782
229.75676076017217,0.06768075567639933
229.76463183796457,0.20198173189117113
229.77250291575697,0.34784299479218483
229.78037399354935,0.42923690591914043
229.78824507134175,0.23260195286645421
229.79611614913415,0.6289188561830661
229.80398722692655,1.2507789247651206
229.81185830471895,0.6171575044658022
229.81972938251135,0.1600425404620543
229.82760046030376,0.9426339635132448
229.83547153809616,0.10448876270580042
229.84334261588856,1.5188448847499412
229.85121369368096,0.49689613413109424
229.85908477147336,1.4659123244562056
229.86695584926576,2.943222790915957
229.87482692705817,2.858140335232518
229.88269800485057,0.7475992517822531
229.89056908264297,3.187564090013773
229.89844016043537,1.6499902417273815
229.90631123822777,0.35290456707846946
229.91418231602017,0.4181076985906622
229.92205339381255,1.0280336522184268
229.92992447160495,0.11602891614252231
229.93779554939735,0.9608984124923132
229.94566662718975,4.577096932331774
229.95353770498215,0.31211946101544946
229.96140878277455,0.152112403879484
229.96927986056696,0.810700137387819
229.9771509383594,3.685535886568253
229.9850220161518,0.029582901821751235
229.9928930939442,0.27197212429247647
230.0007641717366,1.6968054247683073
230.008635249529,0.6833011467494016
230.0165063273214,0.9516846552900609
230.0243774051138,3.7935714073735345
230.0322484829062,2.434680280925823
230.0401195606986,1.712655527558989
230.04799063849097,0.37150561494389606
230.05586171628337,1.0050960186182298
230.06373279407575,2.197254522293304
230.07160387186815,0.8880961264997272
230.07947494966055,1.410198034450884
230.08734602745295,0.5829398809723171
230.09521710524535,0.484596679305997
230.10308818303776,0.8528878734617847
230.11095926083016,0.40428879599319484
230.1188303386226,1.739317753823679
230.126701416415,3.813192100393495
230.1345724942074,0.9974729480291489
230.1424435719998,2.2023278225565686
230.1503146497922,1.2764282913029763
230.1581857275846,3.8828482662685055
230.166056805377,0.1412627910217658
230.1739278831694,0.5071061354684574
230.1817989609618,1.2014453327024135
230.1896700387542,1.7259077344054068
230.1975411165466,1.8427378719983047
230.205412194339,1.1888706129766935
230.2132832721314,1.2657416690199705
230.2211543499238,0.23244630896876434
230.2290254277162,1.5713307531991112
230.2368965055086,1.3732660522221627
230.244767583301,0.24418656053400628
230.2526386610934,0.6525923750302863
230.26050973888584,0.3563028567505413
230.2683808166782,0.3080972277884902
230.2762518944706,0.3628584112668558
230.284122972263,0.09550706971161971
230.2919940500554,0.16022990389945294
230.2998651278478,0.25201992357672226
230.3077362056402,0.2526996619676974
230.3156072834326,0.05212046789280856
230.323478361225,0.5780953815454863
230.3313494390174,0.3497191630025601
230.3392205168098,0.005425421459915688
230.3470915946022,0.036426254483525274
230.3549626723946,0.4792564588174937
230.362833750187,0.4034638641859435
230.3707048279794,0.8488253143465259
230.3785759057718,0.3209179855674222
230.3864469835642,0.17284416253946122
230.3943180613566,0.19860547197953682
230.40218913914904,1.2705537927559012
230.41006021694145,0.5819737845161479
230.41793129473385,0.07354999524383887
230.42580237252625,0.8524877218802788
230.43367345031865,0.16749743003012235
230.44154452811105,1.3267867920974612
230.44941560590345,0.6840988245816345
230.45728668369583,1.2547575503362136
230.46515776148823,0.7486712559815228
230.47302883928063,0.8914776290170068
230.480899917073,0.08955614667050701
230.4887709948654,0.9869797647300032
230.4966420726578,0.48338593681346803
230.5045131504502,0.01673578078933187
230.5123842282426,1.2074143796534427
230.520255306035,0.37466263249520665
230.5281263838274,0.42834832369198217
230.5359974616198,1.7994886592593164
230.54386853941224,0.693733817374014
230.55173961720465,0.39240495374294826
230.55961069499705,0.7090032802652384
230.56748177278945,0.17910915984478587
230.57535285058185,0.33832476148221546
230.58322392837425,1.6735546525029015
230.59109500616665,0.19244119066442725
230.59896608395903,1.342724109817968
230.60683716175143,0.5385559005455803
230.61470823954383,1.8614478503930267
230.62257931733623,0.016250768796898796
230.63045039512863,0.033078432286568725
230.63832147292104,1.1799071060268482
230.64619255071344,0.03301642612084841
230.65406362850584,0.6820459084574865
230.66193470629824,0.3259882821022854
230.66980578409064,1.5996426205626018
230.67767686188304,0.7233659947351456
230.68554793967544,0.9879622489711405
230.69341901746785,0.56918761138562
230.70129009526025,0.09127539062452567
230.70916117305265,0.7471692791391265
230.71703225084505,0.5841067154848957
230.72490332863745,1.0947120652979627
230.73277440642983,1.180668983038413
230.74064548422223,0.2867893887335566
230.74851656201463,2.6654711253101104
230.75638763980703,0.8496139113880073
230.76425871759943,0.006851784518159308
230.77212979539183,1.650344230514011
230.78000087318424,0.12566363869871375
230.78787195097664,0.28031993951836554
230.79574302876904,1.3782586175655764
230.80361410656144,1.2639798944985712
230.81148518435384,0.3398900166649213
230.81935626214624,1.1759388019004724
230.82722733993864,0.07441441049241064
230.83509841773105,0.7738389688802004
230.84296949552345,0.9265659952820174
230.85084057331585,0.6305671397791911
230.85871165110825,0.6669447546551399
230.86658272890065,0.756478410389699
230.87445380669303,0.3825665792815988
230.88232488448543,0.20274660524024965
230.89019596227783,0.6973691120736257
230.89806704007023,1.3416241571788405
230.90593811786263,1.1239022043630444
230.91380919565503,0.2618545060343012
230.92168027344744,1.6757587010902777
230.92955135123984,2.263538745558185
230.93742242903224,1.1395463748080485
230.94529350682464,0.49313928135558327
230.95316458461704,0.2245337228373447
230.96103566240944,1.055091643319095
230.96890674020185,2.2672117108985543
230.97677781799425,1.7595110635508564
230.98464889578665,0.687962318964117
230.99251997357905,0.3461794340128476
231.00039105137145,0.2961947093235613
231.00826212916385,1.2639388394210114
231.01613320695623,1.4475474619295605
231.02400428474863,1.2358285733592604
231.03187536254103,0.3162581799700845
231.03974644033343,0.08200104776962784
231.04761751812583,0.9417835324601798
231.05548859591823,0.32870882685801844
231.06335967371064,0.18673226503523563
231.07123075150307,1.9580101265843501
231.07910182929547,0.20515495635792308
231.08697290708787,3.245990374217324
231.09484398488027,0.42112545147128116
231.10271506267267,0.09441934590655292
231.11058614046507,0.5809825942676632
231.11845721825748,0.20587944413928252
231.12632829604985,0.018071684326957563
231.13419937384225,0.425324529355242
231.14207045163465,1.9613198413404735
231.14994152942705,0.6702055806839884
231.15781260721943,0.988836941474686
231.16568368501183,1.772788234014193
231.17355476280423,1.848621728592606
231.18142584059663,0.3505843596773511
231.18929691838903,0.17280667505493424
231.19716799618143,0.6632822333097517
231.20503907397384,0.37610915706253834
231.21291015176627,2.8755102028335484
231.22078122955867,0.2486573235789522
231.22865230735107,0.00452127414574119
231.23652338514347,0.7509559888264515
231.24439446293587,1.369548264133264
231.25226554072827,1.923448374839892
231.26013661852068,0.1395637689830611
231.26800769631308,0.7930608574674393
231.27587877410548,1.0999133908942063
231.28374985189788,0.9854044592940082
231.29162092969028,0.3864054269523018
231.29949200748268,0.4184803915350821
231.30736308527509,0.44726350332229786
231.3152341630675,0.1882914432081948
231.3231052408599,0.00432569169726576
231.3309763186523,0.25173115497545206
231.33884739644463,0.6771165256040911
231.34671847423704,1.3866086758464367
231.35458955202947,0.30232061295141516
231.36246062982187,1.6705502270920536
231.37033170761427,0.17844005391758938
231.37820278540667,0.886441061802391
231.38607386319907,1.7508908928657825
231.39394494099147,1.0673653431120886
231.40181601878388,0.04030405589195179
231.40968709657628,0.05293000927152494
231.41755817436868,2.020701481790851
231.42542925216108,1.1431525146767
231.43330032995348,0.07770241232853665
231.44117140774588,3.9904202178391914
231.44904248553829,0.8383545303809966
231.4569135633307,0.8906333797305882
231.4647846411231,0.6760872892951815
231.4726557189155,0.057029566986233036
231.4805267967079,3.6386418451785993
231.4883978745003,0.6347582871133651
231.4962689522927,0.44621372613055627
231.5041400300851,0.37972889241809776
231.5120111078775,0.5059048294435532
231.5198821856699,0.2973475925806074
231.5277532634623,0.4528285918255249
231.5356243412547,0.5359102145834005
231.5434954190471,0.46728571894076987
231.5513664968395,0.4466230312317947
231.55923757463188,1.026511437091769
231.56710865242428,0.7035037191421604
231.57497973021668,0.005331678771542169
231.58285080800908,0.6388722737210173
231.59072188580149,1.3595002666176215
231.5985929635939,1.444309787428372
231.6064640413863,0.8265025084544227
231.6143351191787,0.29632433621642124
231.6222061969711,3.424256244808923
231.6300772747635,0.17785402710136472
231.6379483525559,2.174993054516409
231.6458194303483,0.41065088808949807
231.6536905081407,0.3105094947521037
231.6615615859331,3.8171057405256796
231.6694326637255,0.9943044333732249
231.6773037415179,0.7765638995764256
231.6851748193103,0.10779314997640863
231.6930458971027,1.282232609641508
231.7009169748951,0.5271667876051009
231.7087880526875,0.9630995270760199
231.7166591304799,0.2622356234772207
231.7245302082723,0.9127559884351741
231.73240128606471,0.005372169788769522
231.74027236385712,0.059010223203079
231.74814344164952,1.43616922886436
231.75601451944192,0.5405531433916415
231.76388559723432,1.1577155304154139
231.7717566750267,1.512094981981446
231.7796277528191,0.5447041764865689
231.7874988306115,1.2733979722507287
231.7953699084039,1.5014012569786577
231.8032409861963,0.8552724813734639
231.8111120639887,0.1959214270956508
231.8189831417811,0.7582811652944743
231.8268542195735,1.4953833027973007
231.8347252973659,1.0746096248544545
231.8425963751583,3.7325506417301066
231.8504674529507,5.979069095680503
231.8583385307431,0.18701697161933506
231.8662096085355,0.9283939906263622
231.87408068632791,0.7093269797243438
231.88195176412032,2.0552112059853602
231.88982284191272,1.342075847646455
231.89769391970512,1.4525307300799382
231.90556499749752,0.6842187302724633
231.91343607528992,1.754904478730748
231.92130715308232,0.42646337988733923
231.92917823087475,1.2826692481739737
231.93704930866716,0.8876734933960092
231.94492038645956,0.42768363488487915
231.95279146425196,4.841097287829654
231.96066254204436,1.1024942821356492
231.96853361983676,1.081027122791813
231.97640469762916,0.18753749216552612
231.98427577542157,0.7023563161786747
231.9921468532139,0.55294565407608
232.0000179310063,5.116548034819963
232.0078890087987,2.7137897096380694
232.01576008659111,1.3220312996228927
232.02363116438352,1.8840248767318446
232.03150224217592,1.2476513330721188
232.03937331996832,1.4893719813781565
232.04724439776072,0.24608197911512972
232.05511547555312,0.06330171613941757
232.06298655334552,1.2317325489086086
232.07085763113795,0.7302566896728465
232.07872870893036,1.0718647785826803
232.08659978672276,0.6640486632106579
232.09447086451516,0.07380909204177419
232.10234194230756,3.515696138114978
232.11021302009996,0.3148239253309483
232.11808409789236,1.1998505689223198
232.12595517568477,3.331892799543401
232.13382625347717,0.1694604146551264
232.14169733126957,2.5495892171239687
232.14956840906197,4.548531257786014
232.15743948685437,0.10637000550256849
232.16531056464677,0.45748320728302566
232.17318164243915,0.6849100765155823
232.18105272023155,0.5364614341566497
232.18892379802395,0.29063669758632
232.19679487581635,1.9298375396560437
232.20466595360872,2.243910532161175
232.21253703140115,2.2718178301464564
232.22040810919356,1.7810316588213133
232.22827918698596,1.0569398832052985
232.23615026477836,0.7771830692684617
232.24402134257076,0.3927963419536292
232.25189242036316,0.153857461299155
232.25976349815556,0.6692959803923296
232.26763457594797,0.4344734966008453
232.27550565374037,0.23706512794515278
232.28337673153277,5.044014990041705
232.29124780932517,0.27780030253912985
232.29911888711757,0.4453580225327352
232.30698996490997,0.7625546465373731
232.31486104270235,0.7304301402959404
232.32273212049475,1.4600728991532341
232.33060319828715,0.09665996916780212
232.33847427607955,0.15728613890220067
232.34634535387195,1.085231584594914
232.3542164316644,0.4377159583738876
232.3620875094568,0.19608186924519735
232.3699585872492,0.3689781908996848
232.3778296650416,0.20947767114492724
232.385700742834,0.12866485211608455
232.3935718206264,0.2082131193146895
232.4014428984188,0.6150484252366047
232.4093139762112,1.1880430431715923
232.41718505400357,1.3243852473406774
232.42505613179597,2.3958408469332895
232.43292720958837,0.9338591754972387
232.44079828738077,0.5821762483797404
232.44866936517317,0.3286458836809335
232.45654044296555,0.35968757923450834
232.46441152075795,0.7899637871647465
232.47228259855035,0.798727986405843
232.48015367634275,0.4709311910903689
232.48802475413515,0.12025533598248671
232.4958958319276,1.012333713331773
232.50376690972,2.498863417723194
232.5116379875124,1.377221634220493
232.5195090653048,0.34799059431094015
232.5273801430972,0.10254306039264782
232.5352512208896,1.0589822440831083
232.543122298682,0.5820633334603794
232.5509933764744,0.6707571043543145
232.5588644542668,1.9580700292506132
232.5667355320592,0.34902068619070464
232.5746066098516,1.2192535907834665
232.582477687644,1.3946476336093276
232.5903487654364,0.40810535622546984
232.5982198432288,0.022865551813337003
232.6060909210212,5.519251026473372
232.6139619988136,3.6704120513651244
232.621833076606,0.2237853334896474
232.6297041543984,0.14582276559414523
232.6375752321908,0.03114019080583174
232.6454463099832,0.6890968072377991
232.6533173877756,0.10928781816544317
232.661188465568,0.536536441413194
232.6690595433604,0.5081559319123419
232.6769306211528,0.3845615481375862
232.6848016989452,6.022018224389743
232.6926727767376,3.3501419226122993
232.70054385453,1.3851690164399497
232.7084149323224,0.15389489847670887
232.7162860101148,0.08486465532255412
232.7241570879072,0.8281531183700094
232.7320281656996,0.435187847418521
232.739899243492,0.39404255964141127
232.7477703212844,2.9679271550783293
232.7556413990768,2.1312654860558067
232.7635124768692,0.1832267695396611
232.7713835546616,1.457754391519691
232.779254632454,1.0396654240075878
232.7871257102464,0.20013003426511303
232.7949967880388,3.9220580317504203
232.8028678658312,0.27385994564504457
232.8107389436236,0.750076516407779
232.818610021416,2.3619413886011715
232.8264810992084,5.497178238006678
232.8343521770008,1.1964707592454047
232.8422232547932,0.22074967843820809
232.8500943325856,0.75521598126731
232.857965410378,1.6983031903592127
232.8658364881704,0.8518163528873283
232.8737075659628,0.6695095196154315
232.8815786437552,0.9105430591452424
232.8894497215476,0.1268448772928988
232.89732079934,0.02563999090221439
232.9051918771324,1.9968782489458496
232.9130629549248,0.6342297375328565
232.9209340327172,0.24343176145642603
232.9288051105096,0.6194041420107834
232.936676188302,3.724517988387075
232.9445472660944,0.5500950599217104
232.9524183438868,0.7919568564933555
232.9602894216792,0.47552944612586595
232.9681604994716,0.6932526445102486
232.976031577264,1.9039692558916832
232.9839026550564,3.800220782399367
232.9917737328488,1.19611106182355
232.9996448106412,0.8736972276694709
233.0075158884336,0.012556996205954378
233.015386966226,0.9997406256683781
233.0232580440184,1.8228552782490266
233.0311291218108,0.04831704557599936
233.0390001996032,4.268468704220259
233.0468712773956,2.973300163587404
233.054742355188,0.2025168732444289
233.0626134329804,1.655245983269182
233.0704845107728,0.3337536592278873
233.0783555885652,1.2062032490528738
233.0862266663576,1.4433579806398487
233.09409774415,0.06811562892533665
233.1019688219424,0.8163745551352357
233.1098398997348,1.1805218471578658
233.1177109775272,0.9410562387634719
233.1255820553196,0.7205586915045011
233.133453133112,1.0991329504362015
233.1413242109044,0.18022007494157122
233.1491952886968,0.6237434493616855
233.1570663664892,0.6723392696459269
233.1649374442816,1.4429225020199044
233.172808522074,0.9612119543701789
233.1806795998664,0.39008120949724806
233.1885506776588,2.899720355333802
233.1964217554512,0.9256050819058322
233.2042928332436,0.4110659004149926
233.212163911036,0.020854557355528422
233.2200349888284,3.241094380835077
233.2279060666208,0.8284019304313542
233.2357771444132,3.23364855108772
233.2436482222056,0.9480066693923237
233.251519299998,0.484043801326123
233.2593903777904,0.7582618778860227
233.26726145558283,1.5823629386190687
233.27513253337523,0.23257907376925427
233.2830036111676,0.25056644823044705
233.29087468896,1.7512520781879866
233.2987457667524,0.3776106841062353
233.3066168445448,0.5183444318748012
233.3144879223372,0.615863669712105
233.3223590001296,0.9714605689348664
233.330230077922,1.7926300929285655
233.3381011557144,0.4709235020723744
233.3459722335068,2.437755483107148
233.3538433112992,1.7907138555182778
233.3617143890916,0.3642414592079826
233.369585466884,1.1154575000079052
233.3774565446764,0.25885052856296625
233.3853276224688,0.16953435430393732
233.3931987002612,0.3444763453261448
233.4010697780536,0.5373573442126498
233.40894085584603,0.06707988464033324
233.41681193363843,0.3927585687804903
233.42468301143083,1.5208700393097137
233.43255408922323,0.40361185629220886
233.44042516701563,0.3671843186230851
233.44829624480803,0.02887923205338906
233.45616732260044,0.2445030304193905
233.46403840039284,0.4977538756035678
233.47190947818524,3.098347877294182
233.47978055597764,0.9139571477805006
233.48765163377004,0.8954557614480062
233.4955227115624,1.4128493304291279
233.5033937893548,2.4760385203352593
233.5112648671472,2.3646841550394404
233.5191359449396,0.5514529513451396
233.527007022732,0.17584780131695094
233.5348781005244,0.1341477290872884
233.54274917831685,3.65507229140576
233.55062025610923,0.6702112778825449
233.55849133390163,0.9584530492154131
233.56636241169403,2.5237519820049763
233.57423348948643,1.9769927436901458
233.58210456727883,3.3947067611061215
233.58997564507123,0.5511970633962531
233.59784672286364,0.33019278624458853
233.60571780065604,1.4865269022240215
233.61358887844844,1.6531087680829586
233.62145995624084,0.2866764917519919
233.62933103403324,0.11200483519491865
233.63720211182564,0.37630455217549347
233.64507318961805,1.5255410225579638
233.65294426741045,0.266623984266841
233.66081534520285,0.854667451912876
233.66868642299525,0.20309961045188055
233.67655750078765,0.010678525053333845
233.68442857858005,0.3925633027428872
233.69229965637248,0.6362306396201434
233.70017073416489,1.504427370512254
233.70804181195723,0.26765703822652226
233.71591288974963,1.4477121154256882
233.72378396754203,0.7167714328715656
233.73165504533443,1.9119523959766493
233.73952612312684,0.0031745720182125704
233.74739720091924,1.1538690057356822
233.75526827871164,2.6451112598994317
233.76313935650404,1.276549170440647
233.77101043429644,0.8934029527001521
233.77888151208884,1.3707280538962654
233.78675258988125,0.11219976691414932
233.79462366767365,3.211371796402467
233.80249474546605,1.0850908010842422
233.81036582325845,0.2641913003925033
233.81823690105085,1.9398125179120576
233.82610797884325,4.915368895571932
233.83397905663568,4.588149890167147
233.84185013442809,1.7701727348262182
233.8497212122205,0.22974721435942472
233.8575922900129,1.6454874620633446
233.8654633678053,2.009505269197797
233.8733344455977,0.2834740256432736
233.8812055233901,0.3056457792177279
233.88907660118247,0.7768156144485354
233.89694767897487,0.22802922662064048
233.90481875676727,2.288622311024897
233.91268983455967,0.6261483606789928
233.92056091235207,2.214980685630532
233.92843199014445,1.1877603521544913
233.93630306793685,0.1972932572750294
233.94417414572925,0.40271190858910394
233.95204522352165,0.5194240294511575
233.95991630131405,0.6943806238401423
233.96778737910645,0.6597793725237839
233.97565845689888,0.24534045547852046
233.9835295346913,2.4853059701861415
233.9914006124837,0.9225070985082455
233.9992716902761,0.6895621687938318
234.0071427680685,0.43278707587500737
234.0150138458609,1.366249301468613
234.0228849236533,0.40385586599060885
234.03075600144567,0.11380024821055666
234.03862707923807,0.6786308733205826
234.04649815703047,0.2707796080388964
234.05436923482287,1.9644831729051786
234.06224031261527,0.4622816270634063
234.07011139040767,0.2532261331117041
234.07798246820008,0.12045172488274776
234.08585354599248,0.1512962333783397
234.09372462378488,0.18566022208747746
234.10159570157728,0.4674176817186679
234.10946677936968,1.1572842329093889
234.11733785716208,0.37766365903458093
234.1252089349545,0.45497996590283046
234.1330800127469,0.3041510527656458
234.1409510905393,0.09244151360099759
234.1488221683317,0.10638856692784615
234.1566932461241,0.1644524578155843
234.1645643239165,0.6368126881265694
234.17243540170887,0.06666976063312957
234.18030647950127,0.3941126564230521
234.18817755729367,0.4389308322225035
234.19604863508607,0.8542465054055605
234.20391971287847,1.5169369109877655
234.21179079067088,0.2092938525583791
234.21966186846328,2.563688355749762
234.22753294625568,2.3433375463841406
234.23540402404808,2.446832954009032
234.24327510184048,0.43792504747700317
234.25114617963288,0.7270709365572449
234.25901725742528,0.5115692724310317
234.2668883352177,0.11154164297930683
234.2747594130101,0.29569546964676824
234.2826304908025,1.7475203103108965
234.2905015685949,0.5903972367364843
234.2983726463873,0.4018806062208862
234.3062437241797,0.14238374236293894
234.3141148019721,0.18198509293979642
234.3219858797645,0.1129428349460111
234.3298569575569,0.03763750207229487
234.3377280353493,0.12484464008599455
234.3455991131417,0.30964510843693444
234.35347019093408,1.5392944914290596
234.36134126872648,0.2696967837274406
234.36921234651888,1.0177333859907352
234.37708342431128,2.973170385851916
234.38495450210368,0.10898367574448212
234.39282557989608,0.7361574533927371
234.40069665768848,0.24526783409106254
234.4085677354809,0.7789417452301145
234.4164388132733,1.4054071456746278
234.4243098910657,1.349994991576118
234.4321809688581,0.6733914571375733
234.4400520466505,0.4069441743845508
234.4479231244429,1.20283404924205
234.4557942022353,1.1544013608615777
234.4636652800277,0.5410628997712372
234.4715363578201,0.8697226549801467
234.4794074356125,0.12446053534654776
234.4872785134049,0.39333973521208093
234.4951495911973,0.3016723496540637
234.5030206689897,1.8543347134676849
234.5108917467821,2.0329237673021665
234.5187628245745,0.31311327608897654
234.5266339023669,0.3155375881774611
234.5345049801593,1.8744806388183342
234.5423760579517,0.17911125765088512
234.5502471357441,1.1143185586780555
234.5581182135365,0.3279052933320746
234.5659892913289,0.13185663710871773
234.5738603691213,0.1169208313248149
234.5817314469137,0.6740421579266662
234.5896025247061,0.3351883431914981
234.5974736024985,0.5412565434156485
234.6053446802909,0.9856077863110375
234.6132157580833,0.4216542665723934
234.6210868358757,0.8052385685492213
234.6289579136681,1.858792638874152
234.6368289914605,2.0631146595297056
234.6447000692529,0.521650172738506
234.6525711470453,0.20111407137778828
234.6604422248377,0.40909284068109886
234.6683133026301,1.1408136178689636
234.6761843804225,0.268112824909257
234.6840554582149,1.1730206297439485
234.6919265360073,1.1680692843309015
234.6997976137997,0.34334604785256834
234.7076686915921,0.16742809973821718
234.7155397693845,1.395415056789848
234.7234108471769,0.8257154544484784
234.73128192496927,0.10454501841329279
234.73915300276173,0.1257379317423992
234.74702408055413,0.9393039402031047
234.75489515834653,1.1907843613869717
234.76276623613893,0.2585621043292912
234.77063731393133,0.2965765605804096
234.77850839172373,1.166757368654404
234.7863794695161,0.1430152940913432
234.7942505473085,0.517558540503432
234.8021216251009,1.0921173104882596
234.8099927028933,0.23371080833353897
234.8178637806857,0.676659426817418
234.8257348584781,0.7443583742683414
234.8336059362705,0.022683840510714957
234.8414770140629,2.455792772368084
234.8493480918553,1.7944849716501405
234.8572191696477,0.9429014829062976
234.8650902474401,0.24147002453406852
234.87296132523247,0.07470218449633774
234.88083240302493,0.5003012714912147
234.88870348081733,0.41425384607682353
234.89657455860973,0.7591810127694315
234.90444563640213,0.40853759558458735
234.91231671419453,1.2026665823981673
234.92018779198693,3.568840990163471
234.9280588697793,0.2012441386855939
234.9359299475717,1.5032219394851254
234.9438010253641,2.614006644530198
234.9516721031565,1.128546027653297
234.9595431809489,0.1999322476535612
234.96741425874131,0.9997426823625561
234.97528533653372,0.007731086610991803
234.98315641432612,0.3785998007332948
234.99102749211852,0.34319237439717704
234.9988985699109,0.03699650263712643
235.0067696477033,0.15883790175509405
235.01464072549567,1.1762383118815873
235.02251180328813,0.13317482797429597
235.03038288108053,0.6321099350841383
235.03825395887293,0.4218249656007751
235.04612503666533,0.03030221843063899
235.05399611445773,0.23201559585805046
235.06186719225013,0.4702041408209623
235.0697382700425,1.0624755779985486
235.0776093478349,0.5750778754882526
235.0854804256273,0.17558196424454484
235.0933515034197,2.852254240531886
235.1012225812121,0.8484431746000328
235.10909365900451,0.10240289452801163
235.11696473679692,4.582175892456509
235.12483581458932,0.6452411238947569
235.13270689238172,0.43051827812982024
235.14057797017412,0.02544760755228665
235.14844904796652,1.1329319838163945
235.15632012575892,0.42362947624833314
235.16419120355133,0.7687556549664047
235.17206228134376,0.11839442983659786
235.17993335913616,0.2784107645118659
235.18780443692856,0.13758466841368563
235.19567551472096,0.4952859237827089
235.20354659251336,2.3431724046699873
235.21141767030576,0.17069860790992683
235.2192887480981,2.091645746963034
235.2271598258905,0.5963293976885036
235.2350309036829,0.5733949005184754
235.2429019814753,0.6163719448523589
235.25077305926771,0.9355506989918023
235.25864413706012,1.763295440825076
235.26651521485252,0.902514286676532
235.27438629264492,0.9252330580307911
235.28225737043732,3.7296838547421944
235.29012844822972,1.4370771437024794
235.29799952602212,1.0963598994875854
235.30587060381453,1.4196875790434722
235.31374168160696,0.7941045254422487
235.32161275939936,1.2359526989863758
235.32948383719176,2.4054572792865256
235.33735491498416,0.3746878309021817
235.34522599277656,0.8620050697005179
235.35309707056896,0.6847487620211559
235.36096814836137,2.9182961086449626
235.36883922615377,1.5548716592557423
235.37671030394617,1.162904332141283
235.38458138173857,0.037442751078192435
235.39245245953097,0.03483597044488828
235.40032353732337,1.514358700465127
235.40819461511575,0.5568807702419186
235.41606569290815,0.45605635500374736
235.42393677070055,0.8938199427404885
235.43180784849292,0.49242880195221866
235.43967892628532,0.7630207003470226
235.44755000407773,0.9924174764186579
235.45542108187016,4.41277459319052
235.46329215966256,2.471174928639515
235.47116323745496,0.008406741505773759
235.47903431524736,0.496849710578495
235.48690539303976,4.311868375067771
235.49477647083216,0.5322230077300076
235.50264754862457,1.3107792828013738
235.51051862641697,0.5579525944436285
235.51838970420937,1.1143628414239688
235.52626078200177,1.993249656925461
235.53413185979417,0.3204812234608091
235.54200293758657,0.28970979395289953
235.54987401537895,0.11460140357395082
235.55774509317135,1.7844740354857167
235.56561617096375,1.048130231512373
235.57348724875615,0.3897664329658
235.58135832654855,0.09071520855151226
235.58922940434095,0.6406319947057353
235.59710048213336,0.7391764832593964
235.6049715599258,1.539750165554334
235.6128426377182,2.4598273107236914
235.6207137155106,0.20398691463886387
235.628584793303,0.9828303899055704
235.6364558710954,0.27215144049603435
235.6443269488878,1.3141957760662732
235.65219802668017,1.3240246342939301
235.66006910447257,0.8530370214129673
235.66794018226497,3.5927275756573933
235.67581126005737,0.9560298110684995
235.68368233784977,0.7062586790162013
235.69155341564215,3.133662870021646
235.69942449343455,0.9431314490420478
235.70729557122695,0.30707479766552015
235.71516664901935,1.074554740862657
235.72303772681175,0.1986611240854868
235.73090880460416,0.18716692853915093
235.73877988239656,0.06986985373048839
235.746650960189,1.2865794103160106
235.7545220379814,1.4478607836480542
235.7623931157738,1.5909642931999048
235.7702641935662,0.08136728838932179
235.7781352713586,0.4126988990894439
235.786006349151,0.13364727454714256
235.7938774269434,0.8678990030099684
235.8017485047358,1.93077723401249
235.8096195825282,0.9646294895131913
235.8174906603206,0.48558350918361737
235.825361738113,0.3556307428991368
235.8332328159054,3.1137261847550066
235.8411038936978,0.49986017367834285
235.8489749714902,1.0329234754642613
235.8568460492826,0.14713874701154492
235.86471712707495,1.0671006742463218
235.87258820486736,0.7650056561489484
235.88045928265976,0.8549960736164032
235.8883303604522,1.382005560922689
235.8962014382446,0.8659055897425392
235.904072516037,3.2107315886594843
235.9119435938294,0.41369648361770445
235.9198146716218,0.7154296503485104
235.9276857494142,1.4978923992985358
235.9355568272066,2.020563605634612
235.943427904999,1.841867921396907
235.9512989827914,1.1859968634177849
235.9591700605838,0.3911116631963847
235.9670411383762,0.8206495281422094
235.9749122161686,1.7614864370023813
235.982783293961,0.4966105748203905
235.9906543717534,0.4639504624636702
235.9985254495458,0.597660063231894
236.0063965273382,0.16115643932977525
236.0142676051306,0.08750453754891001
236.022138682923,0.6480621182024789
236.03000976071544,1.9452454419596479
236.03788083850785,1.986737691396122
236.04575191630025,0.8702261426693524
236.05362299409265,1.3733581485116986
236.06149407188505,3.8416348737144497
236.06936514967745,2.03716975601871
236.0772362274698,0.7271593956401505
236.0851073052622,0.2653554357691764
236.0929783830546,0.12437876713891237
236.100849460847,0.04954794592922487
236.1087205386394,1.3047994591833199
236.1165916164318,0.09862704180570807
236.1244626942242,0.8892104524751492
236.1323337720166,1.1693268661675391
236.140204849809,0.01962718297467493
236.1480759276014,0.08263389938385624
236.1559470053938,0.2773409508046159
236.1638180831862,0.7112854668792113
236.17168916097864,1.1469955671097878
236.17956023877105,0.05668391421316667
236.18743131656345,2.338157944163635
236.19530239435585,3.0236991341713364
236.20317347214825,0.39461121385024234
236.21104454994065,0.2413251466300323
236.21891562773305,0.2175619095817518
236.22678670552543,1.7061842606398214
236.23465778331783,3.252368738851938
236.24252886111023,1.3497768373334111
236.25039993890263,1.7012627660389712
236.25827101669503,0.7319516963331738
236.26614209448744,0.8541827483509865
236.27401317227984,1.5272618010429089
236.28188425007224,0.1205877503367371
236.28975532786464,0.04899871617689533
236.297626405657,0.6841530108055127
236.3054974834494,0.3192938246814562
236.31336856124184,0.019218597196566458
236.32123963903425,0.40012351770981053
236.32911071682665,1.3063754666403433
236.33698179461905,0.08516775846547343
236.34485287241145,0.030483921971716406
236.35272395020385,0.35170942526575366
236.36059502799625,2.140088993202659
236.36846610578863,0.2566406928933941
236.37633718358103,0.5504045406791426
236.38420826137343,1.6413988315519001
236.39207933916583,0.3956347880442473
236.39995041695823,0.08721158322711384
236.40782149475064,1.9811395658650084
236.41569257254304,0.6023110825396986
236.42356365033544,0.006586045872548917
236.43143472812784,0.09956487076072895
236.43930580592024,0.11841679332054608
236.44717688371264,1.9116109841839364
236.45504796150504,0.041186068313006946
236.46291903929745,0.1376836793729417
236.47079011708985,1.6346866678534109
236.47866119488225,3.054536249540771
236.48653227267465,0.015260895881303633
236.49440335046705,0.4008080798610111
236.50227442825943,1.9046006936759003
236.51014550605183,0.04324278546273321
236.51801658384423,0.35376442459501833
236.52588766163663,0.4851972264874649
236.53375873942903,0.5112078065931965
236.54162981722143,0.25123281561755795
236.54950089501384,0.47896364271019176
236.55737197280624,1.1944260303100944
236.56524305059864,0.29440720977181406
236.57311412839104,0.10157495908835185
236.58098520618344,0.7931677132216111
236.58885628397584,0.3827741350956806
236.59672736176825,1.7564088606538812
236.60459843956065,1.8277868490724227
236.61246951735305,0.517876559323889
236.62034059514545,0.07795117929591695
236.62821167293785,0.9814463444711371
236.63608275073025,0.5044687541814402
236.64395382852263,3.774154758391394
236.65182490631503,0.09358638047334622
236.65969598410743,0.1439345307395219
236.66756706189983,0.08388183986792472
236.67543813969223,0.7761100382991105
236.68330921748463,1.4363902084812628
236.69118029527704,0.4630228235876525
236.69905137306947,1.2202567176422974
236.70692245086187,0.48246847580099744
236.71479352865427,2.4718581945167584
236.72266460644664,0.5252547359719575
236.73053568423904,0.08778299904677576
236.73840676203145,0.053488581026879055
236.74627783982385,2.1411674962858402
236.75414891761625,0.5703702092630661
236.76201999540865,0.7867793059882872
236.76989107320105,0.18112227347765364
236.77776215099345,0.35072470807286327
236.78563322878583,0.6847027583571095
236.79350430657823,2.251411237767658
236.80137538437063,0.8528792100685088
236.80924646216303,0.11023969525523936
236.81711753995543,0.05022022452002911
236.82498861774783,0.6832271329413538
236.83285969554024,0.2808091528085479
236.84073077333267,0.08920311984339888
236.84860185112507,0.5591202271386521
236.85647292891747,1.4068681481533702
236.86434400670987,0.25101200304425325
236.87221508450227,0.2367682645586037
236.88008616229467,0.2147167422345818
236.88795724008708,0.12691520867625197
236.89582831787948,1.9201140662584306
236.90369939567188,0.869403062168011
236.91157047346428,1.2359938111037265
236.91944155125668,0.30249352684128067
236.92731262904908,0.8404991493411719
236.93518370684149,0.3781067628490336
236.94305478463383,1.2563907256498115
236.95092586242623,0.11044797657441277
236.95879694021863,1.2215997540874624
236.96666801801103,3.169413344483188
236.97453909580344,0.8452912748245325
236.98241017359587,0.4963583824925672
236.99028125138827,0.8592955005884557
236.99815232918067,0.09737335601336033
237.00602340697307,0.8772240535404049
237.01389448476547,1.0305478983953291
237.02176556255787,0.202664879511013
237.02963664035028,0.49617212573072356
237.03750771814268,0.5404181370019755
237.04537879593508,0.49757283112130857
237.05324987372748,1.4155842562152015
237.06112095151988,0.28506720426776555
237.06899202931228,0.11486448483447041
237.07686310710469,0.7939707370496404
237.0847341848971,0.08944525372882882
237.0926052626895,0.6686235230018853
237.1004763404819,1.8413356380113484
237.1083474182743,0.7985778992609759
237.1162184960667,0.07263204016582261
237.1240895738591,0.21094160606477366
237.1319606516515,0.0569408575499735
237.1398317294439,0.10548857789501973
237.1477028072363,2.172675324789117
237.15557388502867,0.3866745518657625
237.16344496282107,2.2388892518243546
237.17131604061348,0.08050550635702673
237.17918711840588,4.0467024275350925
237.18705819619828,1.1963412773835824
237.19492927399068,0.03685019801190844
237.20280035178308,1.4854715013636448
237.21067142957548,1.0538077136898687
237.21854250736789,0.5956856340291411
237.2264135851603,0.5464040921774358
237.2342846629527,1.8341524064605486
237.2421557407451,1.252702435263359
237.2500268185375,1.991255133601796
237.2578978963299,0.30284081708595856
237.2657689741223,3.9154592193515776
237.2736400519147,0.15159155920215503
237.2815111297071,1.4258012631266401
237.2893822074995,0.3125586024630315
237.2972532852919,0.9775464869592015
237.3051243630843,3.2005488936521327
237.3129954408767,0.4911351929217571
237.3208665186691,0.9811370791543914
237.3287375964615,0.1341108265542703
237.3366086742539,1.2431375022707718
237.3444797520463,0.705032699213523
237.3523508298387,1.2925903269943213
237.36022190763111,0.3542764032753499
237.3680929854235,0.3457434415913128
237.3759640632159,0.15911728638664768
237.3838351410083,0.18343309734398214
237.3917062188007,0.6309752895660053
237.3995772965931,0.11954065293408446
237.4074483743855,2.549071153773832
237.4153194521779,1.941053294703794
237.4231905299703,2.754817300802776
237.4310616077627,1.3248440299190187
237.4389326855551,1.0267126695460478
237.4468037633475,0.6284550409337726
237.4546748411399,1.4094244624484702
237.4625459189323,0.9246186741802496
237.4704169967247,1.993547263864577
237.4782880745171,0.159361976591858
237.4861591523095,1.091323230413632
237.4940302301019,2.3928520841425858
237.50190130789431,0.6792732713876469
237.50977238568672,1.0676317786755423
237.51764346347912,1.3122480256977611
237.52551454127152,0.7620410006268779
237.53338561906392,0.02476054283326497
237.54125669685632,2.0431681888553173
237.54912777464872,1.6120310889516754
237.55699885244115,3.0033926276284233
237.56486993023356,0.8358530512386847
237.57274100802596,0.40226880991995145
237.58061208581836,1.6009661401780522
237.5884831636107,0.708525854482798
237.5963542414031,0.725515252778791
237.6042253191955,4.904067217860106
237.6120963969879,1.2339831916402675
237.6199674747803,3.4667520363936677
237.6278385525727,0.03299286892192816
237.6357096303651,0.857075822483901
237.64358070815751,0.3945698614932688
237.65145178594992,0.2289749703554832
237.65932286374232,0.4490179020959953
237.66719394153472,1.7662004151939554
237.67506501932712,0.9047315773967105
237.68293609711952,0.725076629153311
237.69080717491192,1.5885478173114886
237.69867825270435,0.09272104171477945
237.70654933049676,0.039942508276816134
237.71442040828916,0.9520554909973222
237.72229148608156,0.3689738721412748
237.73016256387396,0.4871202426742872
237.73803364166636,0.8898990860114855
237.74590471945876,0.06004211799646675
237.75377579725117,0.4823361533562188
237.76164687504357,0.8647885691361247
237.76951795283597,0.4073234387770351
237.77738903062837,0.9760466596183209
237.78526010842077,0.765460016935214
237.79313118621317,0.19569705544544672
237.80100226400552,1.5615563249599091
237.80887334179792,1.409753121218163
237.81674441959032,0.3366965221538762
237.82461549738272,0.19545911834137744
237.83248657517512,1.6326746910054637
237.84035765296755,0.3173851834973204
237.84822873075996,0.4644038224366354
237.85609980855236,0.34320556335165425
237.86397088634476,2.068041594952096
237.87184196413716,1.3071250713827771
237.87971304192956,1.611169982064214
237.88758411972196,0.7414762071896676
237.89545519751437,0.03878069879049106
237.90332627530677,2.094082770798498
237.91119735309917,0.06583985965603364
237.91906843089157,1.3528888750151784
237.92693950868397,0.798991771426859
237.93481058647637,0.09892538994427504
237.94268166426875,0.5838741043672252
237.95055274206115,0.6677638501019758
237.95842381985355,2.5897240279295084
237.96629489764595,0.12271550679884344
237.97416597543835,0.30640030178860916
237.98203705323075,0.5437577719952033
237.9899081310232,0.4119162384445214
237.9977792088156,0.5692848661448404
238.005650286608,1.9455813174147882
238.01352136440036,0.3036032450880953
238.02139244219276,2.251798166164549
238.02926351998516,0.7788592553177967
238.03713459777757,0.2188336571165818
238.04500567556997,0.8561063950477701
238.05287675336237,0.19177409563508072
238.06074783115477,0.5664036661460297
238.06861890894717,0.47426074692573666
238.07648998673957,0.21196706375040156
238.08436106453195,0.003179355223939645
238.09223214232435,2.773596358309785
238.10010322011675,0.6738567374321955
238.10797429790915,1.266649016589738
238.11584537570155,0.4634793617412705
238.123716453494,0.6832439461163783
238.1315875312864,1.0091041415590793
238.1394586090788,2.5110340803646825
238.1473296868712,0.9047218463134613
238.1552007646636,0.5606177497533034
238.163071842456,0.13920701396349863
238.1709429202484,2.1460141250713822
238.1788139980408,1.3097856554705487
238.1866850758332,0.11478155201142609
238.1945561536256,0.040559799970903206
238.202427231418,0.9031803271808544
238.2102983092104,0.9008754662353267
238.2181693870028,0.4134051149598011
238.2260404647952,0.44205937227791814
238.23391154258755,1.6963736176578705
238.24178262037995,0.4451078471140235
238.24965369817235,0.3870757503362718
238.25752477596475,1.5502183925087978
238.2653958537572,1.0944475888548337
238.2732669315496,0.7387851407586298
238.281138009342,0.2904609752472114
238.2890090871344,0.8378151959054113
238.2968801649268,1.4011069193034795
238.3047512427192,1.193515627884514
238.3126223205116,0.8765773011538032
238.320493398304,0.16075640259551466
238.3283644760964,0.49441916036229583
238.3362355538888,2.341023244646204
238.3441066316812,1.575084791323528
238.3519777094736,3.1475546552676574
238.359848787266,0.03854323850832989
238.3677198650584,4.301270857598693
238.3755909428508,0.49066749361454753
238.3834620206432,0.6327923120908273
238.3913330984356,0.7255278375963137
238.399204176228,0.7742051297954552
238.4070752540204,0.1243732042393114
238.4149463318128,0.24208466669149614
238.4228174096052,1.3217639372833063
238.4306884873976,1.386619785276183
238.43855956519,0.15414802183085183
238.4464306429824,0.09623307997200943
238.4543017207748,0.014816075557388064
238.4621727985672,0.736912470300726
238.4700438763596,0.5638812684550749
238.477914954152,1.1383531505895097
238.4857860319444,0.17142179342727598
238.4936571097368,1.3600906273027176
238.5015281875292,0.1106501146383938
238.5093992653216,1.2145048180877351
238.517270343114,1.1967382208988258
238.5251414209064,0.0186838845731446
238.5330124986988,0.0022216007456533093
238.5408835764912,1.8344719998649268
238.5487546542836,1.5580731261751541
238.556625732076,0.14431276209806318
238.5644968098684,2.9365852342819783
238.5723678876608,0.5535754491754431
238.5802389654532,4.7085798300457125
238.5881100432456,0.14333924506170603
238.595981121038,0.30888201834366474
238.6038521988304,0.00906675830231556
238.6117232766228,0.039639139448988246
238.6195943544152,3.332095177807316
238.6274654322076,0.05358797939249101
238.63533651,0.21904174279318905
238.6432075877924,0.9498779564893121
238.6510786655848,0.20665415685898492
238.6589497433772,0.8394708690428943
238.6668208211696,0.7050720050997267
238.674691898962,3.8144772817875783
238.6825629767544,0.7472879490351565
238.6904340545468,0.9412275854396177
238.6983051323392,2.051431275265903
238.7061762101316,0.25225105711581336
238.714047287924,3.938721185976857
238.7219183657164,3.5346614224156885
238.7297894435088,2.2596428229828343
238.7376605213012,0.14028110497416996
238.7455315990936,1.7318248122727515
238.753402676886,2.078514400864248
238.7612737546784,1.110555049360535
238.7691448324708,0.9293405506164272
238.7770159102632,0.2901720540655363
238.7848869880556,0.5822455168417535
238.792758065848,0.49834837485266326
238.8006291436404,0.478443051894634
238.8085002214328,0.18144340900267306
238.8163712992252,0.7214452542953176
238.8242423770176,0.8588355492142924
238.83211345481,0.09408636445149975
238.8399845326024,1.7121306815097934
238.8478556103948,0.6076285071490958
238.8557266881872,4.251026129331482
238.8635977659796,1.4533080589053284
238.871468843772,0.9898244437809643
238.8793399215644,0.39743105620212654
238.8872109993568,2.964966229945518
238.8950820771492,1.5173194622276065
238.9029531549416,0.7368083397903983
238.910824232734,0.9815964963704155
238.9186953105264,0.6919308125075697
238.9265663883188,1.6566618347690956
238.9344374661112,0.9763089464570855
238.9423085439036,0.346243292813594
238.950179621696,1.309825801683484
238.9580506994884,2.734209817078094
238.9659217772808,0.17730521363504137
238.9737928550732,2.1872285652503565
238.9816639328656,1.0838395228771802
238.989535010658,1.9960238583026289
238.9974060884504,1.8550436240957946
239.0052771662428,0.5957477132754552
239.0131482440352,0.45170903521871986
239.0210193218276,1.3355496589299782
239.02889039962,0.8231672408298236
239.03676147741243,2.2386942089696564
239.04463255520483,0.2711035311285054
239.05250363299723,0.059286659988162474
239.06037471078963,1.4629515932251986
239.06824578858203,0.7889473930300201
239.07611686637443,1.1754292793346768
239.08398794416684,0.2568660417412905
239.0918590219592,0.29056337994632025
239.0997300997516,0.8589811361984261
239.107601177544,1.623203472734252
239.1154722553364,0.42119517614488766
239.1233433331288,0.11139347436004025
239.1312144109212,0.207930815253889
239.1390854887136,1.1836906137962988
239.146956566506,0.2414687241630468
239.1548276442984,0.0651339359763512
239.1626987220908,0.6781527646147558
239.1705697998832,1.373229768466962
239.17844087767563,0.9847536285058004
239.18631195546803,1.2405292411028823
239.19418303326043,1.79456269355836
239.20205411105283,2.117240909797647
239.20992518884523,0.058638590658014196
239.21779626663763,0.1430660491023977
239.22566734443004,0.5368762988586213
239.23353842222244,0.5507382010984337
239.24140950001484,0.27252869791303297
239.24928057780724,0.32728373255407234
239.25715165559964,0.8373931372646046
239.26502273339204,0.47046474447181774
239.27289381118445,0.8840367444169442
239.28076488897685,0.3877645492691647
239.28863596676925,0.3221422090680953
239.29650704456165,0.20762431508822024
239.30437812235405,0.43164201560925874
239.31224920014645,2.441734709918136
239.32012027793883,0.5383983446865686
239.32799135573123,0.9593265347411142
239.33586243352363,0.6278524722025608
239.34373351131603,0.09171023266564789
239.35160458910843,2.2030058587555605
239.35947566690083,0.9269579855682613
239.36734674469324,2.037577178498337
239.37521782248564,0.7322863007163126
239.38308890027804,1.7097663051434813
239.39095997807044,0.08535799209735595
239.39883105586284,0.7248889692445679
239.40670213365524,0.2885618297465088
239.41457321144765,0.46874807027897225
239.42244428924005,0.3321355036572899
239.43031536703245,0.15697985373866136
239.43818644482485,0.11310181563670191
239.44605752261725,1.19280188622538
239.45392860040965,0.43048224067508517
239.46179967820208,1.2765416604423336
239.46967075599449,0.4141483750203787
239.4775418337869,1.727885353757084
239.4854129115793,0.4002435368519803
239.4932839893717,0.2404704804428052
239.5011550671641,0.4691869425641045
239.5090261449565,0.22711565026536618
239.51689722274887,0.28474318725897096
239.52476830054124,0.11267761451949135
239.53263937833364,2.776468180780477
239.54051045612604,2.344159671676808
239.54838153391844,0.07913995551214875
239.55625261171085,0.36711525087937985
239.56412368950325,0.3039142371629858
239.57199476729565,0.3326048058708237
239.57986584508805,0.07800264122360842
239.58773692288045,0.36726906337832377
239.59560800067285,0.3930777553507842
239.60347907846528,0.797401107154165
239.61135015625769,0.02249439322422962
239.6192212340501,1.3920508534013825
239.6270923118425,0.0024918817937507644
239.6349633896349,0.7568922679314811
239.6428344674273,4.475353418469834
239.6507055452197,0.2902079408864158
239.65857662301207,0.683320914756959
239.66644770080447,0.6955962038367086
239.67431877859687,0.5131022530182653
239.68218985638927,0.5846921993304607
239.69006093418167,0.42224787688370996
239.69793201197407,0.4956222522223301
239.70580308976648,0.7467887135538638
239.71367416755888,0.6204497228768944
239.72154524535128,0.6753224277865774
239.72941632314368,1.1712013869178772
239.73728740093603,0.7641645577105372
239.74515847872848,3.7592311207934808
239.7530295565209,0.06335106527779066
239.7609006343133,0.3188224689127652
239.7687717121057,0.41907662374676147
239.7766427898981,2.303328701672057
239.7845138676905,2.1825271464897518
239.7923849454829,0.6088989448344485
239.80025602327527,1.3702930400848485
239.80812710106767,1.013727863615269
239.81599817886007,3.1016116597710015
239.82386925665247,1.2793777140294127
239.83174033444487,1.7931909166234619
239.83961141223728,0.4809052087928381
239.84748249002968,1.0162799877548587
239.85535356782208,1.2903540829850306
239.86322464561448,0.714184676592565
239.87109572340688,0.07665631731956778
239.87896680119928,0.06240235105563759
239.88683787899168,0.3403687431459213
239.8947089567841,3.8214877757615904
239.9025800345765,0.5253159920665037
239.9104511123689,0.5787915412605081
239.9183221901613,0.6530982810939847
239.9261932679537,0.37907484256325524
239.9340643457461,1.0209432054385283
239.9419354235385,2.1848578654547213
239.9498065013309,0.08450587945280363
239.95767757912327,1.810959667088921
239.96554865691567,1.0277096150818417
239.97341973470807,0.13035553844302258
239.98129081250048,0.09092566560202779
239.98916189029288,1.6456504747556746
239.99703296808528,1.9125807676083308
240.00490404587768,0.29381766467141013
240.01277512367008,1.456887674858884
240.02064620146248,0.65442423037265
240.02851727925488,1.2087499963526434
240.0363883570473,0.6144810256313256
240.0442594348397,0.857349321699066
240.0521305126321,1.1286107007413846
240.0600015904245,0.43677171051602415
240.0678726682169,0.010529436444553248
240.0757437460093,0.22949182659290163
240.0836148238017,0.6557889427759788
240.0914859015941,0.2161473136860881
240.0993569793865,0.5733375332432182
240.1072280571789,0.8081405258389645
240.1150991349713,1.4178023468651828
240.1229702127637,0.5093235269014638
240.1308412905561,1.6936183267799287
240.1387123683485,2.496108865912576
240.1465834461409,4.159807728650603
240.1544545239333,0.9788954224759383
240.1623256017257,0.47698617180875363
240.17019667951809,2.03284581297222
240.1780677573105,0.16080634975483285
240.1859388351029,1.4572077784206625
240.1938099128953,1.3811233975538324
240.2016809906877,0.05110758183924148
240.2095520684801,0.03742538911969177
240.2174231462725,1.8659752154230527
240.2252942240649,0.34029770046420504
240.2331653018573,1.429414450578017
240.2410363796497,1.0485369561272428
240.2489074574421,1.6550204290338153
240.2567785352345,1.1491859807616536
240.2646496130269,2.160353010503451
240.2725206908193,1.854465762202142
240.2803917686117,1.0139950397338835
240.2882628464041,1.4022874329800057
240.2961339241965,1.0448416712823199
240.3040050019889,0.5310532229921716
240.3118760797813,0.3136895501011925
240.3197471575737,0.27103584330200264
240.3276182353661,0.9573319540346212
240.3354893131585,0.9613542885251488
240.3433603909509,0.3921364540465268
240.3512314687433,0.5668951634783405
240.35910254653567,0.37835091992157166
240.36697362432807,0.29841864423908143
240.37484470212053,0.3397857697678529
240.3827157799129,0.30713769683436243
240.3905868577053,0.4507217589467133
240.3984579354977,0.8387706941085099
240.4063290132901,1.0747061289277042
240.4142000910825,2.365325175797067
240.4220711688749,2.281695102734582
240.4299422466673,0.7852151708585119
240.4378133244597,2.0943547593019862
240.4456844022521,3.37504129494949
240.4535554800445,0.37838366427801623
240.4614265578369,1.1062403803224958
240.4692976356293,0.9503891289220009
240.4771687134217,3.7774700458850297
240.4850397912141,0.22478510909693958
240.4929108690065,1.0777270311141918
240.50078194679887,1.7259471699380262
240.50865302459133,0.09362252875987086
240.51652410238373,1.2275949321619823
240.52439518017613,0.1355019624997353
240.53226625796853,1.904011167160485
240.54013733576093,1.5241051568922583
240.54800841355333,0.07646606922888464
240.5558794913457,0.12328318986453198
240.5637505691381,1.6493539626484006
240.5716216469305,1.68760258578596
240.5794927247229,2.3731366298832044
240.5873638025153,0.933676856341983
240.59523488030771,0.24248168481360324
240.6031059581001,1.339064879378318
240.6109770358925,0.13863437326816022
240.6188481136849,2.1519269486825223
240.6267191914773,0.662544965333208
240.6345902692697,0.11827372633566693
240.64246134706207,0.8638774522856243
240.65033242485453,1.2571783497051794
240.65820350264693,0.12013157402103875
240.66607458043933,1.789482689813859
240.67394565823173,0.1424797377624904
240.68181673602413,0.6484775773097017
240.68968781381653,0.914242336545996
240.6975588916089,2.222782148503314
240.7054299694013,1.0822875809991317
240.7133010471937,1.3160491823835838
240.7211721249861,1.3491884628949673
240.7290432027785,0.5050795743775673
240.73691428057091,0.39099972197123867
240.74478535836332,0.37485367661188035
240.75265643615572,0.6749008486659528
240.76052751394812,0.509965126970722
240.76839859174052,1.0912324807337255
240.77626966953292,0.27319075727917674
240.78414074732532,0.7471105874986317
240.79201182511773,1.8622929629302658
240.79988290291016,0.9784437619883966
240.80775398070256,4.273629064596063
240.81562505849493,0.17530123438809966
240.82349613628733,6.724107495896317
240.83136721407973,0.5555221298890387
240.8392382918721,0.08389883880543492
240.8471093696645,2.0675095328171484
240.8549804474569,1.431606478321231
240.8628515252493,0.3753280795136096
240.8707226030417,0.21909925911306194
240.87859368083411,0.4995616519300916
240.88646475862652,0.053483489263144134
240.89433583641892,0.0483759962808615
240.90220691421132,0.280723619512142
240.91007799200372,0.6974930988672016
240.91794906979612,0.9706246876262761
240.92582014758852,0.08393909810682815
240.93369122538093,0.44766320901846685
240.94156230317336,1.9172982832054724
240.94943338096576,0.637057025494669
240.95730445875816,1.440183682712809
240.96517553655056,0.5644853396946797
240.97304661434296,0.04210332866618944
240.98091769213536,0.33789592489343995
240.98878876992777,0.44022639226312915
240.99665984772017,3.2888624011144816
241.00453092551257,0.592453087001848
241.01240200330497,0.7808480587725847
241.02027308109737,1.8732711699542437
241.02814415888972,0.9231164022449831
241.03601523668212,0.4911398211646801
241.04388631447452,0.19590300294224236
241.05175739226692,3.509874904242563
241.05962847005932,2.61976117759774
241.06749954785172,0.20247931670020183
241.07537062564413,0.7905815161567233
241.08324170343656,0.6555902026551574
241.09111278122896,0.03357372638389608
241.09898385902136,0.2190211595183516
241.10685493681376,1.9962452315789072
241.11472601460616,4.963333673531715
241.12259709239856,0.166729149161217
241.13046817019097,2.4244330975671176
241.13833924798337,0.3270638177303875
241.14621032577577,3.9346267789757525
241.15408140356817,1.2101264856536325
241.16195248136057,0.31851034447377574
241.16982355915297,0.12892309562893664
241.17769463694535,0.1919738409477978
241.18556571473775,0.9332986172832054
241.19343679253015,0.31666223505550906
241.20130787032255,2.522536651558958
241.20917894811495,0.6073988143186039
241.21705002590735,0.28187272347994463
241.22492110369976,0.12167130527995235
241.2327921814922,0.43460181067180637
241.2406632592846,5.606187958311978
241.24853433707696,1.851456472962536
241.25640541486936,1.8262084630625743
241.26427649266176,1.1132251560074544
241.27214757045417,1.4807115839331046
241.28001864824657,0.45121476049116716
241.28788972603897,0.286857061062747
241.29576080383137,1.4146080161290497
241.30363188162377,2.1498107875123864
241.31150295941617,0.003963849450761434
241.31937403720855,0.2741772480055846
241.32724511500095,0.07410317123295371
241.33511619279335,3.2188969053833114
241.34298727058575,2.348551421694887
241.35085834837815,0.8848762639743311
241.35872942617056,1.042707438305004
241.36660050396296,1.8060914060923894
241.3744715817554,0.9032327765514738
241.3823426595478,0.05841846137699164
241.3902137373402,0.19961709571753156
241.3980848151326,1.049818277213732
241.405955892925,0.04085989036052314
241.4138269707174,0.0407415143898162
241.4216980485098,0.5637247994368014
241.4295691263022,0.17341760666552303
241.4374402040946,0.02789939134108683
241.445311281887,0.44658148439395123
241.4531823596794,1.5859119002741024
241.46105343747175,1.0084757851012163
241.46892451526415,0.81977366559751
241.47679559305655,0.1590677507323475
241.48466667084895,4.239294774246608
241.49253774864135,1.303528727212085
241.50040882643376,0.5184160090746405
241.50827990422616,1.9056518034378185
241.5161509820186,2.505245301582846
241.524022059811,1.7137640258893398
241.5318931376034,1.872370132013015
241.5397642153958,1.0061758833066092
241.5476352931882,0.3731383997291438
241.5555063709806,0.14789334202396798
241.563377448773,1.989911049131963
241.5712485265654,0.07795634759856342
241.5791196043578,0.14816492617514138
241.5869906821502,0.41801250068266704
241.5948617599426,4.544041969854652
241.602732837735,0.33671911795485465
241.6106039155274,0.330712351041966
241.6184749933198,1.060099487546185
241.6263460711122,1.275109078170791
241.6342171489046,0.01275507037931998
241.642088226697,1.3749880137452173
241.6499593044894,1.9325187991693462
241.65783038228184,0.6246604900136693
241.66570146007425,1.3986577053866958
241.6735725378666,0.6982118578380017
241.681443615659,0.530456240538536
241.6893146934514,0.23935529920117332
241.6971857712438,0.03886189365902157
241.7050568490362,0.8322248579002408
241.7129279268286,2.934904099182009
241.720799004621,3.5249938002587546
241.7286700824134,1.8847763526575925
241.7365411602058,0.33391132760432085
241.7444122379982,0.36551822991413535
241.7522833157906,0.1844213478658999
241.760154393583,0.9996354056575008
241.7680254713754,2.355725740040323
241.7758965491678,6.5168784397440565
241.7837676269602,3.1791109147888523
241.7916387047526,2.024409864037154
241.79950978254504,0.18736337701285846
241.80738086033745,1.554824210347983
241.81525193812985,0.9569566056413636
241.82312301592225,0.9585447539889567
241.83099409371465,0.4990093206148986
241.83886517150705,2.1154591679582295
241.84673624929945,1.1362612687748543
241.85460732709183,2.012572818592377
241.86247840488423,0.46730860310651423
241.87034948267663,3.3295341142125823
241.87822056046903,0.33681444241664665
241.88609163826143,2.242063393143283
241.8939627160538,0.5710874316174466
241.9018337938462,0.9912035160997781
241.9097048716386,1.8743283753130444
241.917575949431,1.3676121289304635
241.9254470272234,1.1141707501844955
241.9333181050158,0.2828329252075747
241.94118918280824,1.5567936936103075
241.94906026060065,0.530843258283095
241.95693133839305,0.45721742360357087
241.96480241618545,0.26334008559081534
241.97267349397785,0.4817904917072003
241.98054457177025,1.2528780152731385
241.98841564956265,0.7971258118061177
241.99628672735503,0.40381266790887005
242.00415780514743,7.240170730655322
242.01202888293983,0.22763466787513392
242.01989996073223,0.18573426812174676
242.02777103852463,2.306495518185475
242.03564211631704,0.34162390418649735
242.04351319410944,4.301004289992784
242.05138427190184,0.6486088584847365
242.05925534969424,0.41421606587426435
242.06712642748664,0.7161237006950829
242.07499750527904,1.1174069852485837
242.08286858307144,0.013170692070470953
242.09073966086385,4.224087946132159
242.09861073865625,0.21059224263076912
242.10648181644865,0.12242486055054852
242.11435289424105,0.3734408615221609
242.12222397203345,0.020659146384944916
242.13009504982583,0.17640310914984378
242.13796612761823,0.5565654228467954
242.14583720541063,0.7087177421803208
242.15370828320303,0.3776828578806034
242.16157936099543,0.355751968300442
242.16945043878783,0.6284993393331054
242.17732151658024,0.7776578536965393
242.18519259437264,1.6276519857772254
242.19306367216504,0.03113902311431616
242.20093474995744,0.43803332866535283
242.20880582774984,0.11822162349756551
242.21667690554224,1.1531998658819615
242.22454798333465,0.4717170968468413
242.23241906112705,0.06387934523811974
242.24029013891945,2.3401939778232848
242.24816121671185,0.2591622560415733
242.25603229450425,0.24707297313701085
242.26390337229665,0.6957681170638832
242.27177445008903,0.45049778680225233
242.27964552788143,1.1527687300599632
242.28751660567383,2.49200022968193
242.29538768346623,0.003382319421482634
242.30325876125863,0.22073623660139358
242.31112983905103,0.39825854535542415
242.31900091684344,0.516060125372375
242.32687199463584,1.0165298053164489
242.33474307242824,0.5450320353843054
242.34261415022064,6.198400110603683
242.35048522801304,2.500618453712803
242.35835630580544,0.7034201373735085
242.36622738359785,1.8764397747502088
242.37409846139025,3.2771418006877564
242.38196953918265,0.5571889180184164
242.38984061697505,0.8177835443806987
242.39771169476745,3.3118155743007476
242.40558277255985,1.9740222769612181
242.41345385035223,1.1900440899772995
242.42132492814463,0.2862719911238355
242.42919600593703,0.4479185057408932
242.43706708372943,0.11746567163644013
242.44493816152183,2.6022087852539033
242.45280923931423,2.093428369832717
242.46068031710664,0.10081369121239035
242.46855139489907,0.5889037335676327
242.47642247269147,0.3183247129252169
242.48429355048387,0.7713199287988218
242.49216462827627,0.28186766402483915
242.50003570606867,0.04431779864095423
242.50790678386107,0.4991893613135289
242.51577786165348,0.021276212974992246
242.52364893944588,0.1828859936114183
242.53152001723828,2.199906907872311
242.53939109503065,2.503553159640617
242.54726217282305,1.0405531919735123
242.55513325061543,0.09118304105028727
242.56300432840783,0.2883816160501271
242.57087540620023,0.5203151894653685
242.57874648399263,1.2784864897580588
242.58661756178503,0.28468560415021416
242.59448863957743,2.200598959709617
242.60235971736984,0.364730642933547
242.61023079516227,0.021764604306106113
242.61810187295467,0.7122000444784522
242.62597295074707,5.255892982655153
242.63384402853947,1.6165016787994193
242.64171510633187,0.07999475226481034
242.64958618412427,1.1609706994287774
242.65745726191668,1.2823448608294767
242.66532833970908,0.5756238458409548
242.67319941750148,0.015465811866032948
242.68107049529388,1.9778316669425198
242.68894157308628,0.4124071242644652
242.69681265087868,2.5446895386088895
242.70468372867109,1.6061159246750352
242.7125548064635,0.08506844059986125
242.7204258842559,3.0428731857789963
242.7282969620483,1.3098157430511461
242.7361680398407,2.420447011618021
242.7440391176331,2.0296691278636967
242.75191019542547,0.9542050449670909
242.75978127321787,0.84915185822669
242.76765235101027,0.5966893934029142
242.77552342880267,1.5264957575266624
242.78339450659507,1.8124578223093868
242.79126558438747,0.3680259149708867
242.79913666217988,4.771635565747841
242.80700773997228,1.0813915603732196
242.81487881776468,0.2869712951032886
242.82274989555708,0.3808568433865067
242.83062097334948,1.2326095090522498
242.83849205114188,0.44779919522761796
242.84636312893429,0.18519917722238213
242.8542342067267,0.06500970645099478
242.8621052845191,1.1031243801430344
242.8699763623115,1.3889647604659643
242.8778474401039,0.6836655809361885
242.8857185178963,0.905361098965711
242.8935895956887,1.0737113197522044
242.9014606734811,3.3294625050020046
242.9093317512735,1.9928363617487515
242.9172028290659,0.1853108621412593
242.9250739068583,0.6508664267015475
242.9329449846507,0.8912284260077876
242.9408160624431,1.8984075882604534
242.9486871402355,1.05650000310579
242.9565582180279,3.182176581842166
242.9644292958203,1.388311582811859
242.97230037361268,0.5799569785539906
242.98017145140508,1.7132854879964656
242.9880425291975,0.28029637599285656
242.9959136069899,0.16691494797383238
243.0037846847823,1.4449726535408751
243.0116557625747,0.8366608408651127
243.0195268403671,0.19362800992739884
243.0273979181595,0.8139219687364876
243.0352689959519,4.930478633589366
243.0431400737443,0.2154547477037076
243.0510111515367,1.6474558449941024
243.0588822293291,2.880209616939823
243.0667533071215,1.3196106723267953
243.0746243849139,0.14145257727937308
243.0824954627063,0.08073127619189155
243.0903665404987,0.31773246246410797
243.0982376182911,0.4708185688151221
243.1061086960835,1.323119692858025
243.1139797738759,0.8222166933446445
243.1218508516683,0.6179681326448269
243.12972192946071,0.23982899616756814
243.13759300725312,0.6571108963024385
243.14546408504552,0.573737651043144
243.15333516283792,1.829798608469198
243.16120624063032,2.5832631815023683
243.16907731842272,0.44382141172303907
243.17694839621512,1.2398461218928982
243.1848194740075,0.10121921093146884
243.1926905517999,0.23449370410630344
243.2005616295923,0.48971479150654684
243.2084327073847,0.17830278258099455
243.2163037851771,0.5099869569691005
243.2241748629695,0.7581314475022103
243.2320459407619,1.128781357001023
243.2399170185543,1.0078525818687123
243.2477880963467,0.7611558599151435
243.2556591741391,1.0161331558564197
243.2635302519315,2.40354631567811
243.27140132972391,0.7890565553115889
243.27927240751632,0.19311568887172043
243.28714348530872,3.1267697255393108
243.29501456310112,2.090136915429054
243.30288564089352,1.1822866468995752
243.31075671868592,2.470733005716703
243.31862779647832,0.3750296986039302
243.32649887427075,0.47662129293443456
243.33436995206316,3.6937532249778826
243.34224102985556,1.0996493697729965
243.35011210764796,2.469214172196737
243.35798318544036,1.0739863529736893
243.36585426323276,0.20331069120800815
243.37372534102516,0.05002389189321352
243.38159641881757,1.1880961107795707
243.38946749660997,3.3013197349386973
243.3973385744023,0.1761944147892773
243.4052096521947,1.4269082371475952
243.41308072998712,0.015760579561371113
243.42095180777952,1.3205983470282767
243.42882288557192,0.46054617787983454
243.43669396336432,0.5275725556603967
243.44456504115672,0.006826246912772156
243.45243611894912,0.02768292445804699
243.46030719674152,4.668799791154366
243.46817827453395,0.3839747060677743
243.47604935232636,0.3894939230986632
243.48392043011876,1.8560770206688897
243.49179150791116,0.04999153005623241
243.49966258570356,0.7141329525115433
243.50753366349596,2.396344309861285
243.51540474128836,0.41556174701379517
243.52327581908077,0.34911904053728143
243.53114689687317,1.5802297459645438
243.53901797466557,0.5581387640587706
243.54688905245797,1.944809441791654
243.55476013025037,0.8220301200193155
243.56263120804277,1.1299647023722588
243.57050228583515,0.9241715956791098
243.57837336362755,1.628564136631358
243.58624444141995,0.9290061759586434
243.59411551921235,1.1728580452482886
243.60198659700475,1.2299036745327938
243.60985767479715,3.215104318633894
243.61772875258956,0.8014951961187319
243.62559983038196,0.36287427721526716
243.63347090817436,0.5966137521018104
243.64134198596676,0.13480137556856459
243.64921306375916,0.9105571373177631
243.65708414155156,0.542644206658039
243.66495521934397,2.3932290487000034
243.67282629713637,1.1293861297119643
243.68069737492877,1.1279756948758244
243.68856845272117,0.028854485805234826
243.69643953051357,4.188145812713934
243.70431060830597,1.5236618889483766
243.71218168609835,0.30610629072182977
243.72005276389075,0.08201714104004204
243.72792384168315,3.400451361104543
243.73579491947555,0.23968130378189195
243.74366599726795,0.2554145795172131
243.7515370750604,0.872279659028623
243.7594081528528,0.557031515503149
243.7672792306452,0.07065649793764271
243.7751503084376,0.33558228958239195
243.78302138623,0.630451069286392
243.7908924640224,0.05163980174610965
243.7987635418148,0.575563445659935
243.8066346196072,1.4151550940093998
243.8145056973996,0.3785319889087913
243.822376775192,0.5315044283229301
243.83024785298437,1.7311542638315782
243.83811893077677,0.879268747469955
243.84599000856915,0.7082445438315508
243.85386108636155,1.2384031406829572
243.86173216415395,1.7124298662475874
243.86960324194635,0.07786516697858928
243.87747431973875,1.541233254455576
243.88534539753115,0.42786432753720355
243.8932164753236,0.5311715473763835
243.901087553116,0.4261316597940898
243.9089586309084,0.17739520411796972
243.9168297087008,0.14315902969662073
243.9247007864932,0.179622383311565
243.9325718642856,0.41130963810023863
243.940442942078,0.6544995249462593
243.9483140198704,0.716196182464044
243.9561850976628,0.1356505005910849
243.9640561754552,0.5702400977658977
243.9719272532476,0.10341390225864094
243.97979833104,0.39736815285736343
243.9876694088324,1.570409471412799
243.9955404866248,0.8154895256295718
244.0034115644172,0.1819488970233744
244.0112826422096,0.9865063152867021
244.019153720002,1.8736953331640693
244.0270247977944,0.6072934346977729
244.0348958755868,0.6231250184965436
244.0427669533792,2.739498721285458
244.0506380311716,0.7041077454516129
244.058509108964,0.583126718743561
244.0663801867564,0.10828855608562905
244.0742512645488,2.589402431809134
244.0821223423412,1.195314401308576
244.0899934201336,0.17044160251852114
244.097864497926,0.0695532291579547
244.1057355757184,0.36245683385458083
244.1136066535108,1.1727419735147158
244.1214777313032,0.3815299051917604
244.1293488090956,2.070455264300095
244.137219886888,0.8364967054810752
244.1450909646804,0.47878055601409186
244.1529620424728,0.227083758766413
244.1608331202652,0.6695425024900125
244.1687041980576,3.59815466730663
244.17657527585,2.933170820285968
244.1844463536424,0.07815760511441343
244.1923174314348,1.0000071066639096
244.2001885092272,1.2200958084082563
244.2080595870196,0.08737912651545456
244.215930664812,0.7627085648879193
244.2238017426044,1.525882332896299
244.2316728203968,1.0411143286668303
244.2395438981892,0.12699225950906298
244.2474149759816,0.2840170526067458
244.255286053774,0.21948964281633426
244.2631571315664,0.7924408801184664
244.2710282093588,0.1251349734850492
244.2788992871512,0.737735684458917
244.2867703649436,0.2898901204414035
244.294641442736,0.5894086550992773
244.3025125205284,0.05181106418486878
244.3103835983208,0.6734511307596096
244.3182546761132,4.282480800014957
244.3261257539056,2.4214411543156897
244.333996831698,0.8989612949654655
244.3418679094904,0.010742190858151819
244.3497389872828,0.7662924726470646
244.3576100650752,0.4882819891489369
244.3654811428676,0.3028687015273914
244.37335222066,2.204412912175021
244.3812232984524,0.08976857383278686
244.3890943762448,0.8878265777680912
244.3969654540372,2.5840556576969154
244.4048365318296,3.4157044390592306
244.412707609622,0.6621485441264354
244.4205786874144,2.026425791918316
244.4284497652068,1.6067200317727015
244.4363208429992,0.41264387209280934
244.4441919207916,0.1123321333264934
244.452062998584,0.7323677128162785
244.4599340763764,0.45290956171584534
244.4678051541688,0.11707009619655566
244.4756762319612,0.025053256447317936
244.4835473097536,0.06533435047277927
244.491418387546,1.0617152106272498
244.4992894653384,0.060912407069562004
244.5071605431308,1.6135425996279533
244.5150316209232,0.26314378124980725
244.5229026987156,0.08589649836621172
244.530773776508,0.5899253387295179
244.5386448543004,0.24850715106079305
244.5465159320928,0.24936844746955894
244.5543870098852,0.21702889194318448
244.5622580876776,0.1486788256437292
244.57012916547,0.05936114894327392
244.5780002432624,0.6419955036030613
244.5858713210548,1.2793769197552904
244.5937423988472,0.6154315849278522
244.6016134766396,1.0992301768572539
244.609484554432,0.026961344188882793
244.6173556322244,2.522952733593561
244.6252267100168,0.9294468081959925
244.6330977878092,1.849167507644643
244.6409688656016,0.2934234395939182
244.648839943394,0.47505393648854
244.6567110211864,0.23404068393639144
244.66458209897883,0.42923779672597523
244.67245317677123,1.3666057097224513
244.68032425456363,0.1145862865511019
244.688195332356,0.33697782752878197
244.6960664101484,5.201416127958488
244.7039374879408,0.12566649879025665
244.7118085657332,3.6948659121855405
244.7196796435256,1.64178760079568
244.727550721318,1.508538247987344
244.7354217991104,0.1373163923806359
244.7432928769028,2.277672932594626
244.7511639546952,2.0851887334299066
244.7590350324876,0.044462483587992735
244.76690611028,1.0709677202903838
244.7747771880724,1.0854749902889032
244.7826482658648,0.18071990559030315
244.7905193436572,0.8539908994653425
244.7983904214496,2.5472601499757097
244.80626149924203,0.5105504169908623
244.81413257703443,0.055608019638333894
244.82200365482683,0.5897107210943443
244.82987473261923,0.09954557051002222
244.83774581041163,0.4723154106106477
244.84561688820403,0.02063133495510457
244.85348796599644,4.179044186605421
244.86135904378884,0.5501229834942565
244.86923012158124,1.3427082152764414
244.87710119937364,0.4995648798739573
244.88497227716604,2.4963459370399588
244.89284335495844,0.19374148604584707
244.90071443275085,0.5223879737566954
244.9085855105432,2.2883031693771323
244.9164565883356,0.6494717824872552
244.924327666128,0.3398840137084819
244.9321987439204,1.1487812966887763
244.94006982171285,0.6676034634333935
244.94794089950523,0.9250848060076122
244.95581197729763,0.37037634973012806
244.96368305509003,0.48148502198542675
244.97155413288243,1.3262639742421507
244.97942521067483,0.30639029508055476
244.98729628846723,0.051808888462438564
244.99516736625964,1.03425867610973
245.00303844405204,0.7441723521899314
245.01090952184444,1.833346559518041
245.01878059963684,0.8375763411320625
245.02665167742924,2.321411194578667
245.03452275522164,1.267591738279723
245.04239383301405,7.818475478017698
245.05026491080645,4.511379502976873
245.05813598859885,0.534626894709358
245.06600706639125,0.9228468908554919
245.07387814418365,0.9928485475156892
245.08174922197605,1.826948496551769
245.08962029976848,1.3426074269696415
245.09749137756089,1.4542083154523142
245.1053624553533,5.565644257327875
245.1132335331457,2.0112913073976064
245.12110461093803,1.152238681469641
245.12897568873043,2.6413002161214725
245.13684676652284,1.1474330359050084
245.14471784431524,1.020869080492241
245.15258892210764,0.553155449052851
245.16045999990004,0.09528446521070821
245.16833107769244,1.8932687566334583
245.17620215548484,0.47995259965133175
245.18407323327725,0.1493083478228276
245.19194431106965,0.18394938073839928
245.19981538886205,0.3365210072936744
245.20768646665445,2.0433149078046258
245.21555754444685,0.6472407705920988
245.22342862223925,0.8507633103366904
245.23129970003168,0.8302758626389471
245.23917077782409,0.8198259611246187
245.2470418556165,0.7281326017113533
245.2549129334089,1.3336589302122845
245.2627840112013,1.072387462686773
245.2706550889937,3.663441646444336
245.2785261667861,0.6024125170176002
245.28639724457847,0.5010133160400827
245.29426832237087,0.1491978538604339
245.30213940016327,1.73455758399749
245.31001047795567,1.3654101703302763
245.31788155574807,0.17064507351491484
245.32575263354047,1.2090012905513086
245.33362371133285,0.722713005857392
245.34149478912525,0.22549308882042776
245.34936586691765,1.2793719109686577
245.35723694471005,1.1783780243410495
245.36510802250243,0.06574257473398852
245.37297910029488,1.0085167787180616
245.3808501780873,0.07523470164142544
245.3887212558797,0.35202519443666724
245.3965923336721,1.0104669537352742
245.4044634114645,0.7615408279514698
245.4123344892569,0.5044939394044683
245.4202055670493,0.13495157122213416
245.42807664484167,0.40131957780424726
245.43594772263407,0.01994336191816129
245.44381880042647,0.23404186289223103
245.45168987821887,0.0009158026964063638
245.45956095601127,0.37428623793983923
245.46743203380368,0.4257638643733394
245.47530311159608,0.585268536069506
245.48317418938848,0.28473557212388506
245.49104526718088,0.4787713377868612
245.49891634497328,0.03649334792845253
245.50678742276568,1.8067008479146662
245.51465850055808,1.099586215968031
245.5225295783505,0.20200738013591277
245.5304006561429,1.338738463808376
245.5382717339353,2.72302736690629
245.5461428117277,2.5806841021339935
245.5540138895201,1.790469626860816
245.5618849673125,0.26350649739349585
245.56975604510487,0.23864609373904694
245.57762712289727,0.296530174597013
245.58549820068967,0.42661293231153
245.59336927848207,0.5034908343622473
245.60124035627447,0.6767993584572665
245.60911143406688,3.096464111021575
245.61698251185928,0.027330360996144658
245.62485358965168,0.013924114002195028
245.63272466744408,0.4414795373804118
245.64059574523648,0.08934927458501525
245.64846682302888,2.2249805471527133
245.65633790082128,0.4383012905037594
245.6642089786137,0.18269481243576913
245.6720800564061,0.0525368974789122
245.6799511341985,0.22601999595859157
245.6878222119909,0.021572524812626327
245.6956932897833,0.5114730264715053
245.7035643675757,1.0334356990424265
245.7114354453681,0.16212111045119992
245.7193065231605,0.7638738734705248
245.7271776009529,0.3688761036806336
245.7350486787453,1.4275195273011692
245.7429197565377,1.0194248179795409
245.7507908343301,1.198826759669645
245.7586619121225,3.003095455362093
245.76653298991488,0.11195004484169309
245.77440406770728,3.729511919133644
245.78227514549968,1.7338923550235368
245.79014622329208,1.0922044163655722
245.79801730108449,1.4119951649549862
245.8058883788769,0.24861640084638204
245.8137594566693,1.2574813423742863
245.8216305344617,1.7548459992682108
245.8295016122541,1.8202654327253556
245.8373726900465,0.992104971689798
245.8452437678389,0.33500400589799106
245.8531148456313,0.23287426605735378
245.8609859234237,1.2514385699643111
245.8688570012161,0.36900173499368905
245.8767280790085,2.1364557176781185
245.8845991568009,2.1340026759701765
245.8924702345933,0.1339843432245072
245.9003413123857,2.2996944951210465
245.9082123901781,1.459514654050989
245.9160834679705,0.5411857570577469
245.9239545457629,1.7948980813229123
245.9318256235553,0.023866974658255668
245.9396967013477,0.8378914535708221
245.9475677791401,0.6809964029611747
245.9554388569325,0.17251221346932938
245.9633099347249,1.5614522310276802
245.9711810125173,0.5273373570110057
245.9790520903097,0.5846056709138243
245.9869231681021,0.750338952529128
245.9947942458945,2.8226001230895745
246.0026653236869,1.1573008437591878
246.0105364014793,1.5332340350479063
246.0184074792717,0.4600985708867007
246.0262785570641,0.08367749375920822
246.0341496348565,0.7139490293502061
246.0420207126489,0.31826915696464725
246.0498917904413,0.42792987882693084
246.0577628682337,0.4588276477108957
246.0656339460261,0.21086353851682016
246.0735050238185,0.5728567344609664
246.0813761016109,0.7929945548019639
246.0892471794033,0.622978135372717
246.0971182571957,0.9811321228043881
246.1049893349881,1.5978386418266126
246.1128604127805,0.43741849328296395
246.1207314905729,1.0200448590940394
246.12860256836527,0.9408716124761465
246.13647364615773,0.255324495783247
246.14434472395013,1.2657528069001656
246.15221580174253,2.67921516330193
246.16008687953493,0.24506378994172723
246.16795795732733,0.15579756273955941
246.17582903511973,0.10307798135970928
246.1837001129121,1.991820655149912
246.1915711907045,0.1431364572474373
246.1994422684969,1.0272445259791207
246.2073133462893,3.2549081116914294
246.2151844240817,3.1709080546532595
246.2230555018741,0.8545607778675074
246.2309265796665,3.426111622114031
246.2387976574589,0.27477706825018927
246.2466687352513,0.2087599367617638
246.2545398130437,4.029902446901196
246.2624108908361,1.1176775233962057
246.27028196862847,0.9252308948212961
246.27815304642093,2.718379252575635
246.28602412421333,0.33848904388577034
246.29389520200573,0.5512939565260663
246.30176627979813,3.8564521603008406
246.30963735759053,0.4312643705819326
246.31750843538293,0.7466585863204241
246.3253795131753,4.509680213916974
246.3332505909677,1.0029676694232725
246.3411216687601,0.14526365839748995
246.3489927465525,2.8285840258069332
246.3568638243449,1.0595495402069652
246.36473490213731,1.8810318528333025
246.37260597992972,3.2366982637880115
246.38047705772212,0.8069684273989038
246.38834813551452,0.5675024817013061
246.39621921330692,0.13994033284634705
246.40409029109932,4.343667631727117
246.41196136889167,1.058147367343861
246.41983244668413,0.5084313990010338
246.42770352447653,2.3561080405525887
246.43557460226893,1.4510234986379282
246.44344568006133,0.251322335341559
246.45131675785373,0.2283044848530351
246.45918783564613,0.03689398450546498
246.4670589134385,0.2683424956131018
246.4749299912309,0.6353356259343116
246.4828010690233,0.6599621495014609
246.4906721468157,0.17430809165605027
246.4985432246081,0.03844889593993885
246.50641430240051,0.3767423704754503
246.51428538019292,0.23289574083522813
246.52215645798532,0.08480113552809149
246.53002753577772,0.7259339473995216
246.53789861357012,0.28371511107504155
246.54576969136252,0.1834403811170012
246.55364076915492,0.34805943418710084
246.56151184694733,0.03923928565309498
246.56938292473976,0.15229253665230352
246.57725400253216,0.1748427911487128
246.58512508032456,0.9935305235202673
246.59299615811696,1.5074591609241657
246.60086723590936,0.6262167168935228
246.60873831370176,0.06766900359923018
246.61660939149417,0.09465641957191985
246.62448046928657,0.08543307231499388
246.6323515470789,0.21112917731132955
246.6402226248713,2.725452498980469
246.64809370266372,0.4051713298435875
246.65596478045612,0.3042341008663522
246.66383585824852,0.18655100344434178
246.67170693604092,0.8823069883518928
246.67957801383332,1.8022141264768945
246.68744909162572,0.37649421946985623
246.69532016941812,0.1860153115682971
246.70319124721053,0.3011682454616282
246.71106232500296,0.11867511868473207
246.71893340279536,0.9683804937509156
246.72680448058776,0.8245530558889045
246.73467555838016,0.10943326762341253
246.74254663617256,2.284744574792675
246.75041771396496,1.5518167055850025
246.75828879175737,0.6005565999585784
246.76615986954977,2.6126942058551457
246.77403094734217,0.1337854880536928
246.78190202513457,2.306482912996611
246.78977310292697,0.20742268065802846
246.79764418071937,2.151128018315614
246.80551525851175,0.9568457773049198
246.81338633630415,0.3412903276292663
246.82125741409655,2.8232676085962507
246.82912849188895,2.749975275988583
246.83699956968135,3.0819672628449397
246.84487064747373,2.0067185852775498
246.85274172526616,2.679373627258514
246.86061280305856,0.6191753038268502
246.86848388085096,0.3050423587470115
246.87635495864336,0.1497975622957138
246.88422603643576,0.6564534687806481
246.89209711422816,0.4941419325087715
246.89996819202057,0.42847840423008715
246.90783926981297,0.6628650253986438
246.91571034760537,0.4822627832219349
246.92358142539777,1.3745185905696369
246.93145250319017,0.9133196317043314
246.93932358098257,2.6726829020422063
246.94719465877495,0.3416500444049045
246.95506573656735,0.30924934287977923
246.96293681435975,0.21241829288644856
246.97080789215215,0.8251623566655669
246.97867896994455,3.121642353203409
246.98655004773696,0.6338554550652006
246.99442112552936,0.27434476361616233
247.0022922033218,0.5586153333835573
247.0101632811142,1.2916281341447764
247.0180343589066,2.2041848582122183
247.025905436699,0.20725710940064568
247.0337765144914,4.771765821111786
247.0416475922838,5.355974721570685
247.0495186700762,0.008129774582893032
247.05738974786857,1.6021681039508975
247.06526082566097,0.38391436702536796
247.07313190345337,2.2547900093709825
247.08100298124577,1.1420395223326825
247.08887405903815,0.2197229472300759
247.09674513683055,3.0478470676870555
247.10461621462295,0.350195269675314
247.11248729241535,0.5245298832954008
247.12035837020775,0.8496420472015394
247.12822944800016,0.6668409648880012
247.13610052579256,2.1756027224257704
247.143971603585,0.22312840330374276
247.1518426813774,0.18011575709444747
247.1597137591698,0.15649979549431475
247.1675848369622,0.2940696953820545
247.1754559147546,0.34270752864661774
247.183326992547,0.15455168140978762
247.1911980703394,0.5869588135396003
247.1990691481318,1.0019128987048334
247.2069402259242,0.9855003650803486
247.2148113037166,0.4930823528578733
247.222682381509,0.4590111221631114
247.2305534593014,0.5432884331076088
247.2384245370938,0.08211991105759595
247.2462956148862,0.5069573153293375
247.2541666926786,0.17991917164415552
247.262037770471,0.016488203898450713
247.2699088482634,3.7600800153278677
247.27777992605576,0.6028170662830752
247.2856510038482,0.7182766668257067
247.2935220816406,0.5904610990095294
247.301393159433,1.5325485696877414
247.3092642372254,1.182356529545215
247.3171353150178,0.1698690996848258
247.3250063928102,2.7764885292226285
247.3328774706026,0.041592636245330473
247.340748548395,1.5695517633164182
247.3486196261874,0.6454005435747256
247.3564907039798,0.31896122088302586
247.3643617817722,0.9666196547135603
247.3722328595646,0.8382245071246237
247.380103937357,0.38238024270802906
247.3879750151494,0.051982990318787684
247.3958460929418,1.0985742467791395
247.4037171707342,0.9445198082917677
247.4115882485266,0.24746354161443157
247.419459326319,0.33443806218894145
247.42733040411144,1.7002963953640067
247.43520148190385,0.7678317399916053
247.44307255969625,0.3584898110703803
247.45094363748865,0.33212196566721547
247.45881471528105,2.7717123623177162
247.46668579307345,1.75487448805938
247.47455687086585,0.8338041278557368
247.48242794865823,2.0970758705993573
247.4902990264506,1.9125840974443835
247.498170104243,0.5818106337763558
247.5060411820354,0.43576484636958246
247.5139122598278,1.5492105463343173
247.5217833376202,0.4058055107820486
247.5296544154126,0.005573902724292456
247.537525493205,0.10460421365735334
247.5453965709974,0.06927629336538645
247.5532676487898,1.2962404846624713
247.5611387265822,0.6240685785596581
247.56900980437464,1.5039333630443568
247.57688088216705,0.6397800595084657
247.58475195995945,1.0501905087609238
247.59262303775185,1.1359602348773192
247.60049411554425,0.18251045044625783
247.60836519333665,1.968097859656718
247.61623627112905,2.41524763962302
247.62410734892143,1.6973132472733272
247.63197842671383,1.4277859156288797
247.63984950450623,1.235280026623369
247.64772058229863,0.2572273431863233
247.65559166009103,1.2799648342453136
247.66346273788344,2.301815988054543
247.67133381567584,0.028149219965037352
247.67920489346824,1.172884497329127
247.68707597126064,0.22162691630354758
247.69494704905304,2.5109608237371654
247.7028181268454,0.47395970232725926
247.71068920463784,0.2198660465544774
247.71856028243025,1.338679488708839
247.72643136022265,0.10929016396783314
247.73430243801505,0.9492264684991292
247.74217351580745,1.102407145167473
247.75004459359985,3.7391944865018125
247.75791567139223,1.145071874427286
247.76578674918463,1.8134661147921094
247.77365782697703,0.7686571968928537
247.78152890476943,0.553656979245968
247.78939998256183,0.37848470816215235
247.79727106035423,0.615650338139321
247.80514213814664,1.9480751107105696
247.81301321593904,0.6119971302742289
247.82088429373144,0.22959200582969777
247.82875537152384,1.1251555391099548
247.83662644931624,0.21923553204273225
247.84449752710864,0.7584773058368748
247.85236860490105,0.38279839175473923
247.86023968269345,1.3705834349997195
247.86811076048585,0.8184834592088283
247.87598183827825,0.09155771564382743
247.88385291607065,0.36322088955920834
247.89172399386305,0.13160132156004198
247.89959507165543,0.27462220951909727
247.90746614944783,0.49659581782060724
247.91533722724023,0.17640622718578863
247.92320830503263,0.18174517777441676
247.93107938282503,1.2908281033069129
247.93895046061743,0.7575488596162967
247.94682153840984,1.9786503703538207
247.95469261620224,1.073524923000181
247.96256369399464,0.2726167000728322
247.97043477178704,0.7131766865699318
247.97830584957944,1.7819951111161845
247.98617692737184,0.6649899650785736
247.99404800516425,1.0370915162022676
248.00191908295665,0.3296277754249488
248.00979016074905,0.5092213459301286
248.01766123854145,0.31270915487330164
248.02553231633385,0.6449392887723832
248.03340339412625,2.147119987801129
248.04127447191863,4.062258839245863
248.04914554971103,0.5191188694044769
248.05701662750343,0.8702817093215797
248.06488770529583,4.397612844769084
248.07275878308823,0.32846262810569377
248.08062986088063,2.201750452105095
248.08850093867304,0.12800641741917002
248.09637201646547,0.2151067336643379
248.10424309425787,0.40262952548333636
248.11211417205027,0.33311772565315045
248.11998524984267,1.053181874659894
248.12785632763507,0.4558594822341845
248.13572740542745,0.3146204340006803
248.14359848321985,0.11305396520313445
248.15146956101225,1.2304439243372836
248.15934063880465,2.6073998187719987
248.16721171659705,0.12641258042085335
248.17508279438945,1.2079242411186024
248.18295387218183,0.18275165586073686
248.19082494997423,2.85999122953775
248.19869602776663,1.177087751705596
248.20656710555903,1.079856629543871
248.21443818335143,1.7868194157822779
248.22230926114383,0.4977157970880918
248.23018033893624,3.1147399934729685
248.23805141672867,0.29971735503163527
248.24592249452107,2.816161360589894
248.25379357231347,1.6835138937139618
248.26166465010587,0.6612036322872678
248.26953572789827,0.09409085196075458
248.27740680569067,0.22798479777224048
248.28527788348308,0.11335166974222886
248.29314896127548,0.6437559990610431
248.30102003906788,1.3679819818898793
248.30889111686028,0.19037907529167308
248.31676219465268,1.1525862340511304
248.32463327244508,0.2139420364207395
248.33250435023749,0.27786626903090605
248.3403754280299,0.41671334992162573
248.34824650582223,1.948898586921189
248.35611758361463,0.5284637283809174
248.36398866140703,1.989472026245485
248.37185973919944,0.8385595411711847
248.37973081699187,0.7607162561834439
248.38760189478427,0.7379162045538203
248.39547297257667,2.2574711897536597
248.40334405036907,0.8400314853894728
248.41121512816147,0.07223710328713373
248.41908620595387,0.885512346284262
248.42695728374628,1.4167042828235956
248.43482836153868,0.9667827557160169
248.44269943933108,0.15687844301506365
248.45057051712348,0.23797655031902384
248.45844159491588,3.9370468313327502
248.46631267270828,0.8331830087216711
248.47418375050069,0.27017459814270783
248.4820548282931,0.1466029392566682
248.4899259060855,0.19868005306784078
248.4977969838779,0.45421529578344927
248.5056680616703,1.2793342550683442
248.5135391394627,0.11110442034432103
248.5214102172551,0.695727636554573
248.5292812950475,0.8308560165118893
248.5371523728399,0.27724277517169454
248.5450234506323,1.6545964944061202
248.5528945284247,0.16387699123304272
248.5607656062171,0.1343579508697388
248.56863668400948,2.504967697580334
248.57650776180188,0.1762291222784569
248.58437883959428,1.730108729707068
248.59224991738668,1.8983281802159273
248.60012099517908,1.9063269211831781
248.60799207297148,3.9670228545464323
248.6158631507639,0.985211454726297
248.6237342285563,0.563697914908306
248.6316053063487,1.6334966981648875
248.6394763841411,0.03473299732695824
248.6473474619335,2.2857297860403336
248.6552185397259,1.4005002467726848
248.6630896175183,1.261363604313641
248.6709606953107,2.896646523005151
248.6788317731031,0.6786594272555884
248.6867028508955,1.6380327121856946
248.6945739286879,1.160093764121477
248.7024450064803,0.009891635214518388
248.7103160842727,0.5922824471956465
248.7181871620651,0.5299816039795965
248.7260582398575,0.20127190213071613
248.7339293176499,0.2525520129091106
248.7418003954423,2.263247705820724
248.7496714732347,0.11765711908919504
248.75754255102711,0.04992862049111267
248.76541362881952,0.9448766041798116
248.77328470661192,0.008306134750589594
248.7811557844043,0.4778849509355078
248.7890268621967,1.2049398357598131
248.7968979399891,0.19149235038076992
248.8047690177815,1.0282702375482882
248.8126400955739,4.702616353896625
248.8205111733663,2.9839174778145696
248.8283822511587,0.29469427932320835
248.8362533289511,0.4037518524766218
248.8441244067435,0.04890674879345021
248.8519954845359,0.7889892937165445
248.8598665623283,1.897980417238996
248.8677376401207,0.9325139739648143
248.8756087179131,0.4581522289393682
248.8834797957055,1.2967474950302518
248.8913508734979,0.2956315684253698
248.89922195129031,0.9974274812804951
248.90709302908272,1.1019539456451237
248.91496410687512,1.4733213918708292
248.92283518466752,0.34231043815955264
248.93070626245992,3.251811413334566
248.93857734025232,1.4294922726600052
248.94644841804472,0.6124305802371048
248.95431949583715,0.08357439606885154
248.96219057362956,0.45359413487940353
248.97006165142196,0.059550596889277156
248.97793272921436,5.294515789001307
248.98580380700676,0.30803671432239965
248.9936748847991,0.22424807112508652
249.0015459625915,0.13676636605940315
249.0094170403839,1.6698734355892857
249.0172881181763,1.849888874995582
249.0251591959687,0.4604077324790817
249.0330302737611,0.06963839082473283
249.04090135155352,0.2416141579351908
249.04877242934592,0.1267947599453262
249.05664350713832,1.6264688028234207
249.06451458493072,2.8631718789140383
249.07238566272312,2.113119469248068
249.08025674051552,1.8742329471977457
249.08812781830792,1.0823255770843063
249.09599889610035,1.6094562317697645
249.10386997389276,0.21211283656521818
249.11174105168516,1.39733302860579
249.11961212947756,0.18050663017575658
249.12748320726996,0.8321453043259416
249.13535428506236,3.56970836539172
249.14322536285476,0.43514953975827286
249.15109644064717,0.16879967853743075
249.15896751843957,0.40259541129798027
249.16683859623197,3.104853424851027
249.17470967402437,0.5072382884119256
249.18258075181677,0.9167042632349165
249.19045182960917,0.1360962364297283
249.19832290740155,0.2518222054518083
249.20619398519395,0.21635561534121947
249.21406506298632,0.19085327611684433
249.22193614077872,2.435967498579465
249.22980721857112,0.8640797847341353
249.23767829636355,0.30468504508282385
249.24554937415596,0.3959474075368005
249.25342045194836,0.537517137456277
249.26129152974076,1.887705889307343
249.26916260753316,1.8808548707582933
249.27703368532556,0.18889679153760325
249.28490476311796,1.7428455708463442
249.29277584091037,2.7169927122515283
249.30064691870277,0.8147031588429815
249.30851799649517,0.7635548734329608
249.31638907428757,2.3675818726494584
249.32426015207997,0.07110575881272573
249.33213122987237,0.8760776011245179
249.34000230766475,0.78105993783498
249.34787338545715,0.10205900952550366
249.35574446324955,1.6172169444320377
249.36361554104195,0.4490521318920588
249.37148661883435,0.023702799334057223
249.3793576966268,3.9062407416041602
249.3872287744192,1.0900383247991186
249.3950998522116,0.16112873584721715
249.402970930004,2.2397872928841465
249.4108420077964,1.1776340676654746
249.4187130855888,0.7826282227250663
249.42658416338116,1.3735083652466118
249.43445524117357,0.8553403506376007
249.44232631896597,2.436812025868638
249.45019739675837,1.2452748781524063
249.45806847455077,0.25708064740562153
249.46593955234317,0.39369172702430094
249.47381063013555,0.7313360455316038
249.48168170792795,2.6216055505552855
249.48955278572035,1.7791233815755951
249.49742386351275,0.13997379970376336
249.50529494130515,1.865222986463375
249.51316601909755,1.1642767590340313
249.52103709689,3.173433243298913
249.5289081746824,0.3497479773013776
249.5367792524748,0.17755351606309674
249.5446503302672,0.6264742401565004
249.5525214080596,1.0423195996892167
249.560392485852,0.1376731098898469
249.5682635636444,0.6394602760453555
249.5761346414368,0.851186740251936
249.5840057192292,0.6670529485553311
249.5918767970216,0.19515349660967712
249.599747874814,1.1831118702040546
249.6076189526064,1.474560035770412
249.6154900303988,2.318837974846302
249.6233611081912,0.03356987716354579
249.6312321859836,0.2867646776402016
249.63910326377595,0.03710419421277332
249.64697434156835,0.6366137210012778
249.65484541936075,1.0211447367680369
249.6627164971532,0.03575402362472679
249.6705875749456,0.28235489215685783
249.678458652738,2.2783225834794005
249.6863297305304,0.1045361385526744
249.6942008083228,0.9815298096165234
249.7020718861152,0.026719562389550103
249.7099429639076,1.0832895636768465
249.7178140417,1.6087435096508627
249.7256851194924,3.72791458324068
249.7335561972848,3.771295171932334
249.7414272750772,2.474255864522042
249.7492983528696,1.4623639332280898
249.757169430662,1.6202711555958307
249.7650405084544,0.3196575368046848
249.7729115862468,0.29394567921636305
249.7807826640392,0.07826744641200227
249.7886537418316,0.27517384120991106
249.796524819624,1.3716289442313319
249.8043958974164,1.7563930262068692
249.8122669752088,0.338175411146423
249.8201380530012,0.14683360839469836
249.8280091307936,0.21803668260359235
249.835880208586,1.8051520181835745
249.8437512863784,1.2036742943343204
249.8516223641708,0.32178151281107914
249.8594934419632,0.8551988728215382
249.8673645197556,0.6123451507226096
249.875235597548,0.9165657453061083
249.8831066753404,0.06630088785518647
249.8909777531328,0.5723810990102799
249.8988488309252,2.935015577671629
249.9067199087176,0.3280374877861762
249.91459098651,2.0410680776985064
249.9224620643024,1.72283980388308
249.9303331420948,0.24611381136182725
249.9382042198872,0.5244924261881603
249.9460752976796,0.0763121065049264
249.953946375472,0.6774426026004025
249.9618174532644,0.5367277199427961
249.9696885310568,0.07795600153282546
249.9775596088492,3.091831684598459
249.9854306866416,0.27866873881050136
249.993301764434,2.989851025413657
250.0011728422264,0.6461946604536403
250.0090439200188,0.23288386675540132
250.0169149978112,0.030086319557008568
250.0247860756036,0.3392078520248185
250.032657153396,0.7344424635255472
250.0405282311884,0.23630749177148355
250.0483993089808,1.9281479981516583
250.0562703867732,2.151348838942568
250.0641414645656,1.1447733769877302
250.072012542358,2.1825573912248935
250.0798836201504,1.1470414679025704
250.0877546979428,0.10069058721370805
250.0956257757352,2.2299192393890035
250.1034968535276,3.3617538031675824
250.11136793132,1.6705381238542614
250.1192390091124,1.2084273450031304
250.1271100869048,0.18190532366478418
250.1349811646972,0.6321830260222748
250.1428522424896,0.5738750823051892
250.150723320282,3.7664943123644132
250.1585943980744,0.12592822740281903
250.1664654758668,0.10896564514412965
250.1743365536592,2.9066571923891553
250.1822076314516,1.030388253198435
250.190078709244,0.3006083997496801
250.1979497870364,0.20999807385427477
250.2058208648288,1.6478184384785892
250.2136919426212,0.5072328283495755
250.2215630204136,0.0871572453305812
250.229434098206,0.5775007165808267
250.2373051759984,0.9295851898251271
250.2451762537908,0.062307350879077156
250.2530473315832,0.14171709068134014
250.2609184093756,0.9128147491024604
250.268789487168,0.1911592276687719
250.2766605649604,1.311743708982223
250.2845316427528,1.4797507037987803
250.2924027205452,0.5591752424842047
250.3002737983376,1.387217043855651
250.30814487613,0.06776387311207833
250.3160159539224,0.021152438615014476
250.3238870317148,2.032676103898468
250.3317581095072,2.3953384742493524
250.3396291872996,0.21259589942929916
250.347500265092,0.5907399375958114
250.3553713428844,0.3285018636739411
250.3632424206768,1.2048563063868654
250.3711134984692,0.7077299130244765
250.3789845762616,1.8527253737125908
250.386855654054,0.8508015873532453
250.3947267318464,1.5753624509480657
250.4025978096388,0.4547317334273269
250.4104688874312,0.11631767067864784
250.4183399652236,2.4578694490055133
250.426211043016,0.7578850412624747
250.43408212080843,1.4270556775214864
250.44195319860083,0.3060081251176258
250.44982427639323,0.0015730566239609805
250.45769535418563,2.6848681805324333
250.46556643197803,3.0420096573217075
250.47343750977043,0.08655767140062447
250.48130858756284,0.7001520009347114
250.48917966535524,0.57615821721673
250.49705074314764,1.0391243253798548
250.50492182094,0.14061472826800778
250.5127928987324,0.4064473792146292
250.5206639765248,0.0989424385548391
250.5285350543172,1.2286402470294786
250.5364061321096,0.925282372933469
250.544277209902,2.4328122627603297
250.5521482876944,0.6893855331302183
250.5600193654868,0.994978287685553
250.56789044327925,0.8846012951979841
250.57576152107163,2.271234895715296
250.58363259886403,0.06490822006267039
250.59150367665643,1.8466818743253515
250.59937475444883,0.7847760973844352
250.60724583224123,0.637913663426727
250.61511691003363,4.527870397681255
250.62298798782604,0.7668718512763654
250.63085906561844,0.845179603453596
250.63873014341084,2.457336601056669
250.64660122120324,0.5332754961258223
250.65447229899564,0.26934782796174783
250.66234337678804,0.47460876501575794
250.67021445458045,0.1014219637924193
250.67808553237285,0.08058227565353376
250.68595661016525,0.04293173927564761
250.69382768795765,1.6193364478568484
250.70169876575005,0.14247888121620939
250.70956984354245,0.1761845671628026
250.71744092133483,0.18453012752365916
250.72531199912723,0.626200027176986
250.73318307691963,0.4747553951905724
250.74105415471203,0.1848940369484682
250.74892523250443,0.8573955863217468
250.75679631029683,0.14160267878302293
250.76466738808924,0.0585263332239383
250.77253846588164,2.3261015002193304
250.78040954367404,0.073775835048675
250.78828062146644,0.9554301465698546
250.79615169925884,1.4170706024388622
250.80402277705124,0.08333293275217815
250.81189385484365,0.5346649574300133
250.81976493263605,0.805454696801618
250.82763601042845,0.23898551002418977
250.83550708822085,0.7978322394886915
250.84337816601325,0.34605932297658004
250.85124924380565,0.4143463043470509
250.85912032159808,0.20772559133600046
250.86699139939049,0.32277833973308834
250.8748624771829,0.2104922860480308
250.8827335549753,2.661133015424516
250.8906046327677,2.1287774590445023
250.8984757105601,1.607049932071987
250.9063467883525,0.06058788281664772
250.91421786614487,0.1284969015474776
250.92208894393727,1.1469458611570222
250.92996002172967,0.9860052125667513
250.93783109952204,0.35377965831984015
250.94570217731444,1.3868282426508516
250.95357325510685,1.5003851573025064
250.96144433289925,1.650347641109175
250.96931541069165,1.0663699115937728
250.97718648848405,1.1668152417495286
250.98505756627645,1.7521972777805501
250.99292864406883,1.3067097254522577
251.00079972186128,0.12427476966285443
251.0086707996537,1.0544633295415964
251.0165418774461,0.514253742881011
251.0244129552385,0.0460961125150621
251.0322840330309,1.3794159272126643
251.0401551108233,1.8804536522743482
251.0480261886157,3.4900132718953345
251.05589726640807,0.22111162604890963
251.06376834420047,0.45065166191795825
251.07163942199287,0.12413939786717336
251.07951049978527,1.0614091390809752
251.08738157757767,2.0311838661148114
251.09525265537007,0.9910553770724375
251.10312373316248,0.20858451614221454
251.11099481095488,1.8236078841133347
251.11886588874728,0.4509562578150984
251.12673696653968,0.9568630849132707
251.13460804433208,0.691353673461691
251.14247912212448,0.18607434878578274
251.1503501999169,0.8795586453515044
251.1582212777093,0.055597849584279276
251.1660923555017,0.33266873633319166
251.1739634332941,0.2729474169366045
251.1818345110865,0.6309798267919708
251.1897055888789,0.2838818983133375
251.19757666667127,0.23863967633918506
251.20544774446367,0.5056458985318143
251.21331882225607,2.3119166459071305
251.22118990004847,0.6625495317407645
251.22906097784087,1.1476850873910105
251.23693205563328,2.9829140967265118
251.24480313342568,0.3176575682199875
251.25267421121808,2.5965657588919457
251.26054528901048,1.9425337258269355
251.26841636680288,0.43794238224361215
251.27628744459528,0.050835708671139936
251.28415852238768,0.8165293811853964
251.2920296001801,1.991126992248623
251.2999006779725,1.432150382467486
251.3077717557649,0.358860201815161
251.3156428335573,0.0014013250553794375
251.3235139113497,0.5206635664987802
251.3313849891421,0.11205785612927638
251.3392560669345,0.1375237055847364
251.3471271447269,4.131557141563964
251.3549982225193,0.16732004898936217
251.36286930031167,0.8743670926701362
251.37074037810407,1.8119736672520614
251.37861145589648,0.24996382457985653
251.38648253368888,4.428093401097914
251.39435361148128,1.4909385220311226
251.40222468927368,2.905343363654336
251.41009576706608,1.6385220038567396
251.41796684485848,0.32051102876160215
251.42583792265089,1.8299109863254501
251.4337090004433,2.172429455815744
251.4415800782357,0.07991252056331546
251.4494511560281,0.08009129460253879
251.4573222338205,2.1887374042543537
251.4651933116129,2.778344253841133
251.4730643894053,0.4027366942382051
251.4809354671977,2.8818187863692635
251.4888065449901,0.34505148053596585
251.4966776227825,0.9186644609990643
251.5045487005749,0.6143498775513668
251.5124197783673,0.47783330327166634
251.5202908561597,0.24508456046569838
251.5281619339521,0.08533523338907023
251.5360330117445,0.2935441505700519
251.5439040895369,0.598566082421674
251.5517751673293,0.26645045041670123
251.5596462451217,0.5075679629137652
251.5675173229141,2.2584037301397752
251.5753884007065,0.6898320390718863
251.5832594784989,0.8345118417551353
251.5911305562913,5.243545911556388
251.5990016340837,0.10412779357529756
251.6068727118761,0.6751008301737823
251.6147437896685,1.0353219709499673
251.6226148674609,0.36564154547726746
251.6304859452533,2.1931281717783846
251.6383570230457,1.1218219258850695
251.6462281008381,0.09648488103509878
251.6540991786305,0.3232758896285904
251.6619702564229,0.0719902116099557
251.6698413342153,2.64684697392793
251.6777124120077,0.7430731133108909
251.6855834898001,0.23737988937277577
251.6934545675925,2.330342558496946
251.7013256453849,1.1384209596926256
251.7091967231773,0.21746489580834327
251.7170678009697,0.7878362830658385
251.7249388787621,4.10883159686059
251.7328099565545,0.5111048625765116
251.7406810343469,0.2841169480842413
251.7485521121393,0.3577686412333459
251.75642318993167,1.425647873956795
251.76429426772413,0.1402908617370327
251.77216534551653,0.2195957911209187
251.78003642330893,0.1564441632495076
251.78790750110133,1.8767248578178826
251.7957785788937,0.33651988631659685
251.8036496566861,2.4236646030707765
251.8115207344785,0.1421253205606852
251.8193918122709,0.7018593802407597
251.8272628900633,2.8392249671500296
251.8351339678557,1.4247377894917892
251.8430050456481,0.04494868707718531
251.8508761234405,0.6195370641950653
251.8587472012329,2.594064099575356
251.8666182790253,0.9972906614955416
251.8744893568177,0.010654960773759655
251.8823604346101,1.19415390177013
251.8902315124025,0.6049685749889766
251.89810259019487,0.5970527558968944
251.90597366798733,0.6004233321727528
251.91384474577973,0.2815203178496306
251.92171582357213,1.2261460527401886
251.92958690136453,0.29979487198569393
251.93745797915693,0.18925700363819514
251.94532905694933,0.8121855124151082
251.9532001347417,0.4769429158662391
251.9610712125341,0.8070625401789693
251.9689422903265,0.3058141395772332
251.9768133681189,0.28224667830837336
251.9846844459113,2.633304343777024
251.99255552370371,1.1439992721022711
252.00042660149612,0.44613609446832314
252.0082976792885,2.62783110831228
252.0161687570809,2.9487136529251488
252.0240398348733,1.2435397196946043
252.0319109126657,2.102352282530864
252.03978199045807,2.07076852601824
252.04765306825053,0.6152309109022948
252.05552414604293,1.0306120877926779
252.06339522383533,1.0246626379195898
252.07126630162773,0.0858866570702679
252.07913737942013,1.1267095645949339
252.08700845721253,2.5121025911112262
252.0948795350049,1.5761430700476846
252.1027506127973,0.3591012791178337
252.1106216905897,2.0086098582598253
252.1184927683821,0.4556920659669029
252.1263638461745,0.9125552259706791
252.13423492396691,0.25217350773818153
252.14210600175932,0.39406963991665106
252.14997707955172,1.0222209182942477
252.15784815734412,0.34016806141788175
252.16571923513652,0.14781347672663206
252.17359031292892,0.03976192154293314
252.18146139072132,1.0427255931091055
252.18933246851373,0.06337784870928719
252.19720354630616,0.05376227142174921
252.20507462409856,0.3333017757991297
252.21294570189096,0.2020986868618632
252.22081677968336,0.11486647996439141
252.22868785747573,0.4181535778417208
252.2365589352681,1.2549327701436126
252.2444300130605,0.9443319452283834
252.2523010908529,0.009563330053774395
252.2601721686453,1.9249978347498509
252.2680432464377,1.2736474520228835
252.27591432423011,0.4523850757131989
252.28378540202252,3.487053106129193
252.29165647981492,0.2978886259543449
252.29952755760732,0.20138325386841893
252.30739863539972,0.3761363727235578
252.31526971319212,1.659864655520121
252.32314079098452,0.3969868103459112
252.33101186877693,2.893222008264619
252.33888294656936,1.6832139125220937
252.34675402436176,0.10091791552654843
252.35462510215416,0.8681540849036412
252.36249617994656,0.04637978563952501
252.37036725773896,1.3432384964016464
252.37823833553136,1.920068148569495
252.38610941332377,1.6572794656544372
252.39398049111617,0.8692964491596922
252.40185156890857,0.29577272461297605
252.40972264670097,1.4357141150181634
252.41759372449337,2.078528859108089
252.42546480228577,0.9322548920158658
252.43333588007815,0.15192176226342738
252.44120695787052,0.2244304844681804
252.44907803566292,0.07576338022742227
252.45694911345532,1.0211596979818887
252.46482019124772,1.258952188277384
252.47269126904013,2.004454798259012
252.48056234683256,1.5141794505331763
252.48843342462496,6.162857744988521
252.49630450241736,0.02797058363546019
252.50417558020976,0.4685949083864489
252.51204665800216,1.7254111425748067
252.51991773579456,0.9404905105203334
252.52778881358697,0.6835506901911894
252.53565989137937,0.47055513087163514
252.54353096917177,2.1031258799530046
252.55140204696417,1.4348697756995172
252.55927312475657,0.04910588623949104
252.56714420254897,0.8230965666891475
252.57501528034135,1.1924046691487766
252.58288635813375,0.3046935800349989
252.59075743592615,2.0330730950015545
252.59862851371855,0.2550501339821748
252.60649959151095,0.3682225597676148
252.61437066930336,0.19654912519363402
252.62224174709576,0.9844964304445895
252.6301128248882,0.014961863209714652
252.6379839026806,0.04578349906031583
252.645854980473,0.04054863093328603
252.65372605826536,0.10186025924386419
252.66159713605776,1.721092458145421
252.66946821385017,0.02300125009603154
252.67733929164257,0.4398827141500204
252.68521036943497,3.2241323139654035
252.69308144722737,1.977476628921063
252.70095252501977,1.4018977166782816
252.70882360281217,1.5798203249393226
252.71669468060455,0.18587851043241738
252.72456575839695,0.2859165170039077
252.73243683618935,0.21209701227027222
252.74030791398175,2.4418481279986373
252.74817899177415,0.02276766344845633
252.75605006956656,0.7334657926645977
252.76392114735896,1.1033384738160588
252.7717922251514,0.7550804741807271
252.7796633029438,0.2543439889889549
252.7875343807362,0.3334315002794474
252.7954054585286,0.48111163447979766
252.803276536321,0.8924160294230403
252.8111476141134,1.8472408358056487
252.8190186919058,1.4210978448336624
252.8268897696982,4.7568856252280165
252.8347608474906,2.7076417503467174
252.842631925283,1.165413828163298
252.8505030030754,0.8835115993482601
252.8583740808678,0.32165399169115017
252.8662451586602,0.31504286140675875
252.87411623645255,0.3461357519685363
252.88198731424495,0.7987341076827086
252.88985839203735,2.4709513637036955
252.89772946982976,0.541068398492701
252.90560054762216,0.4894384555702127
252.9134716254146,1.066222062136969
252.921342703207,0.44034702500858147
252.9292137809994,0.663974954194776
252.9370848587918,3.165048581496904
252.9449559365842,0.042131607700151855
252.9528270143766,0.9574817527175402
252.960698092169,3.1361755561402074
252.9685691699614,0.23011150322269017
252.9764402477538,0.31021886034037605
252.9843113255462,0.14065439382793452
252.9921824033386,1.9716819508851002
253.000053481131,1.0694171493570752
253.0079245589234,2.7161605077277127
253.0157956367158,2.7127495689475647
253.0236667145082,0.3269539472976895
253.0315377923006,0.5824323199296065
253.039408870093,0.3451585317561586
253.0472799478854,0.11857403336333454
253.05515102567784,0.2509829508435921
253.06302210347025,1.2499948934278562
253.07089318126265,0.13800930396039462
253.07876425905505,1.1607349340021733
253.0866353368474,0.3594242860033313
253.0945064146398,0.8329767654412784
253.1023774924322,1.2604279056680208
253.1102485702246,0.4866878232232154
253.118119648017,0.7674717958236511
253.1259907258094,0.5747932771328538
253.1338618036018,1.2248329953725865
253.1417328813942,2.179705981495122
253.1496039591866,0.007811416228835153
253.157475036979,1.2468614229379906
253.1653461147714,0.09499650535389237
253.1732171925638,0.24946795061969643
253.1810882703562,0.5322734886162452
253.1889593481486,2.3696184606627586
253.19683042594104,0.36009267193687083
253.20470150373345,0.05772343159365214
253.21257258152585,1.3480715226568976
253.22044365931825,2.6829510577929896
253.22831473711065,0.5419606547337003
253.23618581490305,0.0745028451604312
253.24405689269545,1.4466140694789362
253.25192797048783,2.16728222796506
253.25979904828023,0.23625093006842696
253.26767012607263,0.76774221721833
253.27554120386503,0.24411819509771052
253.28341228165743,0.676426839427511
253.29128335944984,0.4613314005920302
253.2991544372422,2.4548527314545807
253.3070255150346,1.3031541889008085
253.314896592827,1.2947066570856012
253.3227676706194,0.5013503185261456
253.3306387484118,1.363053730429103
253.33850982620424,0.18880050319805777
253.34638090399665,0.2554940872464207
253.35425198178905,1.1157947130722834
253.36212305958145,0.028858617451173088
253.36999413737385,0.7924123746011584
253.37786521516625,3.358490634842519
253.38573629295863,2.7408894274469136
253.39360737075103,0.5016655255792885
253.40147844854343,0.45708771533530057
253.40934952633583,0.2951812355980283
253.41722060412823,0.742364359901935
253.42509168192063,0.8134821292908366
253.43296275971304,1.3819531675872425
253.44083383750544,2.3202477401394614
253.44870491529784,0.912706277265613
253.45657599309024,1.6770455802553061
253.46444707088264,1.211245868109124
253.47231814867504,0.8612994683205423
253.48018922646744,0.5470506361675683
253.48806030425985,0.4844456586087209
253.49593138205225,1.0037893433206144
253.50380245984465,0.8804251224337434
253.51167353763705,1.5187189401952317
253.51954461542945,0.9434966243422471
253.52741569322183,2.8577193188439587
253.53528677101423,0.07990749908556499
253.54315784880663,1.1768436833385718
253.55102892659903,1.095150641262886
253.55890000439143,4.243771356061937
253.56677108218383,3.8575930704953896
253.57464215997624,0.02969234790365215
253.58251323776864,3.1436985145165055
253.59038431556104,1.7326993527502526
253.59825539335344,1.0206420341731137
253.60612647114584,0.8930605868643267
253.61399754893824,2.3249901804797912
253.62186862673065,0.6106549070469249
253.62973970452305,0.06334737302429612
253.63761078231545,2.055338855474391
253.64548186010785,0.22756294988195924
253.65335293790025,0.4095327184885957
253.66122401569265,0.0897169461958555
253.66909509348503,0.9018158562704714
253.67696617127743,0.11780200374776129
253.68483724906983,0.1499346367954867
253.69270832686223,0.28834008849267584
253.70057940465463,1.019233154396975
253.70845048244703,0.28695796092242687
253.71632156023944,0.4349538470207968
253.72419263803187,1.1922290633655224
253.73206371582424,0.06160080113014354
253.73993479361664,3.125741328456796
253.74780587140904,0.9772621947734923
253.75567694920144,1.6863306167327206
253.76354802699385,1.4377214913769767
253.77141910478625,0.5930876005277341
253.77929018257865,2.038445206737218
253.78716126037105,0.5394652229493985
253.79503233816345,3.2656812862489764
253.80290341595585,0.00510053847388101
253.81077449374823,0.480622485929533
253.81864557154063,0.4349347002854025
253.82651664933303,1.1934211908764676
253.83438772712543,0.8421022399772765
253.84225880491783,0.8838134566429485
253.85012988271023,0.10898330593028514
253.85800096050264,0.3757031898558075
253.86587203829507,0.7719181625264351
253.87374311608747,0.12541187488579641
253.88161419387987,0.11161188691835919
253.88948527167227,0.21330817706320732
253.89735634946467,0.28254858495172996
253.90522742725707,0.0002912661594775913
253.91309850504948,0.19646599943978832
253.92096958284188,1.505918857229654
253.92884066063428,4.110037349836077
253.93671173842668,0.3062390521745031
253.94458281621905,2.2647863992650703
253.95245389401143,0.39907247978721394
253.96032497180383,0.6385287364674341
253.96819604959623,0.6345437566192359
253.97606712738863,0.023949817630317186
253.98393820518103,0.4291303018319368
253.99180928297343,0.7679723168741287
253.99968036076584,0.5076190111358816
254.00755143855827,0.39576411266586975
254.01542251635067,0.38891066033471805
254.02329359414307,0.6060712680345859
254.03116467193547,0.6089219575591115
254.03903574972787,0.4376845935074317
254.04690682752027,0.7544252495657934
254.05477790531268,0.5510703475847151
254.06264898310508,1.1392949295362282
254.07052006089748,0.7016552088292995
254.07839113868988,1.169068862293821
254.08626221648228,1.1957809644259767
254.09413329427468,0.5704537071122007
254.10200437206709,0.21406130563530282
254.1098754498595,0.33726497631904306
254.1177465276519,0.41803438599092785
254.1256176054443,0.7306820254109007
254.1334886832367,1.754343401702456
254.1413597610291,2.928820420208722
254.1492308388215,1.1692132629592815
254.1571019166139,0.838011508915276
254.16497299440627,1.3617366794257182
254.17284407219867,0.12293997891985382
254.18071514999107,1.7828763495159703
254.18858622778347,0.22420752614254297
254.19645730557588,0.49463532484951056
254.20432838336828,0.31522833678335604
254.21219946116068,0.9431380142351344
254.22007053895308,0.7018475947254279
254.22794161674548,0.23273436383042756
254.23581269453788,0.08151749559731797
254.2436837723303,2.9783575571556815
254.2515548501227,0.7971881449492274
254.2594259279151,0.9564788657460861
254.2672970057075,1.6222554100477216
254.2751680834999,1.0243247550117132
254.2830391612923,0.36259983483772
254.2909102390847,1.351601853814732
254.2987813168771,0.47969573303701907
254.3066523946695,1.4206791717709693
254.3145234724619,2.3080619031685337
254.3223945502543,0.3380381106196997
254.3302656280467,2.2310588954022093
254.3381367058391,0.36768187636028493
254.3460077836315,0.350888501344091
254.3538788614239,0.5317409575789007
254.3617499392163,1.2025687875763609
254.3696210170087,1.6941675978598967
254.37749209480108,0.07672507778803571
254.3853631725935,0.1000258905377542
254.3932342503859,1.5682176521766609
254.4011053281783,0.3791939855621589
254.4089764059707,0.9936606254626082
254.4168474837631,0.2283403801591097
254.4247185615555,1.743338130878618
254.4325896393479,0.6676232877886554
254.4404607171403,0.45449471741907205
254.4483317949327,0.1456594954398172
254.4562028727251,0.5999177557116745
254.4640739505175,0.029730298275164973
254.4719450283099,0.008318121131895385
254.4798161061023,0.20666941067643596
254.4876871838947,2.350675646636701
254.4955582616871,0.013084686122633162
254.5034293394795,1.5813479253451428
254.5113004172719,0.4049302040077179
254.5191714950643,0.23216623934818606
254.52704257285671,3.047409336529149
254.53491365064912,1.9500782016863818
254.54278472844152,1.9792459112579983
254.55065580623392,0.3996006491599891
254.55852688402632,1.6306352469651002
254.56639796181872,0.6277639492343698
254.57426903961112,0.6645554678767276
254.58214011740355,0.3239477643166735
254.59001119519596,0.47055269209254474
254.5978822729883,0.5955259093159334
254.6057533507807,0.699176320025343
254.6136244285731,0.5818614556355857
254.6214955063655,0.0990346023054666
254.6293665841579,0.7314349370488553
254.6372376619503,0.9632629248868458
254.6451087397427,0.6047723649560208
254.6529798175351,0.06297748121367887
254.6608508953275,0.11755907303752029
254.66872197311991,2.010807680456681
254.67659305091232,1.9388561130594104
254.68446412870472,2.49184701417264
254.69233520649712,0.21395229325654455
254.70020628428952,0.5231379686135998
254.70807736208192,1.048557402523205
254.71594843987432,1.5669925717949111
254.72381951766675,1.6797213833244837
254.73169059545916,0.5139054401462871
254.73956167325156,0.5065585462262875
254.74743275104396,0.36782611653856495
254.75530382883636,2.079614351379719
254.76317490662876,0.23545520154036118
254.77104598442116,0.8784365365155804
254.77891706221357,1.6133857185648002
254.78678814000597,0.6469980723272627
254.79465921779837,0.5188630669694326
254.80253029559077,1.9195807346484632
254.81040137338312,0.09396511933658631
254.81827245117552,0.3370703262483505
254.82614352896792,2.7289382924418932
254.83401460676032,1.129713809955442
254.84188568455272,0.2464085497307512
254.84975676234512,0.37177284972440144
254.85762784013752,0.6584202054721238
254.86549891792995,0.12482626231360361
254.87336999572236,1.8362630726445928
254.88124107351476,1.8506329495633078
254.88911215130716,0.06564180650880846
254.89698322909956,1.170494743140337
254.90485430689196,0.53916158349208
254.91272538468436,1.2751024049841257
254.92059646247677,0.19106977378771556
254.92846754026917,0.40371668543841044
254.93633861806157,0.1365283877335698
254.94420969585397,2.9496493804888844
254.95208077364637,1.0078830771618532
254.95995185143877,0.25539380076955276
254.96782292923115,0.5362947401279714
254.97569400702355,0.05634934416049982
254.98356508481595,1.5724548083319607
254.99143616260835,1.2152478984114132
254.99930724040075,0.9309013422883636
255.0071783181932,0.32343112928597056
255.0150493959856,1.9425125528994016
255.02292047377796,1.1853349266848203
255.03079155157036,1.4527893590464396
255.03866262936276,0.031578724812503324
255.04653370715516,2.335539073732704
255.05440478494756,1.0885280218363866
255.06227586273997,0.2500971501457471
255.07014694053237,2.703907606203147
255.07801801832477,0.27732845422615227
255.08588909611717,0.6428655539087395
255.09376017390957,0.16462679598058755
255.10163125170197,0.5936877719557214
255.10950232949435,2.922700345021551
255.11737340728675,4.579164730567855
255.12524448507915,1.3544508459654425
255.13311556287155,0.6984140206981349
255.14098664066395,0.03301947552215683
255.1488577184564,1.9695614779083486
255.1567287962488,1.1276866896728461
255.1645998740412,2.466650507973339
255.1724709518336,0.08120229785356553
255.180342029626,0.6134665619910805
255.1882131074184,0.5004320880212993
255.1960841852108,0.5112598619213176
255.2039552630032,1.1042975721196304
255.2118263407956,1.3939871176864214
255.219697418588,0.8516429188973719
255.2275684963804,0.2738315330062577
255.2354395741728,1.24634672436062
255.24331065196515,0.23617401055316645
255.25118172975755,1.3193985483834743
255.25905280754995,2.784927797591006
255.26692388534235,2.258757003279665
255.27479496313475,0.9676012734281388
255.28266604092715,0.936420568255585
255.2905371187196,3.6124028508297568
255.298408196512,0.8276847125846487
255.3062792743044,0.2898092837385929
255.3141503520968,2.490214022712696
255.3220214298892,0.7340634342786209
255.3298925076816,1.0338022863553165
255.337763585474,1.935009705717808
255.3456346632664,1.3779424781714882
255.3535057410588,3.9833830000699195
255.3613768188512,0.00900330120683583
255.3692478966436,3.1657413788921662
255.377118974436,0.07536000553907203
255.3849900522284,2.257046111906693
255.3928611300208,0.7910989022781604
255.4007322078132,1.2253916125291358
255.4086032856056,0.6024580964082317
255.416474363398,1.6922729882811127
255.4243454411904,0.5419803803830798
255.4322165189828,0.46238624898394465
255.4400875967752,1.2090003203566675
255.4479586745676,1.6385808069780046
255.45582975236,1.5841270323734038
255.4637008301524,0.21068956329064797
255.4715719079448,1.0290098439238506
255.4794429857372,1.1230658551495525
255.4873140635296,2.022664373246981
255.495185141322,0.3683556253934049
255.5030562191144,0.19112268834808807
255.5109272969068,0.2598639632792168
255.5187983746992,0.7007138362098405
255.5266694524916,0.6666017199694754
255.534540530284,3.8664916073119495
255.5424116080764,0.46836445683567335
255.5502826858688,0.7213525972124677
255.5581537636612,0.265164640564838
255.5660248414536,1.906746560568643
255.573895919246,0.8164616309672545
255.5817669970384,0.6026261001722738
255.5896380748308,0.6331454642111494
255.5975091526232,0.30254804633194193
255.6053802304156,0.3250626079287114
255.613251308208,0.08628404705187337
255.6211223860004,0.6736497926062535
255.6289934637928,0.2613332541656414
255.6368645415852,3.7201153669638303
255.6447356193776,0.323469082543611
255.65260669717,0.8183869345997091
255.6604777749624,0.17046732189723876
255.6683488527548,1.186884416527757
255.6762199305472,1.7113612076123708
255.6840910083396,0.1318505679181573
255.691962086132,1.515912726926992
255.6998331639244,0.22640687742470328
255.7077042417168,2.1355633499029576
255.7155753195092,1.412321952612733
255.7234463973016,0.5312452477714384
255.731317475094,0.09546743073116587
255.7391885528864,0.7252534585136485
255.7470596306788,2.6072901535566797
255.7549307084712,0.7338902447500552
255.7628017862636,0.7524585558096665
255.770672864056,0.5072819581681058
255.7785439418484,1.7756585214558656
255.7864150196408,3.7101952479622367
255.7942860974332,1.299054704638562
255.8021571752256,2.821375356327743
255.810028253018,0.24793178977300923
255.8178993308104,0.6347575874729635
255.8257704086028,0.8807660910978665
255.8336414863952,1.4458105373264605
255.8415125641876,1.6980809399915184
255.84938364198,0.04111895968081721
255.8572547197724,1.2994984858159015
255.8651257975648,0.33217762077354057
255.8729968753572,0.43398947607355115
255.8808679531496,1.5423562031378009
255.888739030942,0.08970753019646627
255.8966101087344,0.1586080101356903
255.9044811865268,0.013751774781998167
255.9123522643192,2.426565982979322
255.9202233421116,0.40365902780497454
255.928094419904,0.21332533811461254
255.9359654976964,0.2865604020254049
255.9438365754888,0.07129535385692709
255.9517076532812,1.081955273440219
255.9595787310736,1.3446261365794143
255.967449808866,3.5130627457395183
255.9753208866584,0.31392851690101176
255.9831919644508,0.22502127886274362
255.9910630422432,0.94570314887423
255.9989341200356,1.603946605440283
256.006805197828,0.688648944579111
256.0146762756204,2.358936839380736
256.0225473534128,1.588841946859611
256.0304184312052,0.35446060207590385
256.0382895089976,0.7426591429182153
256.04616058679,0.5513650983425459
256.0540316645824,0.1519602259074161
256.0619027423748,3.3803328040495844
256.0697738201672,1.043485353502066
256.0776448979596,1.131556713310664
256.085515975752,0.08303378368023417
256.0933870535444,0.092543429500411
256.1012581313368,1.2165239319135304
256.1091292091292,0.10280966313012734
256.1170002869216,0.8493449874264684
256.124871364714,0.6545748932830557
256.1327424425064,0.16463916552978064
256.1406135202988,0.3352717578093975
256.1484845980912,4.028916491829881
256.1563556758836,0.6871773018971425
256.164226753676,0.9170736875623089
256.1720978314684,0.222265549726969
256.1799689092608,0.7105376645003688
256.1878399870532,0.08713147827731033
256.1957110648456,1.2836710712987571
256.203582142638,0.07744045867897585
256.2114532204304,1.3928304783943868
256.21932429822283,2.0593638869276694
256.22719537601523,0.226470412890532
256.23506645380763,0.9650053346205787
256.24293753160003,0.38915943607847064
256.25080860939244,0.4504260283947286
256.25867968718484,1.0394088072359564
256.26655076497724,4.573130541519422
256.27442184276964,1.8549031898446176
256.28229292056204,1.012033797589957
256.29016399835444,1.552965552109789
256.29803507614685,0.003046361544833714
256.30590615393925,0.4039341968923097
256.31377723173165,0.32318089646140624
256.32164830952405,1.1442404668756863
256.32951938731645,0.24849410743463132
256.33739046510885,1.5691439956051947
256.34526154290126,0.2158209504781626
256.35313262069366,1.19917350979695
256.36100369848606,0.08459166412373317
256.36887477627846,0.4704534992561997
256.37674585407086,0.2969431063987874
256.38461693186326,0.9605401253419454
256.39248800965566,1.3111205343040049
256.40035908744807,0.6960624317512251
256.40823016524047,0.03234274890472671
256.41610124303287,0.896735219020931
256.4239723208252,0.12162450194459307
256.4318433986176,0.7168206285096409
256.43971447641,0.4373522687617783
256.4475855542024,0.9726440679196232
256.4554566319948,0.4356349639997989
256.4633277097872,1.220058805669779
256.4711987875796,0.136330438125749
256.479069865372,0.9919816473145701
256.4869409431644,2.239050718305272
256.49481202095683,0.828992411347665
256.50268309874923,0.8147830781979049
256.51055417654163,0.5627898033426293
256.51842525433403,1.0950244980392854
256.52629633212644,0.25748885955054407
256.53416740991884,0.8499821969261693
256.54203848771124,0.7556121308558
256.54990956550364,0.8151299843273649
256.55778064329604,0.34039137736163605
256.56565172108844,0.07386813033602821
256.57352279888084,0.4150243837550154
256.58139387667325,0.5379798805544604
256.58926495446565,0.8326575835136839
256.59713603225805,0.4753512496856536
256.60500711005045,0.5001622444888562
256.61287818784285,1.6277884040099824
256.62074926563525,0.2104426606172542
256.62862034342766,7.042758469475464
256.63649142122006,0.25159562071220026
256.64436249901246,3.040688843411049
256.65223357680486,3.604579519607766
256.66010465459726,0.6146403810676982
256.66797573238966,1.480632904395077
256.67584681018207,0.05546502243663939
256.68371788797447,8.016450510546134
256.69158896576687,0.24572718045313696
256.69946004355927,0.14035202180170137
256.7073311213517,0.4763291174294614
256.7152021991441,0.5063829258681707
256.7230732769365,2.461714729025137
256.7309443547289,0.14161156259514973
256.7388154325213,1.3609993715944892
256.7466865103137,1.3063778993715738
256.7545575881061,1.071068270955537
256.7624286658985,1.2392887690218866
256.7702997436909,0.27333402492442976
256.7781708214833,2.42864630433136
256.7860418992757,0.02860822155746861
256.7939129770681,2.2679213172171133
256.8017840548605,2.2865883024638642
256.8096551326529,1.2067549519094976
256.8175262104453,1.7486603161886407
256.8253972882377,0.20935810253962714
256.8332683660301,0.15868088714101755
256.8411394438225,0.25322449919458306
256.8490105216149,1.9109929728077124
256.85688159940725,0.3242363401461768
256.86475267719965,1.3522234029066966
256.87262375499205,2.312276987418107
256.88049483278445,1.1922781008493581
256.88836591057685,0.16321433352106324
256.89623698836925,0.5162013097484778
256.90410806616165,1.987110202358445
256.91197914395406,0.2657790554527781
256.91985022174646,0.18648597261282174
256.92772129953886,0.12421246418446437
256.93559237733126,0.6645050228671637
256.94346345512366,1.604065118726397
256.95133453291606,0.6637581635847731
256.95920561070847,1.0043151613699828
256.96707668850087,0.9876279934798968
256.97494776629327,0.18285102170529174
256.98281884408567,1.0547549820749405
256.9906899218781,0.6837449572224398
256.9985609996705,0.9270390452168912
257.0064320774629,0.5695317418023509
257.0143031552553,0.22725445659691812
257.0221742330477,0.5896378716905832
257.0300453108401,1.926544024776352
257.0379163886325,0.9639254912357469
257.0457874664249,0.2864507756124035
257.0536585442173,0.6272240090692895
257.0615296220097,1.405015859116238
257.0694006998021,1.0370912570803648
257.0772717775945,0.372514781001434
257.0851428553869,0.14028472535663064
257.0930139331793,0.8631731314196417
257.1008850109717,2.2789430631343177
257.1087560887641,5.015561937596873
257.1166271665565,0.29508650177400614
257.1244982443489,0.07463126007814973
257.1323693221413,1.5789728036148947
257.1402403999337,3.0622993268610066
257.1481114777261,0.33748220495790127
257.1559825555185,0.6183252891158898
257.1638536333109,0.3271249905068309
257.1717247111033,1.7999323769677702
257.1795957888957,0.1336096578931802
257.1874668666881,0.1646584705696473
257.1953379444805,0.1343595792630011
257.2032090222729,0.5663300078376994
257.2110801000653,0.21820432445780305
257.2189511778577,0.055254118127591435
257.2268222556501,0.3003847791514575
257.2346933334425,0.44336027238245523
257.2425644112349,0.3895138801437736
257.2504354890273,1.0712083113623905
257.2583065668197,0.024922845614892393
257.2661776446121,1.4878303051669253
257.27404872240453,1.7487262088653124
257.2819198001969,0.056424611479089073
257.2897908779893,0.32829917246552853
257.2976619557817,0.11872932888823844
257.3055330335741,0.7228757632733864
257.3134041113665,1.0605050930273408
257.3212751891589,3.6326680270317104
257.3291462669513,1.2280910493544
257.3370173447437,0.10069595769428195
257.3448884225361,2.367489211689924
257.3527595003285,2.521536414168808
257.3606305781209,1.1293963774548137
257.3685016559133,0.42553353886289413
257.3763727337057,0.7046943434499606
257.3842438114981,0.3413495902231911
257.3921148892905,0.45233013487405027
257.3999859670829,2.2809955944848093
257.4078570448753,0.5297244326303984
257.4157281226677,1.587934219424063
257.4235992004601,2.8226584427574624
257.4314702782525,0.2880109575304286
257.4393413560449,0.09285657305840204
257.4472124338373,0.048069525581392956
257.4550835116297,1.2161924512978008
257.4629545894221,0.346871588887508
257.4708256672145,0.36962887855158605
257.4786967450069,0.8456603660057677
257.4865678227993,0.1129359119501729
257.4944389005917,1.7602406829114612
257.5023099783841,0.204284461789311
257.5101810561765,1.2307247103085608
257.5180521339689,0.549134093633104
257.5259232117613,0.019447546510177875
257.5337942895537,0.5537228304139133
257.5416653673461,0.062189539224712535
257.54953644513853,0.8335700702300646
257.55740752293093,2.9430971009433473
257.56527860072333,1.8466148939201519
257.57314967851573,0.6378119611100481
257.58102075630813,0.8488312654635933
257.58889183410054,0.1240640723244611
257.59676291189294,0.0656277146202461
257.60463398968534,1.783105752601721
257.61250506747774,1.0218703933435551
257.62037614527014,0.04421623932671259
257.62824722306254,0.570063718889766
257.63611830085495,0.5139526148524945
257.64398937864735,0.12365119736958849
257.6518604564397,0.17899139345337003
257.6597315342321,0.2970679320966338
257.6676026120245,0.07818953036896553
257.6754736898169,2.453087117399733
257.68334476760936,2.677164533062174
257.69121584540176,1.2215757586928064
257.69908692319416,2.8127551784315994
257.70695800098656,2.478438468963052
257.7148290787789,1.4447009399936046
257.7227001565713,0.4406714758294878
257.7305712343637,0.9385563887511484
257.7384423121561,1.138329910121507
257.7463133899485,2.114536014403801
257.7541844677409,0.20416128812195886
257.7620555455333,2.447891674407336
257.7699266233257,0.4407531665598595
257.7777977011181,0.35501880265023905
257.7856687789105,0.225018224222134
257.7935398567029,0.5066624172913199
257.8014109344953,1.4344117186242191
257.8092820122877,0.43874394394337674
257.8171530900801,0.08669484931882039
257.8250241678725,0.2541948366035803
257.83289524566493,1.1546945528157027
257.84076632345733,0.45896476318120555
257.84863740124973,1.0711187843349843
257.85650847904213,0.4309966169797493
257.86437955683454,1.970661309747115
257.87225063462694,0.42104432299255634
257.88012171241934,0.11064615060916537
257.88799279021174,0.027194928639081455
257.89586386800414,0.44672622359164577
257.90373494579654,1.7954991474080289
257.91160602358894,1.5688592906918157
257.91947710138135,0.4460772757609459
257.92734817917375,4.604805242574659
257.9352192569661,2.973511503654516
257.9430903347585,0.5148883585082409
257.9509614125509,5.898842778228694
257.9588324903433,2.056947752981534
257.96670356813576,2.15385940037309
257.97457464592816,6.498738688349974
257.98244572372056,0.06384469192901077
257.99031680151296,1.942030558253353
257.99818787930536,2.9728681843068534
258.00605895709776,0.7077510726982651
258.01393003489017,0.7656943752595154
258.02180111268257,0.6439061714268334
258.02967219047497,0.0742948888759945
258.03754326826737,0.33273556034560176
258.0454143460598,0.5442092735454359
258.0532854238522,1.9181345368356448
258.0611565016446,0.688334543549407
258.069027579437,0.1691520073151557
258.0768986572294,1.620204589246263
258.0847697350218,1.1091004161447084
258.0926408128142,0.3924935917757275
258.1005118906066,2.206717798099311
258.108382968399,0.291340298220144
258.1162540461914,1.1350262736917782
258.1241251239838,0.151865299429203
258.1319962017762,1.297910467974581
258.1398672795686,0.31167974729970316
258.14773835736094,0.7858404003931149
258.15560943515334,0.43256077128670256
258.16348051294574,1.216104954066166
258.17135159073814,0.3677132058685811
258.17922266853054,1.464467827305919
258.18709374632294,1.2718096914031423
258.19496482411535,0.01935176680834827
258.20283590190775,1.8572535732625652
258.2107069797001,2.791778108200924
258.2185780574925,0.3083006604899997
258.2264491352849,0.787052190386199
258.2343202130773,1.1407488691108199
258.2421912908697,0.5242965682517771
258.25006236866216,0.483646906206724
258.25793344645456,0.22540692803589638
258.26580452424696,0.014940245205035342
258.27367560203936,0.36014819661995545
258.28154667983176,0.6166386803900774
258.28941775762416,0.5266632991788496
258.29728883541657,1.7873299353378576
258.30515991320897,0.7111119033479799
258.31303099100137,2.012050009690184
258.32090206879377,1.741956798363371
258.3287731465862,1.0077409408511504
258.3366442243786,0.8646065391123448
258.344515302171,1.5464426015662331
258.3523863799634,0.13231158228065137
258.3602574577558,0.7836875801774267
258.3681285355482,0.8364525067179319
258.3759996133406,0.352711245734701
258.383870691133,0.620220509217405
258.3917417689254,0.13660447620527658
258.3996128467178,0.15137429701294744
258.4074839245102,0.27299970871699325
258.4153550023026,0.6024925937068792
258.423226080095,0.2850252825656346
258.4310971578874,0.3804122237644126
258.4389682356798,0.05860413250871328
258.4468393134722,0.4792318976040066
258.4547103912646,0.03629607824477224
258.462581469057,0.44335176937233245
258.4704525468494,0.23408065355773003
258.4783236246418,1.1244448838587766
258.4861947024342,0.9177206416355017
258.4940657802266,0.018029106584152375
258.501936858019,0.12365409001459299
258.5098079358114,0.6241670056125342
258.5176790136038,0.6377557342899591
258.5255500913962,0.5542872251109013
258.5334211691886,2.314527449504223
258.541292246981,0.08358859778836353
258.5491633247734,0.5494064818713474
258.5570344025658,0.6365897687634188
258.5649054803582,0.5058174669611796
258.5727765581506,1.2662460638234208
258.58064763594297,1.1243757610253724
258.58851871373537,2.8868884374509034
258.59638979152777,2.845665358921279
258.60426086932017,0.20100690221133377
258.6121319471126,1.6144301011306539
258.620003024905,0.362955327999585
258.6278741026974,0.29059992146423186
258.6357451804898,6.059788501968299
258.6436162582822,0.5934087610858235
258.6514873360746,0.9085916090525256
258.659358413867,2.138912548416121
258.6672294916594,0.9865126107188057
258.6751005694518,3.5360457810313606
258.6829716472442,1.2795533326628186
258.6908427250366,1.0182892696462238
258.698713802829,0.9730737202259052
258.7065848806214,0.44288559890809515
258.7144559584138,0.14703365599133292
258.7223270362062,2.9705691120353572
258.7301981139986,4.2214153022484675
258.738069191791,0.21371899638678382
258.7459402695834,0.8510972636592411
258.7538113473758,0.6831676876605035
258.7616824251682,2.1991447519923324
258.7695535029606,1.1025369406644867
258.777424580753,1.3777422268949733
258.7852956585454,0.33797076304910806
258.7931667363378,0.14944947115714236
258.8010378141302,0.9087236125318242
258.8089088919226,0.28133657722556293
258.816779969715,1.2227789484604836
258.8246510475074,1.01341801808707
258.8325221252998,0.45437585428708954
258.8403932030922,0.0853581851001855
258.8482642808846,0.33235131966306003
258.856135358677,0.5725163104385279
258.8640064364694,1.7325203291701847
258.8718775142618,0.43623453271703927
258.8797485920542,0.506071557724274
258.88761966984663,0.49460681129609513
258.89549074763903,1.3445374775221182
258.90336182543143,0.9278872154349954
258.91123290322383,0.2936109050201138
258.91910398101624,0.27802536829593355
258.92697505880864,0.973055869589404
258.93484613660104,1.0395177382049028
258.94271721439344,1.7336619273963163
258.95058829218584,0.2196956824668598
258.95845936997824,2.423640954543098
258.96633044777064,1.4670268674447018
258.97420152556305,7.2212811646480475
258.98207260335545,0.3640980222635495
258.98994368114785,0.6623573832333806
258.99781475894025,0.09294411530279867
259.0056858367326,2.4916825430135985
259.013556914525,0.21266142855403172
259.0214279923174,0.7999012002503474
259.0292990701098,1.1648916271756338
259.0371701479022,2.7394120964490662
259.0450412256946,0.8357087865077976
259.052912303487,1.2242440783324104
259.0607833812794,1.6887655268659358
259.0686544590718,2.6398991195561696
259.0765255368642,1.148712987329715
259.0843966146566,2.0233041847741053
259.092267692449,1.7541705793295874
259.1001387702414,0.22793945219134662
259.1080098480338,5.539474128414363
259.1158809258262,0.7449197383686903
259.1237520036186,1.6509938858111257
259.131623081411,1.140005069666161
259.1394941592034,0.12153040657042645
259.1473652369958,0.5514522734468696
259.1552363147882,0.8827028435883548
259.1631073925806,1.6805724693457456
259.17097847037303,1.8700364473256608
259.17884954816543,0.24860751019044894
259.18672062595783,0.3602121935477097
259.19459170375023,0.9575316629156985
259.20246278154264,0.22339951705472744
259.21033385933504,0.1403500222986313
259.21820493712744,1.5995159547239022
259.22607601491984,0.19956374756217582
259.23394709271224,0.21786943614474888
259.24181817050464,0.4771692149977408
259.24968924829705,1.6283580327083338
259.25756032608945,1.6783206270028055
259.26543140388185,0.22110698541054827
259.27330248167425,3.4411698987624892
259.28117355946665,1.7167002488709042
259.28904463725905,0.9973712490950424
259.29691571505145,7.721000693520817
259.30478679284386,0.023358144042009393
259.31265787063626,3.360126079853005
259.32052894842866,0.3803878988074852
259.32840002622106,0.6510616639436508
259.33627110401346,3.5570623159065975
259.34414218180586,2.5268983656945716
259.35201325959827,0.07139203506364095
259.35988433739067,3.219616506275051
259.36775541518307,1.5235828178646602
259.37562649297547,0.550031579976023
259.3834975707679,0.5019197529288628
259.3913686485603,0.14340528632635582
259.3992397263527,2.821799403262143
259.4071108041451,5.109067503505705
259.4149818819375,1.2581734766088724
259.4228529597299,1.8150551782959006
259.4307240375223,5.299661984943837
259.4385951153146,1.731115447827892
259.446466193107,0.23692312367918164
259.45433727089943,1.8466966750011486
259.46220834869183,0.14867028022688594
259.47007942648423,1.498773339220766
259.47795050427663,0.5670804491795275
259.48582158206904,0.9073438983568736
259.49369265986144,2.734223211299481
259.50156373765384,1.4194045468461614
259.50943481544624,0.5025412540234773
259.51730589323864,1.3813490762103964
259.52517697103104,1.440509755529928
259.53304804882345,1.5102040621383872
259.54091912661585,0.2989681508026121
259.54879020440825,1.949569719270037
259.55666128220065,2.2018533274269014
259.56453235999305,2.3942165763785
259.57240343778545,0.7358418109832923
259.58027451557786,1.370872150468502
259.58814559337026,0.28280746631867787
259.59601667116266,2.4745646788937266
259.60388774895506,3.6032681255924657
259.61175882674746,1.2934830431606608
259.61962990453986,0.508532652302391
259.62750098233226,0.6807818805515101
259.63537206012467,2.849910436881325
259.64324313791707,0.2040075419894212
259.65111421570947,1.5055998152755616
259.65898529350187,1.1442187118692166
259.6668563712943,0.12722378242711446
259.6747274490867,0.6729797753899626
259.6825985268791,1.4280829234923857
259.6904696046715,0.48766575928046346
259.6983406824639,0.9461071260134665
259.7062117602563,1.052518941489568
259.7140828380487,0.040991158548385934
259.7219539158411,0.027327920351771357
259.7298249936335,0.14779055003400537
259.7376960714259,2.3618876176746015
259.7455671492183,1.275892404334653
259.7534382270107,0.4412906473843896
259.7613093048031,0.1750624465420575
259.7691803825955,0.9798117414742012
259.7770514603879,0.2365082090143679
259.7849225381803,0.4749886931592864
259.7927936159727,1.8186487542366476
259.8006646937651,0.01539905394926789
259.8085357715575,0.8231153348537937
259.8164068493499,0.3472379454022387
259.8242779271423,0.9363505997510561
259.8321490049347,0.6061767715208068
259.8400200827271,0.5468719394355936
259.8478911605195,0.2522379362347083
259.8557622383119,2.5761619280033465
259.8636333161043,1.3343508336578525
259.87150439389666,3.0499261215736766
259.87937547168906,2.768894322787832
259.88724654948146,2.1794673818397574
259.89511762727386,0.6382604607345216
259.90298870506626,1.1530977101730313
259.91085978285867,1.2785079396456838
259.91873086065107,2.113700580518632
259.92660193844347,7.262535145410877
259.93447301623587,0.7255070914456472
259.9423440940283,0.44388212913628655
259.9502151718207,0.978795689152903
259.9580862496131,0.38735686980549305
259.9659573274055,0.9452522044048198
259.9738284051979,0.5743578952086401
259.9816994829903,1.496320227481082
259.9895705607827,0.904316581658489
259.9974416385751,2.646202094901204
260.0053127163675,0.19230203893299427
260.0131837941599,1.7197646246145164
260.0210548719523,0.0675141686726022
260.0289259497447,0.1460148203851858
260.0367970275371,0.47650115843994384
260.0446681053295,0.760910494636342
260.0525391831219,0.8105072444325577
260.0604102609143,0.16629722717992018
260.0682813387067,0.16220342935479584
260.0761524164991,1.094990972372468
260.0840234942915,3.915288811807255
260.0918945720839,0.13572450853208462
260.0997656498763,1.749773436563461
260.1076367276687,1.9490210093144806
260.1155078054611,2.7073983066493708
260.1233788832535,0.11699126769592863
260.1312499610459,1.7039211636779548
260.1391210388383,0.35177087967996007
260.1469921166307,0.6535966608138944
260.1548631944231,0.5548623871810864
260.1627342722155,0.4327162440468638
260.1706053500079,0.4909518317386144
260.1784764278003,0.30041338276581897
260.1863475055927,1.5504140251850729
260.1942185833851,0.16196878315247276
260.2020896611775,1.0878882925290345
260.2099607389699,0.6657194009540743
260.2178318167623,0.3038057487592074
260.2257028945548,1.3936871557997557
260.2335739723472,1.0065496947167578
260.24144505013953,1.0406135950929023
260.24931612793193,1.992030140156746
260.25718720572434,1.0798851992309788
260.26505828351674,0.46463448641772426
260.27292936130914,0.5969978665155409
260.28080043910154,0.3927210777668594
260.28867151689394,1.2656982053286787
260.2965425946863,1.5687764417628667
260.3044136724787,1.3388395170945706
260.3122847502711,0.13284079830977177
260.3201558280635,0.30933891869766444
260.3280269058559,0.20608798749406615
260.3358979836483,1.0228722618664285
260.3437690614407,0.3572802789426008
260.3516401392331,1.6225332109992014
260.3595112170255,0.19588359253827217
260.3673822948179,0.8811879463861994
260.3752533726103,0.41316422069118447
260.3831244504027,1.853934545202607
260.3909955281951,0.4966259960834836
260.3988666059875,0.887879974518535
260.4067376837799,0.6539310556513178
260.4146087615723,0.22670314780603504
260.4224798393647,0.7889661942860601
260.4303509171571,0.36857140839804864
260.4382219949495,1.0135356441059835
260.4460930727419,0.7186143968461208
260.4539641505343,1.1490368473209802
260.4618352283267,1.033228427177791
260.4697063061191,1.215954430690719
260.4775773839115,1.6609452937811164
260.4854484617039,1.7776664365224235
260.4933195394963,0.5487294486867563
260.5011906172887,0.9029255078893547
260.5090616950812,3.841897032261801
260.5169327728736,3.124499085595733
260.52480385066593,1.6265825513400605
260.53267492845833,0.5288439182304657
260.54054600625074,0.2591703517262142
260.54841708404314,0.3046498407863614
260.55628816183554,2.7117593160698332
260.56415923962794,1.3803641421788464
260.57203031742034,0.11993962133998139
260.57990139521274,0.48623168403806105
260.58777247300515,0.5886219815641379
260.59564355079755,2.115318525311862
260.60351462858995,0.8143594117753357
260.61138570638235,0.5910119638771927
260.61925678417475,2.8381873219086504
260.62712786196715,0.0967662900021844
260.6349989397596,0.45661264280810443
260.642870017552,2.3511647865173666
260.6507410953444,0.7419590182597758
260.6586121731368,2.340735435197498
260.6664832509292,0.06626361784337466
260.6743543287216,1.5994734217448847
260.682225406514,2.8572406390758833
260.6900964843064,2.034088633870464
260.6979675620988,0.09365883908865381
260.7058386398912,2.3030406052713492
260.7137097176836,0.8962105731379004
260.721580795476,0.04083018040094766
260.7294518732683,1.9405770784485032
260.7373229510607,0.11499528559575352
260.7451940288531,0.5450667217391384
260.7530651066455,1.9678988806177071
260.7609361844379,0.2217543835068488
260.7688072622303,2.6932682811318567
260.7766783400227,1.470296293256228
260.7845494178152,0.31206111945084425
260.7924204956076,0.5793178610255789
260.80029157339993,0.6935685801552433
260.80816265119233,0.5464567170543427
260.81603372898473,0.5597762561757886
260.82390480677714,1.3217800660834198
260.83177588456954,0.16355306132293188
260.83964696236194,0.5337417815684256
260.84751804015434,1.680833865928921
260.85538911794674,1.068532926111276
260.86326019573914,0.29278661105040177
260.87113127353155,1.5130756712796534
260.87900235132395,0.5225350234553643
260.88687342911635,0.9357297967320387
260.89474450690875,0.7436836489940217
260.90261558470115,0.6687841999878119
260.91048666249355,0.027565239801651646
260.918357740286,0.0321266153935381
260.9262288180784,0.03802346497603928
260.9340998958708,0.7094949436577778
260.9419709736632,0.45699198685821063
260.9498420514556,0.05370264983513296
260.957713129248,1.3729615575500178
260.9655842070404,0.292264624388942
260.9734552848328,0.48697680136202065
260.9813263626252,0.12381444218684139
260.9891974404176,0.39970098323487546
260.99706851821,0.21799347518022183
261.0049395960024,0.5609347934197103
261.0128106737948,0.08200196399498833
261.0206817515872,0.7464256342105609
261.0285528293796,0.6470113014623293
261.036423907172,2.3223785721298853
261.0442949849644,0.08531779708749955
261.0521660627568,1.1405184611852197
261.0600371405492,1.603443522596902
261.0679082183416,2.1907999616546965
261.075779296134,0.38835283057917414
261.0836503739264,0.40212320680766506
261.0915214517188,0.020878545027030206
261.0993925295112,1.7187054252197858
261.1072636073036,1.038534154775386
261.115134685096,1.911079506547575
261.1230057628884,0.6382458091589045
261.1308768406808,1.3192408202347756
261.1387479184732,0.17482793343402048
261.1466189962656,1.33945575019599
261.154490074058,0.3684082526946131
261.16236115185035,0.3810500464138919
261.17023222964275,1.47760620813747
261.17810330743515,0.5685972709292718
261.18597438522755,0.5365149746979267
261.19384546301995,1.1648074817643876
261.2017165408124,1.2431947060948678
261.2095876186048,0.5649700627986657
261.2174586963972,0.6260410254146623
261.2253297741896,0.4682538104907735
261.233200851982,1.9912789550218857
261.2410719297744,0.3348436249858047
261.2489430075668,0.433114886262519
261.2568140853592,0.22887381410390914
261.2646851631516,1.0324461155065978
261.272556240944,0.08436837888751635
261.2804273187364,1.3042597979889543
261.2882983965288,2.836731064514873
261.2961694743212,0.8797678531007957
261.3040405521136,0.9208915535080691
261.311911629906,2.121074418490381
261.3197827076984,1.3566223689838022
261.3276537854908,2.119748027391298
261.3355248632832,0.12887105847726132
261.3433959410756,0.64964580943304
261.351267018868,1.17425547495801
261.3591380966604,0.286453200964708
261.3670091744528,0.2053052613111475
261.3748802522452,0.07712342683375785
261.3827513300376,0.36636102596535486
261.39062240783,0.25304225350628734
261.3984934856224,0.6978925688132539
261.4063645634148,0.02756270811275585
261.4142356412072,2.405204923947988
261.4221067189996,0.3469677239054306
261.429977796792,0.5516415269797664
261.4378488745844,0.7216594756603338
261.4457199523768,1.99125058401963
261.4535910301692,0.04712875479919983
261.4614621079616,0.6029157320560512
261.469333185754,1.007434797143891
261.4772042635464,0.7640884503405583
261.4850753413388,1.546523259924548
261.4929464191312,0.14776535592282708
261.5008174969236,0.6031356362834136
261.508688574716,0.8017930006031114
261.5165596525084,0.3345960305328961
261.5244307303008,0.5091069384383267
261.5323018080932,0.571037368509772
261.5401728858856,0.05664606312399993
261.548043963678,0.1646218631509204
261.5559150414704,0.31667202010254636
261.56378611926283,1.0756179327755873
261.57165719705523,0.46900554705152186
261.57952827484763,0.3053362785063616
261.58739935264,0.214631360097915
261.5952704304324,1.3525911338236147
261.6031415082248,2.261007009444123
261.6110125860172,2.0725606203286935
261.6188836638096,3.001899803273181
261.626754741602,0.21179358466746181
261.6346258193944,0.9544428019991863
261.6424968971868,1.0699770704217542
261.6503679749792,0.08561963201762478
261.6582390527716,0.33780646872116427
261.666110130564,0.5122756132809495
261.6739812083564,1.087127421907474
261.6818522861488,0.28332579974146727
261.6897233639412,0.25137661290133695
261.6975944417336,2.8371735662002453
261.705465519526,0.6710363652043917
261.7133365973184,1.3851929530642215
261.7212076751108,0.5795130165128098
261.7290787529032,1.3873052305709055
261.7369498306956,2.681130218642444
261.744820908488,0.07567299662612596
261.7526919862804,1.0360888886488195
261.7605630640728,0.5520592604029488
261.7684341418652,0.5521563305009848
261.7763052196576,1.0274826795764027
261.78417629745,1.2967023905610149
261.7920473752424,1.6926020895188685
261.7999184530348,1.925043984665082
261.8077895308272,0.7218457350557334
261.8156606086196,0.5921375366559808
261.823531686412,1.2408932320310373
261.8314027642044,0.8782412045036256
261.8392738419968,0.6884839197407714
261.84714491978923,0.07876058497021006
261.85501599758163,0.11176736624255744
261.86288707537403,0.025761731405108904
261.87075815316643,0.5346496825533922
261.87862923095884,1.2468793829472193
261.88650030875124,1.4815453729085222
261.89437138654364,2.9420867476605492
261.90224246433604,0.385205979259322
261.91011354212844,0.6886681861304149
261.91798461992084,0.7164495461447478
261.92585569771325,1.5370446911324738
261.93372677550565,2.216885937659196
261.94159785329805,2.2283706025074084
261.94946893109045,1.409510017761396
261.95734000888285,0.21634299629897896
261.96521108667525,1.0034110281959705
261.97308216446766,2.138937936658746
261.98095324226006,0.15388387186328933
261.98882432005246,0.16917129875618508
261.99669539784486,0.41928749833242224
262.00456647563726,0.5497179402891623
262.01243755342966,1.1641440883384826
262.020308631222,0.8780718074015963
262.0281797090144,2.442031646982104
262.0360507868068,0.9541579820067
262.0439218645992,2.0489822520461307
262.0517929423916,2.788369148474717
262.059664020184,4.394911645079055
262.0675350979764,5.904171594499302
262.0754061757688,0.2699007765424101
262.0832772535612,0.6375497329737541
262.0911483313536,2.5400990998843884
262.099019409146,2.600496280536207
262.1068904869384,1.713613521774605
262.1147615647308,1.3717324396774104
262.12263264252323,0.7569075860854073
262.13050372031563,0.8563463151197791
262.13837479810803,0.26477658961883893
262.14624587590043,1.845439014714144
262.15411695369284,0.7245928988633114
262.16198803148524,1.6486711712695867
262.16985910927764,2.314897728865343
262.17773018707004,1.7222899483134673
262.18560126486244,1.7235593623761054
262.19347234265484,2.7258499930542177
262.20134342044724,0.41235566193242706
262.20921449823965,0.2512099833872646
262.21708557603205,0.9495919678019724
262.22495665382445,0.4216417294195721
262.23282773161685,0.7230217767399696
262.24069880940925,0.6286635381346941
262.24856988720165,0.5430562458525499
262.25644096499406,1.8094050090223226
262.26431204278646,1.1294492522503943
262.27218312057886,1.4743764189817152
262.28005419837126,1.3485739636172258
262.28792527616366,0.05984470395132222
262.29579635395606,1.0458599244554352
262.30366743174847,0.41785176654321055
262.31153850954087,3.284185209740452
262.31940958733327,0.038240087795820436
262.32728066512567,0.7124706699100777
262.3351517429181,0.014549443999840974
262.3430228207105,3.087292950766563
262.3508938985029,2.9931594887374415
262.3587649762953,1.1307351384292301
262.3666360540877,3.2587266163459376
262.3745071318801,0.7895318505254072
262.3823782096725,1.5408384598503997
262.3902492874649,0.5608120174528562
262.3981203652573,0.8083665477386553
262.4059914430497,0.7542690110208294
262.4138625208421,0.5675724643637731
262.4217335986345,1.7328861409310428
262.4296046764269,1.74811294866519
262.4374757542193,0.6266561868567538
262.4453468320117,0.2667037703967018
262.45321790980404,1.098996610153065
262.46108898759644,1.444575492946659
262.46896006538884,0.6823634478760205
262.47683114318124,1.579507665754158
262.48470222097365,1.1216777304797676
262.49257329876605,0.4486734268214133
262.50044437655845,1.2909937691539255
262.50831545435085,2.5188901455867994
262.51618653214325,2.953036034767012
262.52405760993565,5.699920362726475
262.53192868772805,4.064169621949336
262.53979976552046,0.2493931028173747
262.54767084331286,0.1206179805789915
262.55554192110526,2.301254603707165
262.56341299889766,0.4877682982051756
262.57128407669006,2.8573122159532183
262.57915515448246,0.09333778099754934
262.58702623227487,0.6856887890258282
262.59489731006727,0.5146291027315172
262.60276838785967,0.860051249883542
262.61063946565207,0.29019251857316053
262.6185105434445,0.46104081256027785
262.6263816212369,0.14813359302630452
262.6342526990293,2.594539643869529
262.6421237768217,2.035207853471027
262.6499948546141,1.4986789120615462
262.6578659324065,1.2257191051920062
262.6657370101989,2.600459864506259
262.6736080879913,0.8924349336353807
262.6814791657837,0.014598166128204018
262.6893502435761,0.3777391752345731
262.6972213213685,0.9168777124516304
262.7050923991609,0.3120288116296483
262.7129634769533,0.9943576053089139
262.7208345547457,0.6201775570201985
262.7287056325381,1.9488351770978716
262.7365767103305,0.7148022521442943
262.7444477881229,2.351425935448253
262.7523188659153,0.7658148229565932
262.7601899437077,5.236444437965017
262.7680610215001,1.2749219486707168
262.7759320992925,0.5793129650923279
262.7838031770849,1.3126357646990436
262.7916742548773,0.3805596675931264
262.7995453326697,2.4704256974038574
262.8074164104621,0.9073548520502541
262.8152874882545,1.1147965534146749
262.8231585660469,1.9951260217099949
262.8310296438393,1.969644132301212
262.8389007216317,3.1650808068703165
262.8467717994241,0.6412771171195427
262.8546428772165,1.1416039641736713
262.8625139550089,2.1921361766165455
262.8703850328013,0.47358300095135186
262.8782561105937,0.3535982092327352
262.88612718838607,0.15789182984593725
262.89399826617847,0.33139843528309954
262.9018693439709,0.7699564227880306
262.9097404217633,1.893418554168258
262.9176114995557,1.2276423706064155
262.9254825773481,1.1613104580025817
262.9333536551405,0.012758584391206938
262.9412247329329,0.2528978519834691
262.9490958107253,0.5854702775385777
262.9569668885177,2.576166855990567
262.9648379663101,0.5557570360159251
262.9727090441025,0.843188489523216
262.9805801218949,3.786068382698662
262.9884511996873,0.2889445874561429
262.9963222774797,0.806816370959892
263.0041933552721,1.3924858666886448
263.0120644330645,1.2683856167006495
263.0199355108569,0.4378494970900616
263.0278065886493,0.8063097849406039
263.0356776664417,1.8905074695370259
263.0435487442341,2.590223410801535
263.0514198220265,0.5543352326118026
263.0592908998189,0.0026873672144432505
263.0671619776113,1.751231406026147
263.0750330554037,1.0205651645487854
263.0829041331961,0.05056279544593439
263.0907752109885,5.105190974443423
263.0986462887809,0.9203914524538026
263.1065173665733,1.102312804881302
263.1143884443657,0.20174112666257424
263.1222595221581,1.627441101274472
263.1301305999505,2.824396231882763
263.1380016777429,5.031123143215183
263.1458727555353,0.7210601583696311
263.1537438333277,1.9713619936582396
263.1616149111201,1.9775826619037524
263.1694859889125,0.8637847266241566
263.17735706670493,0.5155107514139802
263.18522814449733,1.1998239678255582
263.19309922228973,0.30912823867800854
263.20097030008213,0.06484196836732661
263.20884137787453,0.5915709482757123
263.21671245566694,0.7438054558440963
263.22458353345934,0.9371727446138924
263.23245461125174,1.0636586952563485
263.24032568904414,0.7030821303791096
263.24819676683654,0.7040113820536792
263.25606784462894,3.3184463758059257
263.26393892242135,1.2158117658212007
263.27181000021375,0.20451516830307065
263.2796810780061,3.109532840800658
263.2875521557985,1.0178959387595847
263.2954232335909,0.4686398740857897
263.3032943113833,1.2665741552567762
263.3111653891757,0.4195406220582438
263.3190364669681,0.6350524420182768
263.3269075447605,0.2006404677443697
263.3347786225529,1.7145800838932126
263.3426497003453,1.4586029973915906
263.3505207781377,0.5695034503574661
263.3583918559301,0.8152609358016287
263.3662629337225,6.358101135217891
263.3741340115149,0.6782727301836643
263.3820050893073,1.5837434147408982
263.3898761670997,8.187859286477783
263.3977472448921,0.8513445091565847
263.4056183226845,1.4350319226174946
263.4134894004769,0.47894732687842007
263.4213604782693,0.036747136996577764
263.4292315560617,0.28505834452179635
263.4371026338541,0.3535741883361229
263.4449737116465,0.05824620182857681
263.4528447894389,0.2828551807747494
263.46071586723133,0.40210887656114735
263.46858694502373,1.7339344897296873
263.47645802281613,1.8547085289472114
263.48432910060853,0.27282100364243206
263.49220017840094,0.9191433325241659
263.50007125619334,0.47210392860097583
263.50794233398574,1.4029193557574282
263.51581341177814,1.0233174719391585
263.52368448957054,0.070428527049168
263.53155556736294,2.049348071966965
263.53942664515534,0.046890357253295024
263.54729772294775,0.7435793632552923
263.55516880074015,0.26763055309189226
263.5630398785325,0.5441649247306323
263.5709109563249,0.30399789330084315
263.5787820341173,0.2601286867657135
263.5866531119097,0.31933012252752846
263.59452418970216,1.8925807355783424
263.60239526749456,1.143727542764499
263.61026634528696,0.6586425016546424
263.61813742307936,0.3062219275240539
263.62600850087176,1.4365310275258476
263.63387957866416,1.6101132371715252
263.64175065645657,1.9183044781256136
263.64962173424897,1.6822894103109363
263.65749281204137,0.17118728747672038
263.66536388983377,0.3705125823323562
263.6732349676262,0.059441880972112615
263.6811060454186,2.859622746319566
263.688977123211,2.679408665525054
263.6968482010034,2.4368354444352374
263.7047192787958,2.3039109910596665
263.7125903565882,0.4295417814232201
263.7204614343806,1.7594799565818289
263.728332512173,1.072371039924128
263.7362035899654,1.4147143016162944
263.74407466775773,5.315457811098445
263.75194574555013,1.008529245210879
263.75981682334253,3.0475570870160573
263.76768790113493,0.19660917072072467
263.77555897892734,2.864761603217289
263.78343005671974,0.31077607194028567
263.79130113451214,0.6590666189143464
263.79917221230454,0.3080370404878656
263.80704329009694,2.3878276405004217
263.81491436788934,0.41761222015498445
263.82278544568175,5.72533741101916
263.83065652347415,0.8122267625825212
263.8385276012665,2.338440589911896
263.8463986790589,0.11070752185316715
263.8542697568513,3.3500064970612513
263.8621408346437,0.12047810987462321
263.8700119124361,1.7917178600306967
263.87788299022856,0.7532826240134137
263.88575406802096,0.9023344245438135
263.89362514581336,0.5407979122264052
263.90149622360576,0.06039369583013789
263.90936730139816,1.0660185801981237
263.91723837919056,1.6965986175708954
263.92510945698297,0.5375696318713161
263.93298053477537,2.470540262048809
263.94085161256777,0.11111725586517737
263.94872269036017,0.7111985326180681
263.9565937681526,0.6821155698152852
263.964464845945,1.3753787154382209
263.9723359237374,0.18302164070873453
263.9802070015298,3.194784407563796
263.9880780793222,0.4283407618816637
263.9959491571146,0.5394353116725588
264.003820234907,1.0568045473892234
264.0116913126994,0.9953578271355509
264.0195623904918,0.26571828121559077
264.0274334682842,0.392407487025586
264.0353045460766,3.519480973149494
264.043175623869,2.3233602332647316
264.0510467016614,0.18771807466639173
264.0589177794538,4.171870869113418
264.0667888572462,1.354899473969772
264.0746599350386,0.02444477422566979
264.082531012831,0.31410318239909074
264.0904020906234,1.122774354720276
264.0982731684158,1.6719928934653285
264.1061442462082,1.051860711052218
264.1140153240006,0.33240427227548824
264.121886401793,0.35871867253429096
264.1297574795854,0.1615048164329168
264.1376285573778,0.37924687701978566
264.1454996351702,1.5552804819493962
264.1533707129626,0.1334213484400778
264.161241790755,1.8110869821914377
264.1691128685474,0.16097389725729877
264.17698394633976,1.418336795447969
264.18485502413216,0.2330780477513473
264.19272610192456,1.0768890682702954
264.20059717971697,1.0150029054341614
264.20846825750937,0.3593379667040267
264.21633933530177,0.601355043151019
264.22421041309417,0.06760536565418988
264.23208149088657,0.12637213454797555
264.239952568679,0.8252612983647618
264.2478236464714,1.6673639084305942
264.2556947242638,0.28311287175850847
264.2635658020562,0.36567889211314514
264.2714368798486,1.2952697694377737
264.279307957641,0.5936483808188237
264.2871790354334,0.4719004835860241
264.2950501132258,0.010658161111700275
264.3029211910182,1.7134747363380378
264.3107922688106,1.5467338109666102
264.318663346603,1.2671765385152491
264.3265344243954,1.179667232243457
264.3344055021878,1.2443328971446213
264.3422765799802,0.23018309148314892
264.3501476577726,2.6776357192041016
264.358018735565,1.4051058216902572
264.3658898133574,2.1746648906346504
264.3737608911498,0.10685001014073087
264.3816319689422,2.6037735659895214
264.3895030467346,0.22673532930708312
264.397374124527,1.0706837215148726
264.4052452023194,0.2500749958846162
264.4131162801118,0.7721644450006578
264.4209873579042,0.865567398637828
264.4288584356966,4.760100131439862
264.436729513489,0.5835797708864092
264.4446005912814,0.7009875223683245
264.4524716690738,1.8640941038744805
264.4603427468662,5.276058779020572
264.4682138246586,0.4105493857556701
264.476084902451,1.7350027489328854
264.4839559802434,1.779651911478244
264.4918270580358,0.48547259682790356
264.4996981358282,1.2592787187469934
264.5075692136206,0.982672433991159
264.51544029141303,0.7027444656348592
264.52331136920543,1.855493850093835
264.53118244699783,0.4251971835360981
264.53905352479023,0.3464087592433779
264.54692460258264,0.7700738949346012
264.55479568037504,0.03951269298905711
264.56266675816744,0.04579819716399777
264.57053783595984,0.24572290870649416
264.57840891375224,0.16766744360597988
264.58627999154464,0.6000998945406886
264.59415106933704,0.36551905916352245
264.6020221471294,3.0155059177371912
264.6098932249218,0.39383526635407434
264.6177643027142,0.0981647519394459
264.6256353805066,0.9390084871189216
264.633506458299,5.686265119144522
264.6413775360914,1.124201982200852
264.6492486138838,1.641510022333821
264.6571196916762,1.9455899279296665
264.6649907694686,0.11722289998463882
264.672861847261,0.05469832863777543
264.6807329250534,2.387504061108316
264.6886040028458,0.02981371717429826
264.6964750806382,0.24746385453591324
264.7043461584306,0.5900154442232896
264.712217236223,0.7773311894564428
264.7200883140154,0.005802136444095259
264.7279593918078,0.17469920893112556
264.7358304696002,1.2662277167876965
264.7437015473926,2.8183007940481284
264.751572625185,0.9186714272872464
264.7594437029774,1.318787772477662
264.7673147807698,0.7267340775956815
264.7751858585622,1.2454882238194505
264.7830569363546,3.0995644067560177
264.790928014147,0.3630945989912134
264.79879909193943,1.3999853413534291
264.80667016973183,0.16966282041265524
264.81454124752423,0.8838601424004503
264.82241232531663,0.4457463612220723
264.83028340310904,2.5040363450041
264.83815448090144,0.2262154419710629
264.84602555869384,1.7379539998268028
264.85389663648624,3.6070395102207438
264.86176771427864,1.6787692181089084
264.86963879207104,1.5113945563389053
264.87750986986345,0.46910508230247583
264.88538094765585,4.045784391469078
264.89325202544825,0.0236674455599219
264.90112310324065,0.8584824779905519
264.90899418103305,0.08403445696569894
264.91686525882545,2.0187403825597783
264.92473633661785,0.18727089086250495
264.93260741441026,1.1310769329762054
264.94047849220266,0.3253193688353492
264.94834956999506,0.9230842043557044
264.95622064778746,0.35218580836780455
264.96409172557986,1.5466265675720496
264.97196280337226,0.018585137966057888
264.97983388116467,0.06076707465647991
264.98770495895707,1.4929226534138504
264.99557603674947,0.0032452993463499935
265.00344711454187,2.674276651086678
265.0113181923343,0.2877813702455842
265.0191892701267,2.7906635668966753
265.0270603479191,0.8440546060945526
265.0349314257114,0.5020906088565422
265.0428025035038,1.0052963158003718
265.0506735812962,0.7600449889526085
265.0585446590886,0.9015383785237554
265.066415736881,0.7032449223488945
265.0742868146734,1.5751573571240043
265.08215789246583,1.957712553533108
265.09002897025823,0.19040417174485194
265.09790004805063,1.0663708939570717
265.10577112584303,0.7636848860229922
265.11364220363544,0.43131855124738805
265.12151328142784,4.501957240296399
265.12938435922024,0.6085420476100432
265.13725543701264,0.7465775702707936
265.14512651480504,0.9748251133853619
265.15299759259744,0.26674578003835725
265.16086867038985,0.33412004934802153
265.16873974818225,1.293366486416218
265.17661082597465,0.7556629270270185
265.18448190376705,0.9737732462848416
265.19235298155945,0.8163591676809823
265.20022405935185,0.6773920155201656
265.20809513714426,0.7353243422705784
265.21596621493666,0.2596671684346334
265.22383729272906,0.517928678485575
265.23170837052146,0.26839472819511184
265.23957944831386,2.1493305607740965
265.24745052610626,1.770073466045378
265.25532160389866,1.0196338952761694
265.26319268169107,0.6026680292091733
265.27106375948347,0.15838633337751587
265.27893483727587,0.6106618500384902
265.28680591506827,0.6631784094745238
265.2946769928607,0.11112206371462989
265.3025480706531,0.1792984890870365
265.3104191484455,0.14989664226524632
265.3182902262379,0.37923040418262594
265.3261613040303,0.34888450534996024
265.3340323818227,0.024115540566009484
265.3419034596151,0.014909325627092468
265.3497745374075,0.5834672971875382
265.3576456151999,0.689563476230729
265.3655166929923,0.09756466484955513
265.3733877707847,0.5333145690947342
265.3812588485771,1.0613280573287711
265.3891299263695,0.06302508849837614
265.3970010041619,1.4451385917056998
265.4048720819543,0.5602259558398437
265.4127431597467,0.2765985016459159
265.4206142375391,0.0685544654847086
265.4284853153315,0.9754794032662846
265.4363563931239,1.3981822306366956
265.4442274709163,0.07512807121504386
265.4520985487087,2.8934940391472286
265.4599696265011,0.4235226282643208
265.46784070429345,1.079574870252574
265.47571178208585,0.0966454353100055
265.48358285987825,1.2491917361984122
265.49145393767066,0.24964434763069912
265.49932501546306,1.419303037514415
265.50719609325546,1.174934265602055
265.51506717104786,0.023795440253360438
265.52293824884026,0.015597322625347309
265.53080932663266,0.9156984847381385
265.53868040442507,3.3672985706083844
265.54655148221747,0.0554461995644509
265.55442256000987,0.2848603229315184
265.56229363780227,0.894489900085603
265.5701647155947,3.353000477152353
265.5780357933871,2.123423041977013
265.5859068711795,0.15816597943041066
265.5937779489719,0.2294468284544822
265.6016490267643,0.7467573310329666
265.6095201045567,1.768665737727183
265.6173911823491,0.4949617269924423
265.6252622601415,0.5240164081730061
265.6331333379339,1.1600097193343555
265.6410044157263,0.05277585912387143
265.6488754935187,0.27845426368584547
265.6567465713111,0.9210726614671996
265.6646176491035,0.6537141396920622
265.6724887268959,0.3142103905481261
265.6803598046883,1.0651421297716843
265.6882308824807,0.3908597085498276
265.6961019602731,0.8976905779341977
265.7039730380655,0.8965036355497893
265.7118441158579,2.2621154759603033
265.7197151936503,1.0573963174857648
265.7275862714427,2.716791468493458
265.7354573492351,0.8714994295114425
265.7433284270275,0.31936432191513053
265.7511995048199,0.477812818084419
265.7590705826123,0.8121110195536072
265.7669416604047,0.10794707893102892
265.7748127381971,0.2836848169898894
265.7826838159895,0.1632664986548852
265.7905548937819,0.012648069754143981
265.7984259715743,0.35541327955700447
265.8062970493667,0.174537185868343
265.8141681271591,0.9717458564432236
265.8220392049515,0.16622436399351767
265.8299102827439,0.6722873330908209
265.8377813605363,1.6358588196945194
265.8456524383287,1.680102422111481
265.8535235161212,1.0389737132423333
265.8613945939136,1.1513458906526792
265.86926567170593,1.3361655906535728
265.87713674949833,0.015706275117441146
265.88500782729074,0.7799504202571802
265.89287890508314,1.7255540537182152
265.9007499828755,1.1305899397880907
265.9086210606679,0.037305174513069125
265.9164921384603,0.519214030165463
265.9243632162527,4.203031608348447
265.9322342940451,2.424233474143219
265.9401053718375,0.31137559999659953
265.9479764496299,0.1949251511076945
265.9558475274223,0.5855917398470358
265.9637186052147,1.54173455596499
265.9715896830071,0.25989990251075706
265.9794607607995,0.2708668066698973
265.9873318385919,2.017163113715257
265.9952029163843,0.4084843042201177
266.0030739941767,0.2393103442163311
266.0109450719691,0.8201315643200744
266.0188161497615,1.1242060841003128
266.0266872275539,0.47564387510980943
266.0345583053463,2.261448550536677
266.0424293831387,1.604512425317768
266.0503004609311,0.019379032775113162
266.0581715387235,0.7384869705822542
266.0660426165159,1.6764660454402933
266.0739136943083,0.4831336092569177
266.0817847721007,1.3128401769344333
266.0896558498931,0.901522493761601
266.0975269276855,0.3349535356681377
266.1053980054779,1.2174146774563626
266.1132690832703,1.9522370014381527
266.1211401610627,1.4370896826664912
266.1290112388551,1.8680683871681898
266.1368823166476,0.4293945093084761
266.14475339444,1.459718483885406
266.15262447223233,2.2996652269653772
266.16049555002473,0.6194931087148072
266.16836662781714,0.32281533790102784
266.17623770560954,0.21171828954005992
266.18410878340194,6.885535099997067
266.19197986119434,0.32731791192813336
266.19985093898674,0.2679976423436749
266.20772201677914,1.581187734469289
266.21559309457155,1.1252215975616322
266.22346417236395,0.22475206525376237
266.23133525015635,0.07118939896818414
266.23920632794875,0.35369418333644576
266.24707740574115,0.6356899330779862
266.25494848353355,0.3266569719743023
266.26281956132595,0.20129317902467728
266.2706906391184,0.1656563221423759
266.2785617169108,0.26313332938327005
266.2864327947032,0.3651350933381652
266.2943038724956,0.33395770333816066
266.302174950288,0.1328676518711794
266.3100460280804,0.46226330535279714
266.3179171058728,0.804557764347621
266.3257881836651,0.3194690663529492
266.3336592614575,0.45224860697386904
266.3415303392499,0.16159164269654888
266.3494014170423,1.8932264722404286
266.3572724948347,4.723480687111904
266.3651435726271,0.42102360500358554
266.3730146504195,0.16075807701417455
266.3808857282119,3.428927978102921
266.3887568060043,2.2262890601158305
266.3966278837967,0.22392631829803938
266.4044989615891,0.8588877029027532
266.4123700393815,0.9266408342028568
266.420241117174,1.293112791399711
266.4281121949664,1.2533782592362035
266.43598327275873,0.7987310768267628
266.44385435055113,0.3443392333460892
266.45172542834354,0.26508252075604805
266.45959650613594,1.7778350300469965
266.46746758392834,0.22564815771209032
266.47533866172074,0.9963502378411551
266.48320973951314,1.0559424727910993
266.49108081730554,1.2325425541611876
266.49895189509795,0.8846651982554921
266.50682297289035,0.3465667825370076
266.51469405068275,1.617169260638127
266.52256512847515,0.026814113892832635
266.53043620626755,2.095338088904911
266.53830728405995,0.31651237613921457
266.5461783618524,1.98486086918956
266.5540494396448,0.3068432203910944
266.5619205174372,0.017985440327507055
266.5697915952296,0.6449385229728223
266.577662673022,0.19046394807860423
266.5855337508144,0.8961592952501072
266.5934048286068,0.593145603138394
266.6012759063992,0.7083949393090642
266.6091469841916,0.933962129069843
266.617018061984,2.68774734301562
266.6248891397764,2.7712432395969633
266.6327602175688,0.19969331127047774
266.6406312953612,0.10038619559241217
266.6485023731536,1.847350929724798
266.656373450946,0.30651689870573673
266.6642445287384,0.08049556426162342
266.6721156065308,0.08270452894044515
266.6799866843232,0.11602403829873642
266.6878577621156,1.4537528948565939
266.695728839908,0.3822665750292257
266.7035999177004,2.0654213420692225
266.7114709954928,5.8969067835769495
266.7193420732852,0.2231698886413274
266.7272131510776,2.3572363433275596
266.73508422887,0.6847902908095154
266.7429553066624,1.0126139483264478
266.7508263844548,6.255729251898226
266.75869746224714,0.08077894047558333
266.76656854003954,1.8659274885085333
266.77443961783194,0.32941925033088676
266.78231069562435,0.600316081851011
266.79018177341675,0.5506301785519594
266.79805285120915,1.684423253995908
266.80592392900155,0.43384931529159443
266.81379500679395,2.091051587113509
266.82166608458635,0.41379712904516414
266.8295371623788,0.4440473983007991
266.8374082401712,1.6248722020365063
266.8452793179636,0.5036594017446266
266.853150395756,1.0288777227547385
266.8610214735484,0.20515809365772805
266.8688925513408,1.4646805323660312
266.8767636291332,0.014735179080483215
266.8846347069256,0.31173685364264947
266.892505784718,0.623309924931001
266.9003768625104,0.1814913200852393
266.9082479403028,0.6808046837893724
266.9161190180952,0.14707123762572172
266.9239900958876,1.4536660838719264
266.93186117368,1.9226755661514734
266.9397322514724,3.314482766967397
266.9476033292648,1.0518410409327195
266.9554744070572,1.4563380952546126
266.9633454848496,1.514562592897798
266.971216562642,0.1716269151367602
266.9790876404344,0.4671447234928164
266.9869587182268,0.21546287239895573
266.9948297960192,1.3760113269837553
267.0027008738116,0.4818649988009708
267.010571951604,0.15196457691932339
267.0184430293964,0.6435512851091729
267.0263141071888,0.12429051687076907
267.0341851849812,0.06418491096915642
267.0420562627736,1.315218356389615
267.049927340566,0.7622898189069856
267.0577984183584,0.03388452741327835
267.0656694961508,0.07544515035956267
267.0735405739432,0.051778653178009997
267.0814116517356,0.0971810704760954
267.089282729528,0.9919443208200321
267.0971538073204,0.46789112759466067
267.1050248851128,0.5464504705355927
267.1128959629052,1.2175428872349932
267.1207670406976,0.40817863519221953
267.12863811849,0.09152958868481263
267.1365091962824,0.6780420767346054
267.1443802740748,0.07050636598245538
267.1522513518672,0.18749045313407833
267.1601224296596,1.1158509104249794
267.167993507452,0.19824379051079966
267.1758645852444,0.7063977277140581
267.1837356630368,1.239388736199867
267.1916067408292,0.27483982617196834
267.1994778186216,1.0124973137885869
267.207348896414,1.4681972967089485
267.2152199742064,1.420567540377044
267.2230910519988,1.4389098744108946
267.2309621297912,0.018459871697484885
267.2388332075836,0.17772269440275776
267.246704285376,1.2747523125803055
267.2545753631684,0.8115107902743546
267.2624464409608,0.7943937118356353
267.2703175187532,0.06922971900862894
267.2781885965456,2.585335726155205
267.286059674338,1.0023033442752711
267.2939307521304,0.3795736664606266
267.3018018299228,0.08616202209159764
267.3096729077152,0.014023746759761185
267.3175439855076,0.8664792813917248
267.3254150633,0.9307492777890133
267.3332861410924,0.22570048619659458
267.3411572188848,0.8190572523065632
267.3490282966772,1.4698215325824013
267.3568993744696,0.1642751152030021
267.364770452262,1.4670208525427617
267.3726415300544,0.26736580767878293
267.3805126078468,1.2290871969861343
267.3883836856392,1.9197819913355876
267.3962547634316,0.9821194212440506
267.404125841224,5.003127795976942
267.4119969190164,1.4325970529347174
267.4198679968088,0.17458897180398583
267.4277390746012,0.4752033992771652
267.4356101523936,0.11171625034518394
267.443481230186,0.6510836883805181
267.4513523079784,0.788756967628931
267.4592233857708,0.5524421482799301
267.4670944635632,0.014377742191050445
267.47496554135563,0.2306436544303865
267.48283661914803,1.5141402745981656
267.49070769694043,0.5229650120177425
267.49857877473283,0.33749166855363083
267.50644985252524,0.2235233091316189
267.51432093031764,0.6468213257189984
267.52219200811004,1.7349914542174345
267.53006308590244,2.997071114695453
267.53793416369484,0.23291121866959075
267.54580524148724,1.5733529200864633
267.55367631927965,0.9638741170316525
267.56154739707205,5.482607598473027
267.56941847486445,1.8877297750527382
267.57728955265685,0.23804549544700437
267.58516063044925,0.49827197138074325
267.59303170824165,0.47927195574757453
267.60090278603406,0.0760385494050651
267.60877386382646,0.5398677785476653
267.6166449416188,0.90838990553013
267.6245160194112,1.0893373645541788
267.6323870972036,0.4022400481611449
267.640258174996,0.8792784192171244
267.6481292527884,0.15351735868444466
267.6560003305808,0.8718300836468862
267.6638714083732,0.2277978028843966
267.6717424861656,0.12066687671178136
267.679613563958,0.017448357670021605
267.6874846417504,0.35330314144452696
267.6953557195428,0.38467101270396115
267.7032267973352,3.144383123699602
267.7110978751276,3.315979536202727
267.71896895292,1.7821355910283374
267.7268400307124,0.1948113966700055
267.7347111085048,0.1772827877399872
267.7425821862972,1.437012884034351
267.75045326408963,0.18274255532241027
267.75832434188203,0.5651947692673662
267.76619541967443,0.36303956113783925
267.77406649746683,0.12589035943219673
267.78193757525924,0.5410544452683017
267.78980865305164,1.4795634931024517
267.79767973084404,3.847172264129421
267.80555080863644,0.5115846344323138
267.81342188642884,0.4398521923864679
267.82129296422124,1.755123654626747
267.82916404201364,0.27405309687249113
267.83703511980605,0.6445062031944835
267.84490619759845,0.20896000599124823
267.85277727539085,0.5667190457069063
267.86064835318325,4.601205180569361
267.86851943097565,1.9951918143650724
267.87639050876805,0.5324536669008402
267.88426158656046,2.0086817887320016
267.89213266435286,0.34635657038259127
267.90000374214526,0.8258402629653467
267.90787481993766,0.4868331490619901
267.91574589773006,1.8487412713095637
267.92361697552246,0.33491832997180465
267.93148805331487,0.2332832937785263
267.93935913110727,0.7547308741104244
267.94723020889967,0.8047532547162343
267.95510128669207,1.035097949690468
267.9629723644845,1.1426671592724447
267.9708434422769,0.47191098512360363
267.9787145200693,0.3166876189151183
267.9865855978617,0.5128311109400123
267.9944566756541,0.0031168928970867916
268.0023277534465,1.3086514443571304
268.0101988312389,3.583036542678105
268.0180699090313,0.8301675269300006
268.0259409868237,0.14575774278832807
268.0338120646161,0.9975453473985202
268.0416831424085,2.514153530664252
268.04955422020083,1.8290632985577955
268.05742529799323,0.4753687414115715
268.06529637578564,0.19172344151843917
268.07316745357804,0.2392342591534419
268.08103853137044,0.0877120467568427
268.08890960916284,0.6640355382514714
268.09678068695524,0.28468979855575943
268.10465176474764,1.9881685136135177
268.11252284254005,1.480105914801174
268.12039392033245,0.6060462618122429
268.12826499812485,0.8048442636981439
268.13613607591725,1.9990447493540653
268.14400715370965,1.4103237927642371
268.15187823150205,1.1201742203294636
268.15974930929445,0.31828975045394226
268.16762038708686,0.35845492518129235
268.17549146487926,1.8709962837798468
268.18336254267166,1.7389899974190213
268.19123362046406,0.16079054439416518
268.19910469825646,0.060890149542472974
268.20697577604886,0.44271776942594765
268.21484685384127,0.37298337621121025
268.22271793163367,0.4441309074537932
268.23058900942607,1.4560943858058986
268.23846008721847,0.580154692554145
268.2463311650109,0.005951656001293789
268.2542022428033,0.8942910692456354
268.2620733205957,0.8524322875666084
268.2699443983881,1.942655581923396
268.2778154761805,0.2667292532195617
268.2856865539729,0.5494377134849149
268.2935576317653,0.31866178102460807
268.3014287095577,1.4614728914147905
268.3092997873501,0.27702762178537904
268.3171708651425,2.5464257103264716
268.3250419429349,1.1895643378890506
268.3329130207273,3.1580500587302387
268.3407840985197,0.36827556116053606
268.3486551763121,1.1167191854709382
268.3565262541045,3.6277112886653833
268.3643973318969,0.7101531321548119
268.3722684096893,0.537831887365644
268.3801394874817,1.0356825158595917
268.3880105652741,2.5470278798783297
268.3958816430665,0.18919317643241704
268.4037527208589,1.6132037499283287
268.4116237986513,0.09795900529682999
268.4194948764437,1.0768556428822298
268.4273659542361,2.5460259749098215
268.4352370320285,2.2991166998896118
268.4431081098209,3.333253550744784
268.4509791876133,0.041652213964244615
268.4588502654057,1.1502502092445956
268.4667213431981,0.5095131065224401
268.4745924209905,0.4340603673991863
268.48246349878286,2.6988594313984593
268.49033457657526,0.002591692867263514
268.49820565436767,0.030853557895264037
268.50607673216007,0.6644412887944761
268.51394780995247,0.38203762918720013
268.52181888774487,0.08155829708019549
268.5296899655373,1.1899855421085728
268.5375610433297,0.3716538814065788
268.5454321211221,0.05595444122638922
268.5533031989145,0.5042066888856231
268.5611742767069,0.39046871704084657
268.5690453544993,0.9561747771003645
268.5769164322917,0.016749127972378066
268.5847875100841,0.1558739128436025
268.5926585878765,1.180415613637615
268.6005296656689,2.833383978161447
268.6084007434613,0.4957927333142898
268.6162718212537,3.391642550029022
268.6241428990461,0.3123265753666433
268.6320139768385,0.5638943341173985
268.6398850546309,1.7964820979351306
268.6477561324233,1.5837531302401922
268.6556272102157,2.4832672256977384
268.6634982880081,0.2869177920048731
268.6713693658005,0.4667302002643338
268.6792404435929,0.36422032964652545
268.6871115213853,1.627725266646181
268.6949825991777,1.2935144565058834
268.7028536769701,0.5514917148349524
268.7107247547625,0.9960427648140847
268.7185958325549,0.6351627934826906
268.7264669103473,1.2117493577903473
268.7343379881397,0.13694046138381447
268.7422090659321,0.34657079914269856
268.7500801437245,0.21607467647196474
268.7579512215169,0.36123160921312214
268.7658222993093,0.997491605606107
268.7736933771017,0.6790867321752545
268.7815644548941,3.2589374171946113
268.7894355326865,0.046663392727694084
268.7973066104789,0.14537391138934724
268.8051776882713,4.562520855595695
268.81304876606373,0.08259998146389058
268.82091984385613,0.020966064531477483
268.82879092164853,0.09744758101852916
268.83666199944093,0.6209204699123465
268.84453307723334,0.14896003483446288
268.85240415502574,1.97289856151909
268.86027523281814,1.2858096451696295
268.86814631061054,0.5771211585763418
268.87601738840294,0.45763356033713526
268.88388846619534,4.277013570270258
268.89175954398775,2.6065687415974077
268.89963062178015,1.5400366060102706
268.9075016995725,0.32434814517742494
268.9153727773649,0.5613212867633737
268.9232438551573,0.5097264943130375
268.9311149329497,0.21888528991338307
268.9389860107421,0.5671035094143356
268.9468570885345,0.369030103275351
268.9547281663269,0.25043848687070097
268.9625992441193,0.028434236726355484
268.9704703219117,0.9204079169211489
268.9783413997041,0.27421410063423396
268.9862124774965,0.07640888891822113
268.9940835552889,0.5924179774340471
269.0019546330813,2.488107834881112
269.0098257108737,0.5508101279254259
269.0176967886661,0.09556331508167405
269.0255678664585,0.00937881706064215
269.0334389442509,0.3590692797133313
269.0413100220433,5.254319765144309
269.0491810998357,4.326330930702698
269.0570521776281,1.2448553968928113
269.0649232554205,0.6465626525770508
269.0727943332129,1.0177088871700575
269.0806654110053,3.7283952544247936
269.08853648879773,0.7245373507693523
269.09640756659013,0.19489693006123796
269.10427864438253,0.06250536275604629
269.11214972217493,0.08417577984937129
269.12002079996734,0.2501028363198776
269.12789187775974,3.9379938806472268
269.13576295555214,0.18675363509303136
269.14363403334454,4.317500738901418
269.15150511113694,1.1274801842789157
269.15937618892934,0.9929855090130543
269.16724726672174,2.7680500580918967
269.17511834451415,1.3602171377599785
269.18298942230655,1.0742044334839767
269.1908605000989,3.047129192134438
269.1987315778913,3.3322299558758184
269.2066026556837,0.46363506186203973
269.2144737334761,0.08085318574814275
269.22234481126856,2.960292328990543
269.23021588906096,0.7751269141746809
269.23808696685336,1.10476945638359
269.24595804464576,1.3412039897851031
269.25382912243816,1.5280366205958138
269.26170020023056,1.2551516067082207
269.26957127802297,0.8968650963492342
269.27744235581537,0.7946319796630755
269.28531343360777,0.6578915318045813
269.29318451140017,2.827957723245392
269.3010555891926,2.0589659320088716
269.308926666985,0.7891279685752727
269.3167977447774,0.42476230634176687
269.3246688225698,1.1130566776947688
269.3325399003622,2.5949219652825946
269.3404109781545,0.7505503127745082
269.3482820559469,1.398859009530833
269.3561531337393,0.5833601789915271
269.3640242115317,0.7460491132490784
269.37189528932413,0.3484573499219799
269.37976636711653,0.8086001145225417
269.38763744490893,0.46900191419139153
269.39550852270133,0.510005497228865
269.40337960049374,1.9872388397042668
269.41125067828614,1.315462031117598
269.41912175607854,0.00930272351566503
269.42699283387094,1.0658231367014421
269.43486391166334,1.7121161520023505
269.44273498945574,2.5058886420802886
269.45060606724815,0.19076428780332694
269.45847714504055,0.5405715418352618
269.4663482228329,1.2576257960673096
269.4742193006253,0.36369200515005357
269.4820903784177,1.0757931671222205
269.4899614562101,0.8986709784791017
269.4978325340025,1.8516020957151016
269.50570361179496,0.010675054904662019
269.51357468958736,0.013028526208617261
269.52144576737976,2.5337895533550165
269.52931684517216,0.42392185826379286
269.53718792296456,1.1835744985681256
269.54505900075696,1.039166475145901
269.55293007854937,0.27952542448294715
269.56080115634177,0.8803376472416206
269.56867223413417,0.2468027508830182
269.57654331192657,0.05484648570071479
269.584414389719,2.839363680104432
269.5922854675114,2.072026415655196
269.6001565453038,0.4412127934114532
269.6080276230962,0.7320682465208407
269.6158987008886,0.8623465850292426
269.623769778681,0.9966948103084986
269.6316408564734,0.21793790805982824
269.6395119342658,0.8315429424342939
269.6473830120582,1.18590649976081
269.6552540898506,0.6180256324797794
269.663125167643,1.1290626763304417
269.6709962454354,0.006234436880830555
269.6788673232278,0.7393401644420735
269.6867384010202,0.968086564708459
269.6946094788126,1.4071314966764286
269.702480556605,0.366694112408395
269.7103516343974,1.2643953246238588
269.7182227121898,0.3430603520587382
269.7260937899822,0.09449629244496183
269.7339648677746,0.6553460426618232
269.741835945567,0.62738390289555
269.7497070233594,1.2342146174240687
269.7575781011518,2.3970442092438353
269.7654491789442,2.1943927466117548
269.7733202567365,1.3345225147027078
269.78119133452896,0.9124774768302872
269.78906241232136,1.2868855258056093
269.79693349011376,0.2903978683066131
269.80480456790616,0.465054121792839
269.81267564569856,3.2087212909876173
269.82054672349096,0.2403250348622759
269.82841780128336,4.181126250441778
269.83628887907577,0.943036122691646
269.84415995686817,0.09908479827934806
269.85203103466057,2.997570470025589
269.85990211245297,3.9164587714706656
269.8677731902454,1.1786368630373543
269.8756442680378,1.0750349013537561
269.8835153458302,0.7425840052720809
269.8913864236226,0.19786881148842642
269.899257501415,2.695933461975295
269.9071285792074,0.5553358088473039
269.9149996569998,4.267473202367711
269.9228707347922,1.2774723984755496
269.9307418125846,1.1513867838527105
269.938612890377,0.31781501012313707
269.9464839681694,0.46761073276402965
269.9543550459618,0.8147134456829593
269.9622261237542,0.06070433935960068
269.9700972015466,0.17314153265757748
269.977968279339,0.3379699117653545
269.9858393571314,0.1256737414214138
269.9937104349238,2.340180858109841
270.0015815127162,1.5592182274495578
270.0094525905086,0.16265784684662407
270.017323668301,0.8066384449616253
270.0251947460934,0.1838237650434604
270.0330658238858,0.9086204431615698
270.0409369016782,2.1823060049637513
270.0488079794706,0.25684170490726116
270.056679057263,2.200677610643904
270.0645501350554,2.1402135778716516
270.0724212128478,0.3353459940495008
270.0802922906402,1.4051293887283938
270.0881633684326,0.523983436442163
270.096034446225,0.6104203214228348
270.1039055240174,1.7231096695600105
270.1117766018098,1.8365482073597161
270.1196476796022,1.0457000651562358
270.1275187573946,0.46119865423433937
270.135389835187,1.7120791505918416
270.14326091297943,0.547654523755531
270.15113199077183,0.4039156153425905
270.15900306856423,0.16047001668617333
270.16687414635663,0.5124507116638138
270.17474522414904,4.592808787040358
270.18261630194144,0.9396522881693962
270.19048737973384,0.870391284120469
270.19835845752624,0.31985964328513783
270.2062295353186,1.2468023301183633
270.214100613111,2.033028990531798
270.2219716909034,0.7875887631088553
270.2298427686958,0.7159854866726902
270.2377138464882,4.438800791637998
270.2455849242806,0.9945785174432318
270.253456002073,0.09210524269541268
270.2613270798654,0.31772297635543817
270.2691981576578,0.19581993320916274
270.2770692354502,1.2060648021853861
270.2849403132426,0.8740372169934351
270.292811391035,0.11823878041383594
270.3006824688274,1.902093954304349
270.3085535466198,2.2346713154557802
270.3164246244122,1.1243105561113123
270.3242957022046,1.6595640876156865
270.332166779997,0.42263389146085595
270.3400378577894,0.11134796412915347
270.3479089355818,2.3667346015511668
270.3557800133742,0.3583767820605176
270.3636510911666,1.5094696456628693
270.371522168959,0.25686420405003146
270.3793932467514,1.4408727382576332
270.3872643245438,1.2884763507195456
270.3951354023362,0.6406873693227386
270.4030064801286,0.12458990246786736
270.410877557921,0.14636086730856063
270.4187486357134,0.7182203005209921
270.42661971350583,5.963885476847175
270.43449079129823,0.015943111177967397
270.44236186909063,0.9338273569813873
270.45023294688303,3.343360314003188
270.45810402467544,0.1832107056019842
270.46597510246784,0.8256371578448173
270.47384618026024,0.03744146694496275
270.48171725805264,3.0391289062983806
270.48958833584504,0.3429206201079536
270.49745941363744,3.595216629074085
270.50533049142985,0.9543551216200515
270.51320156922225,1.284946171376843
270.52107264701465,1.4893265254715216
270.52894372480705,0.950026450454153
270.53681480259945,0.07673359853797869
270.54468588039185,0.010886595113336157
270.55255695818425,0.7050189505542707
270.56042803597666,0.10380707428944953
270.56829911376906,0.020528748198786653
270.57617019156146,1.9615636507368364
270.58404126935386,2.19535792121617
270.59191234714626,0.19208005825885455
270.59978342493866,2.0414896676968377
270.60765450273107,0.086479235525853
270.61552558052347,0.1467736557277563
270.62339665831587,0.705945654334798
270.6312677361082,1.7058618536178112
270.6391388139006,1.2720256829673062
270.647009891693,0.5802165543075275
270.6548809694854,0.3473094126578472
270.6627520472778,2.3879299050681184
270.6706231250702,0.48860691043095256
270.6784942028626,0.20237042703770197
270.686365280655,0.7510128369431189
270.6942363584474,0.7018543156193542
270.7021074362398,0.4260584921506583
270.70997851403223,1.3001040734865417
270.71784959182463,3.1115620777045145
270.72572066961703,7.268969637129702
270.73359174740943,0.7724094423925345
270.74146282520184,0.4043827376194772
270.74933390299424,0.17699708182915364
270.75720498078664,1.1665905032872195
270.76507605857904,1.0330939050823964
270.77294713637144,0.9032395888359146
270.78081821416384,1.4324747517130612
270.78868929195625,1.0336709077958162
270.79656036974865,0.336430540159563
270.80443144754105,0.8740849714336947
270.81230252533345,1.4402815472113994
270.82017360312585,0.3147810062984526
270.82804468091825,0.08167973199622315
270.83591575871066,0.5934328387568211
270.84378683650306,1.4573078236887853
270.85165791429546,0.9506862596084177
270.85952899208786,0.7388247921221466
270.86740006988026,0.19499463123295485
270.87527114767266,1.4271325990950525
270.88314222546506,0.9826617988662693
270.89101330325747,0.11853594798603889
270.89888438104987,0.028108067764623254
270.90675545884227,0.3505165246975406
270.91462653663467,0.17301556738113558
270.9224976144271,1.4573484438879285
270.9303686922195,3.961788236164147
270.9382397700119,2.680491648188432
270.9461108478043,1.7710168552916
270.9539819255967,0.2654620937493592
270.9618530033891,0.3746886864499964
270.9697240811815,2.4837356044140995
270.9775951589739,1.71585109266692
270.9854662367663,0.9720567046367926
270.9933373145587,0.4657543009565444
271.0012083923511,8.044418064876185
271.0090794701435,0.8164653329360283
271.0169505479359,0.2068493580134959
271.0248216257283,0.4176777369537584
271.0326927035207,0.4216806564772371
271.0405637813131,0.47204950793602807
271.0484348591055,1.1273762597973336
271.0563059368979,0.3262910265194393
271.06417701469024,0.9638675894512161
271.07204809248265,0.7537887740255411
271.07991917027505,0.06478540029905404
271.08779024806745,0.28292179553322344
271.09566132585985,0.25523821861468826
271.10353240365225,2.791953991941843
271.11140348144465,0.11692818869764098
271.11927455923706,1.6483341814036723
271.12714563702946,1.1365809561212525
271.13501671482186,0.08295140136915084
271.14288779261426,0.1710361802580095
271.15075887040666,1.2005555538248236
271.15862994819906,0.3487557500847914
271.16650102599147,0.3549774400839161
271.17437210378387,0.7149528477442025
271.18224318157627,0.3169877475681885
271.19011425936867,0.422818854553543
271.1979853371611,1.82159557411684
271.2058564149535,0.3750173057570275
271.2137274927459,1.9360062127928077
271.2215985705383,0.2223328000854956
271.2294696483307,2.149339863345821
271.2373407261231,1.6885021878269313
271.2452118039155,0.06677375764014136
271.2530828817079,1.263683338393642
271.2609539595003,2.505890948239085
271.2688250372927,4.119682094752529
271.2766961150851,1.87292556633629
271.2845671928775,0.8240844607208847
271.2924382706699,0.5366834248177837
271.3003093484623,2.3606878217395715
271.3081804262547,0.4217308211661236
271.3160515040471,0.8302746943097079
271.3239225818395,0.9443882451609498
271.3317936596319,0.38177252822450675
271.3396647374243,0.10432381955660863
271.3475358152167,1.0618665442330575
271.3554068930091,1.9670262674884755
271.3632779708015,0.04378110835326387
271.3711490485939,2.972788497237611
271.3790201263863,0.36493212390186985
271.3868912041787,2.8481992320809946
271.3947622819711,1.1728819451764987
271.4026333597635,1.5427890787156178
271.4105044375559,0.5138099775646763
271.4183755153483,0.20497426206999067
271.4262465931407,0.16621753628011635
271.4341176709331,0.8856415480946045
271.4419887487255,0.08384940010967332
271.4498598265179,1.8960807297808613
271.4577309043103,1.1393174531456964
271.4656019821027,0.04055424216271222
271.4734730598951,1.556095003377144
271.4813441376876,1.3631146317115939
271.48921521548,0.7487709579664836
271.4970862932723,0.7312698647787879
271.5049573710647,2.212924319662143
271.5128284488571,0.3582915950823498
271.5206995266495,0.18847194478584497
271.5285706044419,0.024875912587671134
271.5364416822343,2.174652634691869
271.5443127600267,0.11742027405262234
271.5521838378191,0.46005403317916244
271.5600549156115,0.7355315868532011
271.5679259934039,0.2457062708000551
271.5757970711963,2.5855978544412928
271.5836681489887,0.7018930638096108
271.5915392267811,0.13880971761124725
271.5994103045735,0.2070987309516532
271.6072813823659,0.9396830329277495
271.6151524601583,0.16938457233030604
271.6230235379507,0.49664558610956455
271.6308946157431,0.7816159883291474
271.6387656935355,0.028295938025051124
271.6466367713279,0.5568696457974551
271.6545078491203,0.1993628451702066
271.6623789269127,0.4832141438566016
271.6702500047051,1.8428732385464084
271.6781210824975,1.7754891022898218
271.6859921602899,0.681983289534709
271.6938632380823,0.49453207132138405
271.7017343158747,1.890996862464048
271.7096053936671,0.17346377818168687
271.7174764714595,1.4272666223522672
271.7253475492519,0.0037663612071643917
271.7332186270443,2.069914492937403
271.7410897048367,0.41966375554926405
271.7489607826291,1.0924147416014964
271.7568318604215,0.9995098977921592
271.764702938214,2.5334434358933984
271.7725740160064,0.9802205046948869
271.78044509379873,1.2947075066604488
271.78831617159113,1.7352989794946807
271.79618724938354,0.16056709770924124
271.80405832717594,1.9336284675722344
271.81192940496834,1.6480746882267547
271.81980048276074,2.8332712847837365
271.82767156055314,0.4334617384964098
271.83554263834554,5.930537239215092
271.84341371613795,3.069872334929528
271.85128479393035,0.30265082087932355
271.85915587172275,0.6819524748300924
271.86702694951515,0.6061869467986367
271.87489802730755,2.313342979926624
271.88276910509995,0.33372969317516477
271.89064018289235,0.565768419356538
271.8985112606848,0.21865930859054533
271.9063823384772,1.0644819525993523
271.9142534162696,0.2641278252865028
271.9221244940619,0.06251581170866022
271.9299955718543,0.6322598266373897
271.9378666496467,0.3650343261421209
271.9457377274391,1.949114386972989
271.9536088052315,1.0833523001657557
271.9614798830239,0.1347195180669717
271.9693509608163,1.5728897500998666
271.9772220386087,2.3287917773583455
271.9850931164011,1.248913253930128
271.9929641941935,1.6050833670903004
272.0008352719859,1.7944903341365626
272.0087063497783,0.8465155870044403
272.0165774275707,0.1601737666980164
272.0244485053631,1.1380914003663398
272.0323195831555,0.14038299481348313
272.0401906609479,1.8384535748945867
272.0480617387404,0.09843233975184733
272.0559328165328,0.21309498088632778
272.06380389432513,2.9933332984373706
272.07167497211753,0.09444965749618546
272.07954604990994,1.525443587730465
272.08741712770234,1.057978783212838
272.09528820549474,0.9628487427500091
272.10315928328714,2.1647335780997454
272.11103036107954,0.4756312483620656
272.11890143887194,0.41983056295909477
272.12677251666435,0.2940583274833807
272.13464359445675,0.28124071775163134
272.14251467224915,0.41352967744326297
272.15038575004155,3.130040118532637
272.15825682783395,0.8742360490165121
272.16612790562635,2.126288651196247
272.1739989834188,0.656062109508269
272.1818700612112,0.08885782623959218
272.1897411390036,0.7680961582794391
272.197612216796,0.20196358384163157
272.2054832945884,1.6004812184235215e-05
272.2133543723808,0.3238954964887341
272.2212254501732,1.1261968142849514
272.2290965279656,0.8719312973894032
272.236967605758,0.2519464349525017
272.2448386835504,0.39757619102159164
272.2527097613428,0.891548910239725
272.2605808391352,1.364324261424655
272.2684519169276,0.3871674511448773
272.27632299472,0.08392000223968867
272.2841940725124,0.6665600764026128
272.2920651503048,0.6591833457242608
272.2999362280972,0.8499844774123257
272.3078073058896,4.232154175676958
272.315678383682,1.7720050720645628
272.3235494614744,0.46785812659832926
272.3314205392668,1.5990198397695163
272.3392916170592,0.34643229131096026
272.3471626948516,0.3578377594969846
272.35503377264394,0.9002700937371296
272.36290485043634,0.24919312730578266
272.37077592822874,0.48440239673310626
272.37864700602114,0.08562641844460812
272.38651808381354,1.3075557394727293
272.39438916160594,3.933306605608701
272.40226023939834,0.3851596385293297
272.41013131719075,0.13418114948723422
272.41800239498315,1.4301545718907087
272.42587347277555,0.776890407559101
272.43374455056795,0.004721784321555561
272.44161562836035,1.5829494402655122
272.44948670615275,0.04371124506195866
272.4573577839452,3.047630724745704
272.4652288617376,0.7783698248267955
272.47309993953,0.20661326387537549
272.4809710173224,0.4970126524021942
272.4888420951148,0.09379368413012744
272.4967131729072,0.7348442798516518
272.5045842506996,0.5296090227518249
272.512455328492,1.091461823808345
272.5203264062844,0.16555989667145563
272.5281974840768,1.0311062973668728
272.5360685618692,0.20833422024848963
272.5439396396616,0.8679544058400306
272.551810717454,2.291585953483231
272.5596817952464,0.7204577970206889
272.5675528730388,0.8171667693372257
272.5754239508312,1.483350780750753
272.5832950286236,0.196182184345866
272.591166106416,0.10663474677104452
272.5990371842084,0.28107269913928234
272.6069082620008,0.8410449765180557
272.6147793397932,1.1242855953024309
272.6226504175856,4.49993939542125
272.630521495378,2.9950519141887235
272.6383925731704,0.15059622884565785
272.6462636509628,0.8773096936920145
272.6541347287552,0.37823510332941623
272.6620058065476,1.5112815894498919
272.66987688434,3.305411836368532
272.6777479621324,1.2880000076994582
272.6856190399248,0.48775935479869753
272.6934901177172,1.5527048762150006
272.7013611955096,2.040738056609634
272.709232273302,4.099808490847805
272.7171033510944,1.7585687796848835
272.7249744288868,0.8949238107696834
272.7328455066792,0.055187258689784885
272.7407165844716,1.266731128294038
272.748587662264,2.093424390998638
272.7564587400564,2.382168068595369
272.7643298178488,1.3960092658970722
272.7722008956412,0.9070381479439625
272.7800719734336,0.3237784961194274
272.787943051226,1.4501886816599285
272.7958141290184,0.6856384366435819
272.8036852068108,1.0995242964238638
272.8115562846032,0.15337951810318134
272.8194273623956,1.1770058248287385
272.827298440188,0.2560818038653737
272.8351695179804,0.36230602070414425
272.8430405957728,1.3079441790630626
272.8509116735652,1.4396213724924316
272.8587827513576,1.3872860922517487
272.86665382915,0.4553421766395352
272.8745249069424,0.02845435091395769
272.8823959847348,0.4541913210361605
272.8902670625272,1.3600285946114177
272.8981381403196,2.8641807748013455
272.906009218112,1.4832372798062006
272.9138802959044,0.6970917492137984
272.9217513736968,2.146227717786079
272.9296224514892,0.2056244245266045
272.9374935292816,0.06499535575564973
272.945364607074,0.12303551610059196
272.9532356848664,0.06243511322943722
272.9611067626588,0.4219067223577579
272.9689778404512,4.4749305883438035
272.9768489182436,0.14970045830823328
272.984719996036,1.4937128489594076
272.9925910738284,1.5361280290982662
273.0004621516208,0.3219422609015054
273.0083332294132,1.236956359461529
273.0162043072056,3.140331332047763
273.024075384998,2.2262791931288106
273.0319464627904,0.10541539799361813
273.0398175405828,0.8537641101981353
273.0476886183752,0.6269762925954081
273.0555596961676,1.298895834980218
273.06343077396,0.5224575941054154
273.0713018517524,1.7933385308550063
273.0791729295448,1.0968705612700747
273.0870440073372,0.9412274165338648
273.0949150851296,6.140280520201186
273.10278616292203,2.7058003042166487
273.11065724071443,0.11728876966995713
273.11852831850683,1.9352680635700004
273.12639939629923,0.017289176431231814
273.13427047409164,2.3660741925061
273.14214155188404,2.1808186444831184
273.15001262967644,0.6085224327148654
273.15788370746884,0.3388939639952593
273.16575478526124,0.2929142605092192
273.17362586305364,1.052766984867982
273.18149694084605,0.5862743384139798
273.18936801863845,0.3761363821461518
273.19723909643085,1.4940623228585195
273.20511017422325,1.8002766552901879
273.21298125201565,0.3258463477823159
273.220852329808,0.122793634720142
273.2287234076004,1.2192213337577436
273.2365944853928,2.8433911198831434
273.2444655631852,0.5009941152254742
273.2523366409776,3.7080767937572943
273.26020771877,1.6931681930887503
273.2680787965624,0.14816500702370236
273.2759498743548,0.07890082483916709
273.2838209521472,0.5964687232301057
273.2916920299396,0.3875426925890269
273.299563107732,0.7969426038813493
273.3074341855244,1.632533446079444
273.3153052633168,1.771930127656497
273.3231763411092,0.44837329446209656
273.3310474189016,0.12346953259523819
273.338918496694,0.5267019389298853
273.3467895744864,2.449945533484089
273.3546606522788,0.8357698846211098
273.3625317300712,0.012587113224716185
273.3704028078636,0.3433250128920873
273.37827388565603,0.5694564538294001
273.38614496344843,1.8088940065242427
273.39401604124083,0.2618782321753498
273.40188711903323,1.059501872998053
273.40975819682563,1.6406705865141873
273.41762927461804,0.3411570167566517
273.42550035241044,0.9435962013036628
273.43337143020284,0.7426091055658799
273.44124250799524,1.6210958073513664
273.44911358578764,2.4701201985467907
273.45698466358004,2.7761809979516894
273.46485574137245,0.8345768955868476
273.47272681916485,0.993667577162162
273.48059789695725,0.10856430222131382
273.48846897474965,0.00662092372904379
273.49634005254205,2.39576143651551
273.50421113033445,3.751860496870685
273.51208220812686,1.0144282627361623
273.51995328591926,3.0424087713785735
273.52782436371166,0.43502725856860086
273.53569544150406,2.9619771817712923
273.54356651929646,0.013412945314352559
273.55143759708886,2.5220390198699674
273.55930867488127,0.08847526907112807
273.56717975267367,1.9427853658682288
273.57505083046607,1.0828255097532942
273.58292190825847,1.4096221679583398
273.5907929860509,0.8891129618417194
273.5986640638433,0.33850037096124025
273.6065351416357,1.1453262369330415
273.6144062194281,1.5046273833383477
273.6222772972205,0.46423105136232184
273.6301483750129,0.5920924588415292
273.6380194528053,1.3115601299193649
273.6458905305976,0.3407820917962243
273.65376160839,1.778773402440563
273.66163268618243,2.012496541866597
273.66950376397483,0.4709202314258522
273.67737484176723,0.17993801430149628
273.68524591955963,0.4507507834766024
273.69311699735204,4.997549351160556
273.70098807514444,0.7315165849428084
273.70885915293684,0.5683112875888493
273.71673023072924,2.7985743538366754
273.72460130852164,0.13789611147691372
273.73247238631404,0.4737005945205205
273.74034346410645,1.461885033478066
273.74821454189885,2.257229352235127
273.75608561969125,0.21102076030265415
273.76395669748365,0.6321457494024446
273.77182777527605,1.8625471111038803
273.77969885306845,0.5813537664070021
273.78756993086085,0.9017843430199272
273.79544100865326,0.46388431582494183
273.80331208644566,1.1128021270674018
273.81118316423806,0.4176001880293987
273.81905424203046,2.5603386777496295
273.82692531982286,1.0968280520551026
273.83479639761526,0.6527863962269962
273.84266747540767,1.1624586655386047
273.85053855320007,2.1817986702124332
273.85840963099247,0.8524042900063584
273.86628070878487,0.9435180482341318
273.8741517865773,1.4416681583004318
273.8820228643697,1.099256122661121
273.8898939421621,0.09440341292116645
273.8977650199545,0.3115837584661619
273.9056360977469,0.21716214873839373
273.9135071755393,1.686823796227517
273.9213782533317,0.06890589203219163
273.9292493311241,2.7386617648389526
273.9371204089165,0.39157141560518816
273.9449914867089,0.5191881159010138
273.9528625645013,0.11628083166922175
273.9607336422937,0.1690257996778343
273.9686047200861,0.06185592080840012
273.9764757978785,0.3639836720459232
273.9843468756709,0.8116351537295919
273.9922179534633,1.3288533574309773
274.0000890312557,1.6603211034705962
274.0079601090481,0.5470087082686809
274.0158311868405,1.4658488922819912
274.0237022646329,3.8826776614334544
274.0315733424253,0.8423267368285953
274.0394444202177,2.339244389140658
274.0473154980101,0.9047304746225896
274.0551865758025,1.2474572020901797
274.0630576535949,0.5940496612582893
274.0709287313873,1.4330966803784728
274.07879980917966,2.34855081905671
274.08667088697206,0.05831817779449298
274.09454196476446,3.4118167355189364
274.10241304255686,0.2940519198444711
274.11028412034926,0.8433722821194232
274.11815519814166,0.3356535500795614
274.12602627593407,0.3939531553057999
274.13389735372647,0.320443172776157
274.14176843151887,4.971693096096802
274.14963950931127,0.31193936221254775
274.1575105871037,1.1220118140377047
274.1653816648961,0.5508215795397047
274.1732527426885,0.7750973111029429
274.1811238204809,0.17550614693711836
274.1889948982733,0.11722083562259733
274.1968659760657,2.337627064679114
274.2047370538581,3.2296513538525513
274.2126081316505,0.3593102565028052
274.2204792094429,2.996431051170285
274.2283502872353,1.3260702775601434
274.2362213650277,0.49070188200293374
274.2440924428201,0.9782754500411266
274.2519635206125,3.6192294792912336
274.2598345984049,0.9383550365238122
274.2677056761973,0.7982117445409307
274.2755767539897,0.20385700358341194
274.2834478317821,0.6810478908212164
274.2913189095745,1.1284240874792213
274.2991899873669,0.16039617818685348
274.3070610651593,2.3422300331795216
274.3149321429517,0.20305407298454725
274.3228032207441,0.22668200853826664
274.3306742985365,0.5286442728267415
274.3385453763289,0.7820597890408182
274.3464164541213,2.255449687951638
274.3542875319137,0.4627195312021257
274.3621586097061,0.6092841368443496
274.3700296874985,0.039952154585710255
274.3779007652909,0.10662376557079695
274.3857718430833,0.21862219125924243
274.3936429208757,0.5601055132740945
274.4015139986681,0.3446439624254079
274.4093850764605,0.053278686839526544
274.4172561542529,0.18770451571017818
274.4251272320453,0.30523669530709535
274.4329983098377,0.0416910247900383
274.44086938763013,0.10279014039106804
274.44874046542253,0.8291863641993803
274.45661154321493,3.9109452360263903
274.46448262100733,0.9518810699609446
274.47235369879974,2.869231820491475
274.48022477659214,0.733027753639121
274.48809585438454,0.14122275355527675
274.49596693217694,0.48194181074802667
274.50383800996934,1.3926041697058926
274.5117090877617,1.3049018045097773
274.5195801655541,0.5180947516403985
274.5274512433465,1.3421625777851771
274.5353223211389,1.0733842411343282
274.5431933989313,1.6936107197700316
274.5510644767237,0.6081861098046133
274.5589355545161,0.36565480767579955
274.5668066323085,1.5936479360143878
274.5746777101009,2.080474459491398
274.5825487878933,2.371487498512461
274.5904198656857,0.5154709041968668
274.5982909434781,8.539177092281541
274.6061620212705,0.3289246225793051
274.6140330990629,0.46165689612270827
274.6219041768553,0.9715148491387532
274.6297752546477,0.00540334673531758
274.6376463324401,0.25455797762914983
274.6455174102325,1.8120322897082173
274.6533884880249,0.054579760026955484
274.6612595658173,0.0031658586290486254
274.6691306436097,0.1586336622009934
274.6770017214021,1.6936278452066695
274.6848727991945,0.4633216697040316
274.6927438769869,1.0396288968362621
274.7006149547793,0.11474150759348328
274.7084860325717,0.10023949353146176
274.71635711036413,0.22890533295107676
274.72422818815653,4.085371726415182
274.73209926594893,0.28852316164403596
274.73997034374133,0.522391701679352
274.74784142153374,0.059481705430847624
274.75571249932614,1.2987760025586472
274.76358357711854,3.150491441267361
274.77145465491094,2.5265310069065525
274.77932573270334,4.061979519426524
274.78719681049574,1.4172640707436035
274.79506788828814,1.2613099958702407
274.80293896608055,0.6336940658796786
274.81081004387295,0.2533421646538386
274.8186811216653,0.3974011361856091
274.8265521994577,0.07097841581615676
274.8344232772501,1.4832349702944962
274.8422943550425,0.9913389833879024
274.85016543283496,0.2651515478750228
274.85803651062736,1.5160900145160163
274.86590758841976,0.42524562893467144
274.87377866621216,1.9348514242919435
274.88164974400456,2.621735956365157
274.88952082179696,0.10924922528773454
274.89739189958937,0.11678173902383668
274.90526297738177,0.3861132689754268
274.91313405517417,5.502021139564102
274.92100513296657,0.3547090743869555
274.928876210759,1.1309192827692534
274.9367472885513,2.341512053609081
274.9446183663437,5.352495590305176
274.9524894441361,1.6658856887051
274.9603605219285,1.9777753947070094
274.9682315997209,1.3605059333542648
274.9761026775133,0.07401556416320751
274.9839737553057,0.36924635066638917
274.9918448330981,1.0563324833067225
274.99971591089053,1.4498947241173552
275.00758698868293,0.11259791268769061
275.01545806647533,0.010998187963865619
275.02332914426773,2.535713845060651
275.03120022206014,1.7886886526548174
275.03907129985254,0.14912810555766817
275.04694237764494,0.695666415991642
275.05481345543734,1.5366344634027371
275.06268453322974,2.173394802050158
275.07055561102214,0.17698060485139103
275.07842668881455,0.6664705179688942
275.08629776660695,3.547266224852649
275.0941688443993,0.1969315435666177
275.1020399221917,0.14697991218803924
275.1099109999841,1.5834404992785682
275.1177820777765,1.0774896262000784
275.1256531555689,1.1805318470657604
275.13352423336136,0.014034202088891048
275.14139531115376,0.46313993154731853
275.14926638894616,4.366587089818063
275.15713746673856,1.8403208515745864
275.16500854453096,5.520152973433899
275.17287962232336,2.7570568636265045
275.18075070011577,1.4032012218736682
275.18862177790817,1.7036091574135324
275.19649285570057,2.4112597897251784
275.20436393349297,0.9316434673137605
275.2122350112854,0.5372860345384354
275.2201060890778,0.28093222763549175
275.2279771668702,0.36922789854001065
275.2358482446626,0.3252973182203461
275.243719322455,2.025834340872856
275.2515904002474,3.4222445809724658
275.2594614780398,0.21344689102228503
275.2673325558322,0.07387156204795581
275.2752036336246,0.608506857114979
275.283074711417,3.387320855204
275.2909457892094,0.9088964142593701
275.2988168670018,0.233569433745063
275.3066879447942,0.19425198302001004
275.3145590225866,1.2773716190321616
275.322430100379,0.07911092993958047
275.3303011781714,1.8603010895804257
275.3381722559638,1.5838488891635811
275.3460433337562,0.8079641679862823
275.3539144115486,1.1969358137926596
275.361785489341,0.651430406461316
275.36965656713335,0.7555351715590796
275.3775276449257,1.46085280872654
275.3853987227181,1.6014787712711704
275.3932698005105,0.46640593398200714
275.4011408783029,1.26289799770498
275.40901195609536,0.7865091676895115
275.41688303388776,0.23840097647178493
275.42475411168016,0.47162200305597385
275.43262518947256,1.054735353388746
275.44049626726496,0.07002825810828435
275.44836734505736,0.019790765589540512
275.45623842284976,1.0874141808086109
275.46410950064217,1.4701227843865645
275.47198057843457,2.006872332513628
275.47985165622697,3.006434293862761
275.48772273401937,2.6826569239927656
275.4955938118118,3.5802657932622073
275.5034648896042,1.3860903340689625
275.5113359673966,0.7800471638964089
275.519207045189,0.32558934715628773
275.5270781229814,1.0126560675667782
275.5349492007738,1.5231190341110428
275.5428202785662,1.2756076543431152
275.5506913563586,3.8210974567868363
275.558562434151,0.4916448983680501
275.5664335119434,1.369613980216077
275.5743045897358,3.4616478735836553
275.5821756675282,0.42645884337327206
275.5900467453206,1.3598933505154176
275.597917823113,0.5383010277691128
275.6057889009054,0.46375083306715575
275.6136599786978,1.5827265930718744
275.6215310564902,0.6506210294983078
275.6294021342826,1.1436145525191952
275.637273212075,1.7736591373508683
275.6451442898674,2.4846992816104083
275.6530153676598,1.1845560824423746
275.6608864454522,2.377596220502229
275.6687575232446,0.8740252545142426
275.676628601037,0.46112835313113915
275.6844996788294,1.4148849998133015
275.6923707566218,0.8886058264322013
275.7002418344142,0.3876904468042452
275.7081129122066,0.9672497771748848
275.715983989999,1.172496020531121
275.7238550677914,1.3223340779346393
275.7317261455838,0.21373169102581402
275.7395972233762,0.0029061671012720705
275.7474683011686,0.23575450617901572
275.755339378961,0.25164089360851233
275.7632104567534,0.48869908012299046
275.77108153454583,0.812967003403869
275.77895261233823,0.12418816602922815
275.78682369013063,0.31065383401568375
275.79469476792303,0.5312573743065715
275.8025658457154,2.10110763369277
275.8104369235078,0.054641987906215744
275.8183080013002,0.6452584551438851
275.8261790790926,0.3302578413287734
275.834050156885,1.4300105862205013
275.8419212346774,1.1410528299221325
275.8497923124698,0.04894829171253171
275.8576633902622,0.09675883862513567
275.8655344680546,1.6944780216685804
275.873405545847,2.6333276383355697
275.8812766236394,2.366733930312209
275.8891477014318,1.0484777206363887
275.8970187792242,0.6694408403055803
275.9048898570166,0.041740601743829917
275.912760934809,0.20518091804564284
275.9206320126014,0.9227079258040584
275.9285030903938,1.6257631126023198
275.9363741681862,0.7117289620689845
275.9442452459786,1.6579289960618395
275.952116323771,0.3336069385785229
275.9599874015634,4.016552555082406
275.9678584793558,0.7152649049717941
275.9757295571482,0.540986699646871
275.9836006349406,0.023608554995983848
275.991471712733,3.1505252069169822
275.9993427905254,0.37314898078775366
276.0072138683178,0.24115738137919004
276.0150849461102,1.3353360164143275
276.0229560239026,1.090099210799836
276.030827101695,1.674206375740316
276.0386981794874,1.129228448063742
276.0465692572798,0.0004410710456802785
276.05444033507223,1.0470615381449708
276.06231141286463,1.6109041572980558
276.07018249065703,1.487098221727744
276.07805356844943,1.9114669117597074
276.08592464624184,1.8096923781813279
276.09379572403424,0.45153993219741795
276.10166680182664,1.3496026320774108
276.10953787961904,0.017595772114705616
276.11740895741144,0.7471058043094723
276.12528003520384,0.3786877034483876
276.13315111299625,0.1582090162289849
276.14102219078865,0.2215599600151446
276.14889326858105,3.444302047509698
276.15676434637345,0.5733497728734722
276.16463542416585,1.541255615223693
276.17250650195825,0.8749624455414252
276.18037757975065,0.02202481271099435
276.18824865754306,0.8663273324383651
276.19611973533546,0.6511540037904068
276.20399081312786,0.7355139446289609
276.21186189092026,0.12315423799895374
276.21973296871266,2.1793156809608383
276.227604046505,0.2651969477623866
276.2354751242974,4.085030618343222
276.2433462020898,1.383440722940651
276.2512172798822,0.6056258363087744
276.2590883576746,1.8659982087641827
276.266959435467,2.1088682540451473
276.2748305132594,0.6750922019995216
276.2827015910518,0.3990451938321675
276.2905726688442,0.8514514619846473
276.2984437466366,0.15026307826481855
276.306314824429,0.2706294267143752
276.3141859022214,1.8450791845349592
276.3220569800138,0.4669754386124694
276.3299280578062,0.5960361653045831
276.33779913559863,0.5745702002310198
276.34567021339103,1.807784728054469
276.35354129118343,1.3039513853094853
276.36141236897583,0.6623940894027552
276.36928344676824,0.2310009919854016
276.37715452456064,4.920913408776024
276.38502560235304,2.551884071333567
276.39289668014544,0.4339029784846976
276.40076775793784,0.06681376091386652
276.40863883573024,1.4892576697399231
276.41650991352265,2.3659450322689186
276.42438099131505,1.072035462267555
276.43225206910745,1.7329167154770921
276.44012314689985,1.4543443576322352
276.44799422469225,1.4712074416091911
276.45586530248465,1.4814292507252478
276.46373638027706,0.05309991876659725
276.47160745806946,1.3371634492144084
276.47947853586186,0.2945756483468332
276.48734961365426,2.1520548575266294
276.49522069144666,2.3446005168770645
276.50309176923906,0.6265234446192198
276.51096284703146,0.6952278913127892
276.51883392482387,3.648361912207569
276.52670500261627,2.517122563511977
276.53457608040867,3.2727012967210376
276.54244715820107,0.04527893062287702
276.5503182359935,0.5918252498796889
276.5581893137859,1.045867590278539
276.5660603915783,1.636817728899896
276.5739314693707,0.4893007135903889
276.5818025471631,0.9083522106655395
276.5896736249555,2.373677841016002
276.5975447027479,3.930216883703066
276.6054157805403,0.7986614044364171
276.6132868583327,0.8800574857508581
276.6211579361251,1.2830554325610868
276.6290290139175,0.23963244669233633
276.6369000917099,0.39780199401690775
276.6447711695023,0.36277986928668804
276.6526422472947,0.8440316773558455
276.66051332508704,0.5851959441410856
276.66838440287944,0.06763040955157726
276.67625548067184,0.8077029933875286
276.68412655846424,2.7937669693521032
276.69199763625664,4.975078136426812
276.69986871404905,0.07092774041963912
276.70773979184145,0.887811304541252
276.71561086963385,1.7811240588524337
276.72348194742625,0.2741760376938595
276.73135302521865,0.9276220374313633
276.73922410301105,0.31623347681453573
276.74709518080346,0.5272807920839372
276.75496625859586,1.377187857852777
276.76283733638826,1.5312876445368317
276.77070841418066,0.11440824984970525
276.77857949197306,0.10305944745074748
276.78645056976546,0.42191725869403335
276.79432164755787,0.7316414155521207
276.80219272535027,0.3034386038610331
276.81006380314267,0.21473047762842615
276.81793488093507,0.6209385450501181
276.82580595872747,0.05973902947319185
276.8336770365199,0.30337172081905117
276.8415481143123,1.9437068454134532
276.8494191921047,0.48643553985131505
276.8572902698971,0.45836922004235076
276.8651613476895,1.0055830389028562
276.8730324254819,0.7721353603938295
276.8809035032743,1.5114167590181493
276.8887745810667,0.9618251036413903
276.8966456588591,0.30348426396868167
276.9045167366515,1.3574247623426499
276.9123878144439,0.2285218928228331
276.9202588922363,0.17603648663203011
276.9281299700287,0.42389238917048433
276.9360010478211,0.0487062001659939
276.9438721256135,0.10224317868217121
276.9517432034059,0.03769045090563904
276.9596142811983,0.181033520118283
276.9674853589907,0.1146994355989704
276.9753564367831,0.2845420979103929
276.9832275145755,0.40238353744542416
276.9910985923679,1.4058351749497773
276.9989696701603,1.5045824115884774
277.0068407479527,0.47095253474779825
277.0147118257451,0.17528328126450107
277.0225829035375,0.30312227021787
277.0304539813299,0.16343396398224225
277.0383250591223,0.3578467157966983
277.0461961369147,0.2740017171637068
277.0540672147071,1.8775417030440384
277.0619382924995,1.898005061471914
277.0698093702919,1.4119631305737241
277.0776804480843,0.2595778482654799
277.0855515258767,0.06078478457822177
277.09342260366907,0.43804520911728734
277.10129368146147,0.7849989892721636
277.1091647592539,1.7646640581178137
277.1170358370463,0.1805249973889356
277.1249069148387,0.9572085631375067
277.1327779926311,0.2570666954164489
277.1406490704235,0.12227661708030198
277.1485201482159,0.017247900707568525
277.1563912260083,2.0552423677438227
277.1642623038007,0.455007731110116
277.1721333815931,0.4981909767684883
277.1800044593855,0.6652845480761853
277.1878755371779,0.18264749659707732
277.1957466149703,0.40778999661951654
277.2036176927627,0.060550996909664326
277.2114887705551,0.8648698379913247
277.2193598483475,0.2371298922158534
277.2272309261399,0.2896809160658747
277.2351020039323,0.44773948148470616
277.2429730817247,0.2412860042949722
277.2508441595171,0.7566368908715797
277.2587152373095,0.19253068803940748
277.2665863151019,1.059286576105454
277.2744573928943,0.5093589735843009
277.2823284706867,0.6017133881018948
277.2901995484791,0.36815896741283005
277.2980706262715,0.13951935340888688
277.3059417040639,0.15646142333000676
277.3138127818563,0.3877991309106619
277.3216838596487,0.17780159759768224
277.3295549374411,0.08807645740000428
277.3374260152335,0.9387458951324048
277.3452970930259,0.36949374313964556
277.3531681708183,0.5435069609139848
277.3610392486107,1.4946900984135363
277.3689103264031,1.5716852455788508
277.3767814041955,1.1441887715189978
277.3846524819879,0.13940868132447692
277.3925235597804,0.8702334625822931
277.4003946375728,0.565741143274496
277.40826571536513,0.3989588945248843
277.41613679315753,0.04902629938159907
277.42400787094994,3.0128383152004257
277.43187894874234,0.7878995771833073
277.43975002653474,3.0079643001243763
277.44762110432714,0.39464571995054387
277.45549218211954,2.7976433650072154
277.46336325991194,0.45189348817352604
277.47123433770435,0.10020270038794894
277.47910541549675,0.8608613772533975
277.48697649328915,0.7957743170464364
277.49484757108155,0.7498346264704352
277.50271864887395,3.116148874785999
277.51058972666635,1.745171708302403
277.51846080445875,0.13589724562677363
277.5263318822511,1.4749331241929762
277.5342029600435,0.14771931907118513
277.5420740378359,0.9688808344871306
277.5499451156283,1.1532478015759957
277.5578161934207,3.087268331884539
277.5656872712131,0.4043827013667519
277.5735583490055,1.9116477471559183
277.5814294267979,0.24715750199486236
277.5893005045903,0.5612203390393885
277.5971715823827,0.26198710515347945
277.6050426601751,0.14270370366634796
277.6129137379675,0.43913727479051856
277.6207848157599,0.26448382512499935
277.6286558935523,2.541696696321347
277.6365269713447,2.7479206948673434
277.6443980491371,3.016106315232592
277.6522691269295,4.874733415553054
277.6601402047219,3.4121429951016538
277.6680112825143,0.9287236634951028
277.6758823603068,0.16463807895470448
277.6837534380992,0.05217589263719161
277.69162451589153,0.9297383769365759
277.69949559368393,0.32202139659106904
277.70736667147634,0.393636021111143
277.71523774926874,1.2604931080549706
277.72310882706114,2.1174802791686673
277.73097990485354,0.3368667056836268
277.73885098264594,3.357996850199143
277.74672206043834,0.9641045948872964
277.75459313823075,3.5802474460598583
277.76246421602315,0.12097943911341309
277.77033529381555,1.6960542250183632
277.77820637160795,0.07375530818861133
277.78607744940035,1.0038348445394785
277.79394852719275,0.07298079843202869
277.8018196049852,3.032469611401387
277.8096906827776,0.13675710318525588
277.81756176057,2.59962444355281
277.8254328383624,0.6430661366333458
277.8333039161548,1.9900707111699631
277.8411749939472,0.42616221823496325
277.8490460717396,0.13253874542106805
277.856917149532,1.1338098975360962
277.8647882273244,1.708269073853187
277.8726593051168,0.8434728296099034
277.8805303829092,0.651728773019403
277.8884014607016,0.4773527803286127
277.896272538494,0.46724905618624996
277.9041436162864,0.8841569246280976
277.9120146940788,0.06914511418298402
277.9198857718712,0.1338702643090237
277.9277568496636,0.7321651495963507
277.935627927456,0.07992734012808453
277.9434990052484,0.982799000107752
277.9513700830408,1.0574689701778497
277.9592411608332,2.3277744306223878
277.96711223862553,1.919519078971066
277.97498331641793,0.23014061670359093
277.98285439421034,3.109124131087261
277.99072547200274,2.2084393401009117
277.99859654979514,0.877866602304675
278.00646762758754,1.9713615308403378
278.01433870537994,1.6588615021847342
278.02220978317234,0.34493528951412716
278.03008086096474,0.23222411293280473
278.03795193875715,0.9905108139198533
278.04582301654955,0.03543181924198149
278.05369409434195,1.9918552627901287
278.06156517213435,0.6820839475971907
278.06943624992675,0.14044815371210584
278.07730732771915,0.2733444640820099
278.0851784055116,0.5194497939084224
278.093049483304,0.2952250312866942
278.1009205610964,3.2128829615455463
278.1087916388888,0.7018403241586012
278.1166627166812,2.9461464809423843
278.1245337944736,0.4494235232910827
278.132404872266,0.5503259294661021
278.1402759500584,0.8761881914620259
278.1481470278508,1.1804663121088805
278.1560181056432,0.5686887748915044
278.1638891834356,4.947335470054376
278.171760261228,0.3792393731201135
278.1796313390204,0.30354880551530783
278.1875024168128,1.8219694118336702
278.1953734946052,0.9318574567025056
278.2032445723976,2.322553381243073
278.21111565019,0.2951884163202747
278.2189867279824,0.6353612867350046
278.2268578057748,0.9961956905841108
278.2347288835672,0.008919619732553495
278.2425999613596,0.7452303602242253
278.250471039152,0.32684106408061014
278.2583421169444,2.551574409076165
278.2662131947368,0.1920350457956159
278.2740842725292,1.2102258382625795
278.2819553503216,0.9800189318484148
278.289826428114,0.5212397282669509
278.2976975059064,2.106384069813461
278.3055685836988,0.45484501079432216
278.3134396614912,1.2744036849069622
278.3213107392836,0.6498881511522422
278.329181817076,1.3796324203768038
278.3370528948684,1.063421455166983
278.3449239726608,0.07674706643752204
278.3527950504532,0.42487180500002875
278.3606661282456,3.8329729166477384
278.368537206038,0.37792624640540523
278.3764082838304,0.40970795609338356
278.3842793616228,0.39906145007040267
278.3921504394152,0.1498081714323316
278.4000215172076,0.7917824138932027
278.407892595,0.27751121493863595
278.4157636727924,1.2849002336201887
278.4236347505848,0.4305096795731414
278.4315058283772,0.3818201048778855
278.4393769061696,1.3410774865885267
278.447247983962,2.1743304110827157
278.4551190617544,1.8192848192163131
278.4629901395468,0.21286704429604114
278.4708612173392,0.5178219999078372
278.4787322951316,0.2497334646595838
278.486603372924,4.700281741475918
278.4944744507164,1.0961076251633541
278.5023455285088,0.3864545598306283
278.5102166063012,2.068564134296432
278.5180876840936,0.1256751762265036
278.525958761886,1.806153444509109
278.5338298396784,1.551249123890932
278.5417009174708,0.4934478220532789
278.5495719952632,0.1065310998776882
278.5574430730556,0.10323503789088621
278.565314150848,1.6740206416734735
278.5731852286404,0.9909585236609976
278.5810563064328,0.20391359469546777
278.5889273842252,1.5464867212721018
278.5967984620176,0.07147818092588998
278.60466953981,0.8363542012625226
278.6125406176024,1.9423058086025748
278.6204116953948,2.6647538779323954
278.6282827731872,0.02165494451144499
278.6361538509796,0.8378195986286846
278.644024928772,2.2048421325829493
278.6518960065644,3.73561600062704
278.6597670843568,4.277133117126913
278.6676381621492,0.21593585652200414
278.6755092399416,1.2618101156426866
278.683380317734,3.1663013342087325
278.6912513955264,0.06712677706142146
278.6991224733188,1.9948641450248503
278.7069935511112,1.6686259464431243
278.7148646289036,1.7218067061616191
278.722735706696,0.6386318569453242
278.73060678448843,0.9737340159681441
278.73847786228083,1.5377474896050312
278.74634894007323,4.150337595718627
278.75422001786563,0.08227077887559006
278.76209109565804,0.06507874707277178
278.76996217345044,0.3311969319284359
278.77783325124284,4.615197866536813
278.78570432903524,1.2884579640380354
278.79357540682764,3.2865952694732163
278.80144648462004,7.274661048493414
278.80931756241245,0.7944219332633654
278.8171886402048,1.2376893019721151
278.8250597179972,0.5041439441625672
278.8329307957896,0.42404011439107164
278.840801873582,1.266523276762609
278.8486729513744,1.751926011151695
278.8565440291668,0.6127356631356258
278.8644151069592,0.2325309832804609
278.8722861847516,0.055923488135356636
278.880157262544,0.830110598252124
278.8880283403364,1.4677973402777431
278.8958994181288,0.13131159177461643
278.9037704959212,0.3853196349273437
278.9116415737136,0.6824945460634431
278.919512651506,1.0520389155634355
278.9273837292984,1.0884021693081498
278.9352548070908,1.6217166371407747
278.9431258848832,1.3017903336088077
278.9509969626756,0.3197805303657078
278.958868040468,2.592691530904842
278.9667391182604,0.9932559133581258
278.9746101960528,0.7814146003096959
278.9824812738452,0.33291849153713726
278.9903523516376,3.2574704556686966
278.99822342943,0.5083963717616717
279.00609450722243,0.11095121070669173
279.01396558501483,0.9691821154307856
279.02183666280723,2.6842413668396476
279.02970774059963,1.0692135373148637
279.03757881839203,1.6701569348877714
279.04544989618444,0.13329378812139198
279.05332097397684,0.10842786629087195
279.06119205176924,0.1383328135660229
279.06906312956164,0.719107521121369
279.07693420735404,1.981667391153891
279.08480528514644,0.9421836653865244
279.09267636293885,0.8097742034420511
279.10054744073125,0.1316890048794642
279.10841851852365,4.137339328226071
279.11628959631605,0.22338127958482693
279.12416067410845,1.1796475004285571
279.13203175190085,0.11465028258331789
279.13990282969326,0.992236328939859
279.14777390748566,0.3054467901551412
279.15564498527806,0.4749037234381647
279.16351606307046,1.4330085151155356
279.17138714086286,0.10901032079711202
279.17925821865526,0.143236718237465
279.18712929644767,1.8691470312216205
279.19500037424007,0.2595306652338619
279.20287145203247,0.8257105498956732
279.21074252982487,0.4332809617914274
279.21861360761727,0.03179183993757557
279.2264846854097,0.2278512879698955
279.2343557632021,1.3374063573284374
279.2422268409944,0.4413639861579268
279.2500979187868,0.026164881676227117
279.2579689965792,4.806622125864814
279.2658400743716,0.23447438615688476
279.273711152164,0.21853262664324186
279.2815822299564,0.7139219876894237
279.28945330774883,2.2711312908689787
279.29732438554123,0.4853385141875231
279.30519546333363,1.4321333795049271
279.31306654112603,0.6833903945065588
279.32093761891844,0.24082669017633493
279.32880869671084,0.04689968960052932
279.33667977450324,1.8491401673001586
279.34455085229564,0.17106595225414722
279.35242193008804,2.093567834628808
279.36029300788044,2.959911588893793
279.36816408567284,2.1011069733084557
279.37603516346525,1.6035243276927806
279.38390624125765,0.9808534888812535
279.39177731905005,1.8136110286153297
279.39964839684245,0.3895438892039731
279.40751947463485,1.4999629495917262
279.41539055242725,1.6395253476854328
279.42326163021966,0.33584356773970586
279.43113270801206,3.8856703662360657
279.43900378580446,1.688386738445217
279.44687486359686,1.80524102551137
279.45474594138926,0.31133911379870416
279.46261701918166,3.9249794617982534
279.47048809697407,0.18504545076321074
279.47835917476647,0.0959013363889395
279.48623025255887,0.14764731302705977
279.49410133035127,0.5334278062814195
279.5019724081437,1.3192993827732107
279.5098434859361,0.5860686906611293
279.5177145637285,0.3919725244393049
279.5255856415209,3.1002398881145505
279.5334567193133,0.6341560941125176
279.5413277971057,0.8257282006819431
279.5491988748981,0.9812589138374229
279.5570699526905,0.034142595486243876
279.5649410304829,1.9246128468973829
279.5728121082753,0.8454008080849554
279.5806831860677,0.14035413804469926
279.5885542638601,0.4001592908614511
279.5964253416525,3.3887135676315885
279.6042964194449,1.7387493417317808
279.6121674972373,1.0380638166031777
279.6200385750297,1.647352903092221
279.6279096528221,1.6290648994387693
279.6357807306145,2.4683553410290173
279.6436518084069,1.4551978684726339
279.6515228861993,0.28717421179198693
279.6593939639917,0.331234353076568
279.6672650417841,0.5482132553084358
279.67513611957645,1.575607900051232
279.68300719736885,0.08427750119595405
279.69087827516125,1.3987655025225059
279.69874935295366,0.11354795686531155
279.70662043074606,0.39354454553718293
279.71449150853846,1.0530810480331632
279.72236258633086,2.006657345701829
279.73023366412326,0.4280122604264434
279.73810474191566,0.6852417742003463
279.74597581970806,1.1696405720011849
279.75384689750047,0.13322031248176483
279.76171797529287,0.9407807302698595
279.76958905308527,0.28325839334307307
279.77746013087767,0.4621125995206436
279.7853312086701,1.0232233906123267
279.7932022864625,0.26815458052168084
279.8010733642549,1.6796875279271888
279.8089444420473,0.9875869377214431
279.8168155198397,0.07734870498962794
279.8246865976321,1.2203917993494113
279.8325576754245,0.5625420762324509
279.8404287532169,0.9178778440464458
279.8482998310093,2.095719774508465
279.8561709088017,0.44278088370223556
279.8640419865941,0.15878145534186783
279.8719130643865,0.61631668072574
279.8797841421789,0.3042553926523399
279.8876552199713,2.969620149352004
279.8955262977637,0.840899713052586
279.9033973755561,0.7383139921854975
279.9112684533485,1.1350602424747684
279.9191395311409,0.17086917548221828
279.9270106089333,0.43150293721183036
279.9348816867257,0.043952787449482396
279.9427527645181,0.953134359291041
279.9506238423105,0.8742020313052214
279.9584949201029,0.17357987318526932
279.9663659978953,0.1150450882221773
279.9742370756877,1.0615860222060285
279.9821081534801,0.7306365074987078
279.9899792312725,0.33757274907174917
279.9978503090649,0.6271145069005278
280.0057213868573,0.6467149816449392
280.0135924646497,1.1181907686576944
280.0214635424421,0.21377799175087994
280.0293346202345,1.875379471874285
280.0372056980269,0.053007174362900235
280.0450767758193,2.6462837635266228
280.0529478536117,1.6151130398814841
280.0608189314041,1.1305142346350392
280.06869000919653,0.2666715714737964
280.07656108698893,1.7435871918403785
280.08443216478133,0.07832737474192188
280.09230324257373,0.3569480936252961
280.10017432036614,1.624494703127892
280.1080453981585,0.3427081139841798
280.1159164759509,0.9468630342654389
280.1237875537433,0.4652723434516847
280.1316586315357,0.41660899390462247
280.1395297093281,0.9694336269904773
280.1474007871205,0.5891704001233018
280.1552718649129,0.08226193717409948
280.1631429427053,1.1827871848516613
280.1710140204977,0.5574515196112438
280.1788850982901,0.06885869491946121
280.1867561760825,0.3788829955873401
280.1946272538749,0.6022306731123328
280.2024983316673,1.9973874696425902
280.2103694094597,0.9377843143065266
280.2182404872521,0.0023409040825898954
280.2261115650445,0.08541923769345161
280.2339826428369,0.5454480850782236
280.2418537206293,0.8255873061364915
280.2497247984217,0.2239904374958922
280.2575958762141,1.1341072752992836
280.2654669540065,0.8979809375866096
280.2733380317989,1.0386479786027394
280.2812091095913,1.3795087865575513
280.2890801873837,0.21390203893675708
280.2969512651761,0.3212389050930984
280.3048223429685,1.055833645125145
280.3126934207609,2.119027509855452
280.3205644985533,1.9081039250622545
280.3284355763457,0.0852213896160948
280.3363066541381,0.5140735299880499
280.34417773193053,1.806038360920837
280.35204880972293,0.6693384406080836
280.35991988751533,1.3391585474587626
280.36779096530773,1.3417933126391763
280.37566204310014,0.6424323478513426
280.38353312089254,0.20003518097712908
280.39140419868494,0.17421310075091467
280.39927527647734,2.5917820427095664
280.40714635426974,0.9133565897438847
280.41501743206214,0.12209468273849552
280.42288850985454,0.4352575590091112
280.43075958764695,1.1316884200476218
280.43863066543935,1.0969283472220972
280.4465017432317,1.4206462799596733
280.4543728210241,2.481320801320796
280.4622438988165,0.6043836405656094
280.4701149766089,1.847614156598911
280.47798605440136,0.05511055022666536
280.48585713219376,0.13518373577494933
280.49372820998616,0.2755904564703484
280.50159928777856,0.2587552187197098
280.50947036557096,0.7651386287872537
280.51734144336336,0.42125036071579375
280.52521252115577,1.8857854163846959
280.5330835989481,1.942759522985417
280.5409546767405,2.0084973284694376
280.5488257545329,0.5213340842609117
280.5566968323253,3.9113800155167064
280.5645679101177,1.0669920763600533
280.5724389879101,0.9926706895076658
280.5803100657025,0.5677559057304621
280.5881811434949,0.03138376786696056
280.5960522212873,1.9525289669287373
280.6039232990797,1.1065423087013424
280.6117943768721,0.4593897701437693
280.6196654546645,0.40568793153206073
280.62753653245693,0.6614545912674432
280.63540761024933,0.8220925379119127
280.64327868804173,0.0928118698245725
280.65114976583413,0.5900919947970295
280.65902084362654,0.023971657035121552
280.66689192141894,0.23189478213524098
280.67476299921134,1.0213627909563359
280.68263407700374,0.5317821849600456
280.69050515479614,1.5285030578485848
280.69837623258854,1.8063192779556447
280.70624731038095,1.361320999107119
280.71411838817335,1.0686081873348527
280.7219894659657,1.0470968781359051
280.7298605437581,3.034586812718111
280.7377316215505,0.09654620679209572
280.7456026993429,1.9151883722893113
280.7534737771353,0.24275661685423636
280.76134485492776,0.16585698691748296
280.76921593272016,1.1954124242823554
280.77708701051256,0.4706897114220244
280.78495808830496,0.005546434487300066
280.79282916609736,4.660302184210749
280.80070024388976,0.2000920058346644
280.80857132168217,0.20175975949477834
280.81644239947457,0.0699203240693955
280.82431347726697,1.572226792096028
280.83218455505937,0.8479458875564094
280.8400556328518,0.8887859480413128
280.8479267106442,0.7531396628052548
280.8557977884366,1.370614177044548
280.863668866229,0.9078951042759242
280.8715399440214,1.6930061880121188
280.8794110218138,2.212415045696963
280.8872820996062,0.5564877230795173
280.8951531773986,2.8503421162454194
280.903024255191,0.9624912765492167
280.9108953329834,0.3394212498181092
280.9187664107758,0.8933255474882489
280.9266374885682,6.001136009224365
280.9345085663606,2.7289699019423512
280.942379644153,3.8023630364243393
280.9502507219454,0.1469921214344244
280.9581217997378,0.36150709700860595
280.96599287753014,0.3588773885192138
280.97386395532254,0.46527185675594707
280.98173503311494,0.5549896721502671
280.98960611090735,0.046044433648257
280.99747718869975,0.8929732893656094
281.0053482664921,0.5005977176679194
281.0132193442845,0.7162270383028096
281.0210904220769,0.026760236925927956
281.0289614998693,2.9430430231271685
281.03683257766176,4.231337294053633
281.04470365545416,1.852708239805569
281.05257473324656,0.4817257516239264
281.06044581103896,1.1446387426179887
281.06831688883136,0.06259945181201489
281.07618796662376,3.034906943035902
281.08405904441616,0.3745209644580771
281.09193012220857,0.2678559268250005
281.09980120000097,0.3464032293992847
281.10767227779337,0.1330828872934297
281.11554335558577,1.1180050415617908
281.1234144333782,0.18049131459430118
281.1312855111706,0.5792342735306037
281.139156588963,2.265226427606342
281.1470276667554,0.06981775755506608
281.1548987445478,1.2843309518503472
281.1627698223402,0.22610006980940667
281.1706409001326,1.6568302194482505
281.178511977925,0.5893179425523785
281.1863830557174,1.0449459592697896
281.1942541335098,0.4902369133717625
281.2021252113022,0.05730575071117631
281.2099962890946,0.038132757054660626
281.217867366887,0.22402736325537206
281.2257384446794,0.2540726685153206
281.2336095224718,0.9986782893758852
281.2414806002642,0.3224559008943138
281.2493516780566,0.6078120520166652
281.257222755849,0.13919569008262497
281.2650938336414,0.5069113533450934
281.2729649114338,0.0509608462462265
281.2808359892262,0.08837969649979308
281.2887070670186,0.0034047739832590257
281.296578144811,0.42090529804178595
281.3044492226034,0.06760310353041978
281.3123203003958,0.06982011073486567
281.3201913781882,1.5500301126841842
281.3280624559806,0.9644513012093373
281.335933533773,0.3851504720379183
281.3438046115654,1.0938341036735142
281.3516756893578,0.8440495253872781
281.3595467671502,0.3426132197971666
281.3674178449426,0.43736032356334914
281.375288922735,0.18408161609949258
281.3831600005274,0.31999339326085374
281.3910310783198,0.24892265022142238
281.3989021561122,0.013342257457429372
281.4067732339046,0.9031569901019074
281.414644311697,0.4937335259747321
281.4225153894894,1.690260584342255
281.4303864672818,0.15817394768347628
281.4382575450742,1.6654990215288388
281.4461286228666,0.9457162257417087
281.453999700659,0.12646693042963297
281.4618707784514,0.36009501646896513
281.4697418562438,0.32683846023684926
281.4776129340362,0.22094663637397227
281.4854840118286,2.120896584549698
281.493355089621,0.31857867547921537
281.5012261674134,0.07408747840633514
281.5090972452058,1.0955910910652098
281.5169683229982,0.7044809776131487
281.5248394007906,0.3822565422000996
281.532710478583,1.5033190691307639
281.5405815563754,0.18582412926608594
281.5484526341678,1.7024159377792807
281.5563237119602,0.49541085206319396
281.5641947897526,0.8653626020546512
281.572065867545,0.17646148684517204
281.5799369453374,1.0654564434906806
281.5878080231298,0.3918701278869862
281.5956791009222,0.35970661927872083
281.6035501787146,0.030440081011530326
281.611421256507,0.02303496221921476
281.6192923342994,0.929799269898464
281.6271634120918,0.8320841634447853
281.6350344898842,0.3438877190705874
281.6429055676766,0.9318804579499462
281.650776645469,0.16516248966572888
281.6586477232614,2.7641771959819987
281.6665188010538,0.9530334047307565
281.6743898788462,0.20154530712154423
281.68226095663863,0.2443347352780022
281.69013203443103,2.076437200067468
281.69800311222343,0.6310595043094306
281.70587419001583,0.4736125676947424
281.71374526780824,0.6649278367932823
281.72161634560064,0.40283244985722444
281.72948742339304,0.10510542743221635
281.73735850118544,0.049868275591711995
281.74522957897784,0.12938429363409026
281.75310065677024,2.3590249490218165
281.76097173456264,2.441643721676451
281.76884281235505,1.6667092594092638
281.77671389014745,3.3807154485981408
281.78458496793985,0.9323435436275913
281.79245604573225,0.5823180580773979
281.80032712352465,1.3607809359896725
281.80819820131705,0.9467780006549541
281.81606927910946,0.2962677542965491
281.82394035690186,1.5372503571879694
281.8318114346942,0.521032656055487
281.8396825124866,0.22406986352799813
281.847553590279,0.9464244878578759
281.8554246680714,0.505479093646879
281.8632957458638,0.3023140828255237
281.8711668236562,0.0901187090253161
281.8790379014486,0.14662153953795717
281.886908979241,0.7608766293588226
281.8947800570334,0.21899554631590587
281.9026511348258,7.340103534983407
281.9105222126182,0.16919422522396885
281.9183932904106,1.5053259024273504
281.926264368203,2.2286753276418936
281.9341354459954,0.9134811979071314
281.9420065237878,3.9625951148155973
281.9498776015802,3.8897887740768358
281.9577486793726,1.4590400323350876
281.96561975716503,0.16498130105954423
281.97349083495743,1.7184301691249757
281.98136191274983,1.1994185275900846
281.98923299054223,0.050884462536027034
281.99710406833464,2.034592372080196
282.00497514612704,1.0724169024531478
282.01284622391944,1.833398302299988
282.02071730171184,0.825884857063745
282.02858837950424,1.6975424191411357
282.03645945729664,1.4882640849141564
282.04433053508905,0.8795077667650555
282.05220161288145,1.0159255996473249
282.06007269067385,0.18675220790489702
282.06794376846625,2.465200924720689
282.07581484625865,1.3759013745010982
282.08368592405105,0.3633365020430079
282.09155700184346,0.6774805134172186
282.09942807963586,0.3233151438159127
282.10729915742826,0.3108887399159612
282.11517023522066,2.980810134983151
282.12304131301306,1.319012634133831
282.13091239080546,1.0875162062513106
282.13878346859786,0.7715486436750165
282.14665454639027,0.19908370462559702
282.15452562418267,0.36688651863806565
282.16239670197507,1.9760456095776293
282.17026777976747,0.08337218547294839
282.1781388575599,0.642776216393606
282.1860099353523,1.1655067929479277
282.1938810131447,2.2596170047172563
282.2017520909371,0.09828992451972955
282.2096231687295,1.9256388913366185
282.2174942465219,3.1655587855526335
282.2253653243143,1.3681506735734712
282.2332364021067,0.17485589246320302
282.2411074798991,0.2575796453519945
282.2489785576915,1.7431924202703715
282.25684963548383,0.6068659303995118
282.26472071327623,0.5637939593636525
282.27259179106863,0.5299958291578296
282.28046286886104,1.4537527241930834
282.28833394665344,0.030164621458280007
282.29620502444584,0.4937260321472784
282.30407610223824,1.8300715695003136
282.31194718003064,0.6120873740050234
282.31981825782304,1.1105222814758862
282.32768933561545,1.4151107579595656
282.33556041340785,1.0536977866241795
282.34343149120025,0.170891189673069
282.35130256899265,0.19197574209821966
282.35917364678505,0.09834046139550824
282.36704472457745,0.9237342791270474
282.37491580236986,1.111985511702952
282.38278688016226,1.1508703903534057
282.39065795795466,0.5532048269781793
282.39852903574706,0.21804065998353594
282.40640011353946,2.35137890192724
282.41427119133186,1.3992234930429632
282.42214226912427,3.636290398717473
282.43001334691667,0.22625055437255495
282.43788442470907,0.24838127227562143
282.44575550250147,0.06307200567541794
282.45362658029387,1.828385968173936
282.4614976580863,3.3048134091964174
282.4693687358787,0.5883009593055128
282.4772398136711,2.0761497319530378
282.4851108914635,0.29509315997973445
282.4929819692559,2.1481150382240677
282.5008530470483,1.2896443667433695
282.5087241248407,2.045447011734247
282.5165952026331,3.923788022359972
282.5244662804255,1.5907128649451845
282.5323373582179,0.08538898199991829
282.5402084360103,1.6367877014823595
282.5480795138027,1.7927357679926759
282.5559505915951,2.5804738667403035
282.5638216693875,0.17279257682473978
282.5716927471799,1.521657958703722
282.5795638249723,0.5028649158392254
282.5874349027647,1.3484414365368274
282.5953059805571,2.317136391092511
282.6031770583495,1.4322062310512822
282.6110481361419,0.09552547864219875
282.6189192139343,0.43498019432753926
282.6267902917267,0.1833863997144083
282.6346613695191,0.804716919012796
282.6425324473115,0.31445626311502634
282.6504035251039,3.4513970197447494
282.6582746028963,0.5728981701702085
282.6661456806887,0.9042716001291138
282.6740167584811,0.16011925182249617
282.6818878362735,0.0034844930000294534
282.68975891406586,0.7915768426333544
282.69762999185826,1.232242069363674
282.70550106965067,0.1723544402466488
282.71337214744307,0.6006182151702343
282.72124322523547,0.07302492424085591
282.72911430302787,1.210003096029318
282.7369853808203,1.4485023549946974
282.7448564586127,0.7428389484237028
282.7527275364051,0.7479890407281868
282.7605986141975,1.0626300510623452
282.7684696919899,1.8759936074967023
282.7763407697823,0.3364298064081694
282.7842118475747,0.42939990963652747
282.7920829253671,3.089547676347714
282.7999540031595,1.9307750693834436
282.8078250809519,3.2446548670712505
282.8156961587443,4.172178185725189
282.8235672365367,1.7624515261856344
282.8314383143291,3.3732601886204354
282.8393093921215,2.2963408189492682
282.8471804699139,0.2590396473992363
282.8550515477063,0.4145072100704721
282.8629226254987,0.11706027559747025
282.8707937032911,0.4602272284057182
282.8786647810835,0.10700314417713658
282.8865358588759,0.948719171691398
282.8944069366683,0.7798089597345425
282.9022780144607,0.26984326035816747
282.9101490922531,0.6036210896767362
282.9180201700455,0.7117616105665043
282.9258912478379,1.4188972986320527
282.9337623256303,0.12455597107083313
282.9416334034227,0.1391951356039019
282.9495044812151,0.8946609775211594
282.9573755590075,0.9614944323953823
282.9652466367999,0.055749023320409964
282.9731177145923,0.21419747581690785
282.9809887923847,1.4479644222258554
282.9888598701771,0.31959860817262614
282.9967309479695,0.007850829769871365
283.0046020257619,1.6027372878539625
283.0124731035543,1.6397155482915278
283.0203441813468,1.968712673679978
283.0282152591392,1.9280750992319742
283.03608633693153,1.221259987952506
283.04395741472393,0.07431348776579062
283.05182849251634,0.45751926832788264
283.05969957030874,0.47413433290829365
283.06757064810114,1.0923715824440867
283.07544172589354,0.9816554838784457
283.08331280368594,1.400027784547954
283.09118388147834,0.07624235533580881
283.09905495927075,0.8502918162207349
283.10692603706315,0.41365173063036315
283.11479711485555,1.5825905199471921
283.1226681926479,1.2285235982380855
283.1305392704403,0.1474910575929214
283.1384103482327,0.05871847526847383
283.1462814260251,2.689981665532765
283.1541525038175,1.708355754077089
283.1620235816099,0.7025787750932683
283.1698946594023,0.27660735992805147
283.1777657371947,0.20105464367893888
283.1856368149871,0.03295907874108232
283.1935078927795,0.2237798597053664
283.2013789705719,1.5670282661500272
